from,to
1000016,1086501
1000038,777533
1000038,817393
1000038,855817
1000038,168402
1000038,922532
1000051,928639
1000101,370139
1000123,197811
1000123,1138439
1000123,170055
1000202,746614
1000202,1157376
1000202,744929
1000270,691221
1000270,433983
1000270,651010
1000270,824560
1000302,29187
1000302,324604
1000371,112292
1000371,404351
1000371,1118769
1000371,843335
1000371,362815
1000371,858976
1000371,454350
1000371,13751
1000371,379452
1000371,711046
1000392,843335
1000429,914385
1000429,575251
1000463,820148
1000463,858273
1000490,536942
1000495,36337
1000495,341040
1000495,493782
1000506,98093
1000506,565159
1000506,920770
1000506,992792
1000517,848786
1000517,845992
1000519,1160671
1000532,560497
1000551,1072492
1000579,224626
1000588,488393
1000588,940520
1000588,495215
1000649,159881
1000709,271901
1000709,587580
1000709,353565
1000780,1011282
1000780,651486
1000780,1155403
1000780,16017
1000783,550645
1000797,22548
100080,14766
100080,315028
1000834,527889
100087,964043
100088,70323
100088,975890
100097,427996
100097,934570
1001014,554379
1001014,342845
1001083,1032136
1001083,732333
1001083,938923
1001083,576801
1001104,1075032
1001146,31815
1001219,396673
1001219,491391
1001219,558946
1001266,810460
1001266,305466
1001292,144224
1001292,1050201
1001292,757135
1001322,174567
1001325,1033173
1001325,84274
1001325,847881
1001325,734157
1001341,659465
1001341,808483
1001341,19984
1001414,10989
1001414,1131379
1001414,54288
1001414,10635
100146,906329
100146,685743
100146,240350
1001532,721174
1001532,271544
1001532,679966
1001537,1069520
1001537,738472
1001553,257166
1001624,69859
1001624,1140434
1001624,1118769
1001627,889358
1001632,1003351
1001691,150574
1001695,186911
1001695,725691
1001699,408714
1001727,247511
1001727,386870
1001786,269923
1001883,418140
1001883,228454
1001889,375990
1001889,870556
1001889,155638
1001889,220774
1001889,534047
1001889,1047719
1001898,1084515
1001898,71367
1001960,280959
1001960,333841
1001960,613994
1001960,895647
1001960,834278
100197,189789
100197,726219
100197,38377
1002058,326397
1002058,637101
1002058,62877
1002058,1160011
1002059,640021
1002059,640463
1002059,758230
1002059,676231
1002059,465608
1002106,593657
1002115,197559
1002115,523222
1002135,781814
1002135,620653
1002152,383063
1002152,679644
100217,626059
100217,1132829
100217,760449
100217,81566
100217,465971
100217,390236
100217,312997
1002178,731447
1002194,1090482
1002194,763367
1002194,108424
1002194,488099
1002332,1062222
1002351,95913
1002351,284845
1002351,329695
1002351,774218
1002351,301932
1002351,302306
1002358,680809
1002358,489337
1002358,1004454
1002358,544683
1002358,873498
1002358,1075168
1002358,858714
1002435,1081596
1002435,714349
1002452,256709
1002452,943208
1002469,225126
1002478,362563
1002482,962058
1002482,449246
1002482,394399
1002482,871368
1002482,148729
1002482,700511
1002482,890259
1002482,792590
1002537,286663
1002537,605516
1002537,498051
1002537,736011
1002537,492448
1002537,357059
1002540,1005262
1002584,30065
1002584,747765
1002584,137518
1002584,744852
1002584,1097173
1002584,352711
1002584,29530
1002584,813379
1002584,509892
1002584,599392
1002584,654177
1002584,819555
1002584,386870
1002584,452623
1002584,637130
1002584,742053
1002584,70680
1002584,222620
1002584,1005176
1002584,290017
1002584,706108
1002590,1029404
1002721,1109685
1002743,1062752
1002762,654014
1002776,797267
1002797,559943
1002797,776550
1002797,168402
1002877,663415
1002947,450534
1002947,597466
1002947,556993
1002947,387190
1002956,254460
1002956,803946
1002956,1084381
1002956,934098
1002956,916544
1002956,962058
1002956,811022
1002956,693296
1002956,508085
1002956,1082108
1002956,1074193
1002956,418755
100298,1066229
1003067,604828
1003067,379353
1003067,879246
1003067,1142129
1003067,861618
1003067,926394
1003096,627406
1003120,750983
1003120,114090
1003164,857293
1003174,863762
1003176,207552
1003207,275021
1003207,764084
1003207,256532
1003303,683124
1003303,675170
1003303,559943
1003303,441520
1003331,195146
1003331,279651
1003331,10143
1003331,781773
1003331,158638
1003331,547869
1003331,614662
1003331,1165886
1003332,721174
1003332,373722
1003343,517758
1003351,1001632
1003351,938057
1003365,762520
1003377,1052793
1003377,866330
1003431,616049
1003474,1121275
1003474,565159
1003475,762374
1003504,363784
1003504,937884
1003504,709541
1003504,989739
1003504,529048
1003504,559943
1003504,675170
1003504,576215
1003504,110802
1003504,920082
1003504,830674
1003504,95870
1003504,50292
1003504,1099039
1003504,624307
1003504,1067618
1003504,1125853
1003511,524262
1003511,549728
1003511,139748
1003511,1143293
1003511,1166415
1003511,1091878
1003511,846413
1003511,491391
1003514,1067153
1003514,938599
1003514,11200
1003514,742461
1003539,627406
1003596,1100346
1003596,926410
1003596,280344
1003596,967612
1003735,176656
1003735,986812
1003752,866656
1003752,103032
1003752,766347
1003752,656944
1003770,213417
1003770,1004862
1003770,1131841
1003770,179594
100382,1066481
1003847,1087815
1003847,628933
1003859,399895
1003859,278465
1003859,1069899
1003859,1136718
1003859,526871
1003859,772795
1003859,457880
1003859,131053
1003859,960388
1003859,667934
1003859,705953
1003878,359727
1003954,848909
1003954,604828
1003954,559943
1003954,734142
1003954,870785
1003954,1006812
1003954,779220
1003954,554382
1003954,201629
1003954,1086370
100411,284549
1004152,932631
1004152,253885
1004152,762374
1004152,1028762
1004152,717625
1004152,1144719
1004187,777533
1004260,1156367
1004260,399141
1004291,774987
1004302,790082
1004302,481708
1004330,389149
1004330,906978
1004388,133484
1004388,276212
1004388,524116
1004433,218833
1004433,611078
100444,1033173
100444,60478
1004446,745790
1004446,416571
1004446,379567
1004454,325677
1004454,489337
1004454,544683
1004454,107987
1004454,1027744
1004454,1075168
1004454,873498
1004454,858714
1004471,148419
1004477,1016571
1004477,76700
1004477,384846
1004477,304843
1004477,879246
1004477,647703
1004481,461768
1004481,57137
1004481,205015
1004481,711628
1004481,795709
1004517,488592
1004517,14094
1004556,300146
100457,925384
1004584,656425
1004584,995215
1004606,613448
1004606,600199
1004606,554382
1004606,46457
1004606,469581
1004677,1103415
1004750,506803
1004750,228381
1004750,964806
1004750,815697
1004807,436144
1004807,333997
1004807,352295
1004807,672157
1004824,204249
1004824,893345
1004824,1084997
1004824,31093
1004824,90821
1004824,539505
1004824,102093
1004824,210973
1004824,781852
1004838,39093
1004950,510313
100510,919747
100510,774218
1005176,34512
1005176,701365
1005176,1089707
1005176,1002584
1005176,109927
1005176,722538
1005176,909959
1005176,609284
1005176,137518
1005176,168402
1005176,701768
1005176,84315
1005176,474702
1005176,352711
1005176,943564
1005176,597848
1005176,640099
1005176,186078
1005176,637130
1005176,1097173
1005176,452623
1005176,70680
1005176,1062222
1005176,1073209
1005176,810141
1005176,204249
1005176,679966
1005176,586954
1005176,339672
1005176,130966
100519,485598
100519,265667
1005253,422452
1005253,855030
1005253,494241
1005253,985764
1005253,605982
1005253,600955
1005262,749482
1005262,768987
1005262,221724
1005262,386605
1005262,268856
1005262,1094217
1005262,988899
1005262,372227
1005262,89972
1005262,792590
1005262,96727
1005262,243781
1005262,193419
1005262,657192
1005262,1073965
1005262,1066350
1005262,158946
1005262,1088876
1005262,165651
1005262,875887
1005262,843335
1005262,402010
1005262,1158181
1005262,333297
1005262,47185
1005262,989492
1005262,773031
1005262,119440
1005262,718634
1005262,229690
1005262,213663
1005262,102093
1005262,1125194
1005262,428196
1005262,1059392
1005262,554382
1005342,186911
1005342,167726
1005368,679966
1005368,721174
1005368,27781
1005380,334077
1005380,127945
1005380,1160671
1005380,586008
1005380,841523
1005398,741830
1005398,74771
1005398,386870
100544,450827
100544,984451
1005441,559943
1005472,1126948
1005472,431169
1005472,608689
100548,659322
100548,854236
100548,562781
100548,1130650
100548,1057806
1005494,369339
1005518,1003954
100557,792590
1005663,848909
1005710,42645
1005710,1057929
1005710,110301
1005710,237820
1005710,1107609
1005710,699706
1005710,830747
100572,46457
100572,41638
1005726,574392
1005765,169573
1005765,560188
1005772,956584
1005772,995215
1005772,748773
1005772,57526
1005802,1122475
1005802,1030899
1005802,32706
1005802,797552
1005802,574741
1005802,474218
1005802,130045
1005802,1089176
1005802,512801
1005802,1134524
1005886,458127
1005886,479150
1005886,770521
1005895,933810
1005895,603935
1005895,290017
1005895,465608
1005895,1144617
1005895,558946
1005904,43200
1005904,532260
1005968,62524
100600,868734
100600,808094
1006016,818911
1006016,845165
1006028,436940
1006028,457928
1006056,77392
1006103,239041
1006103,152533
1006209,553728
1006209,1011875
1006209,1029416
1006209,1150789
1006211,73155
1006211,93285
1006213,290662
1006213,221759
1006238,601309
1006238,1087642
1006262,688275
1006262,801013
1006280,888566
1006286,859940
1006289,676345
1006329,663243
1006329,247172
1006329,848712
1006329,798502
1006329,187262
1006329,1090020
1006354,955614
1006354,135923
100638,594409
100638,1116352
100638,1016615
1006403,693828
1006403,709700
1006403,448646
1006403,517553
1006403,256532
1006403,528177
1006403,1071636
1006403,400550
1006404,532451
1006430,680339
1006463,36337
1006490,370139
1006490,309335
1006490,983682
1006490,705848
1006496,988002
1006496,652522
1006496,946975
1006496,220155
1006496,642205
1006496,900792
1006496,762985
1006496,42645
1006496,859372
100656,136208
100656,147914
100656,1142663
100656,994364
100656,836234
1006577,137298
1006590,601309
1006634,1096930
1006634,277432
1006686,246900
1006736,1022264
1006812,926410
1006812,186562
1006812,843335
1006812,559943
1006812,1003954
1006812,868383
1006812,1145679
100683,697206
100683,1082418
100685,577778
100685,449384
100685,1016239
100685,1159220
100685,87937
100685,1069483
1006864,168402
1006964,1081804
1007005,854482
1007005,396042
1007051,429499
1007051,16336
1007051,591043
1007051,411589
1007062,867276
1007131,216134
1007131,42645
1007131,1082641
1007163,341346
1007183,1151548
1007197,1140817
1007197,998703
1007197,1089176
1007197,474218
1007262,549259
1007262,576995
1007319,913456
1007322,947288
1007327,198260
1007334,144822
1007378,997943
1007378,386827
1007378,125161
1007416,74871
1007416,136656
1007416,953579
1007416,33988
1007416,955467
1007416,216223
1007420,593155
1007475,346300
1007475,624858
1007491,381502
1007491,248028
1007491,787432
1007491,81281
1007493,386402
1007493,1038971
1007559,360742
1007559,532456
1007559,957719
100756,429995
100756,285185
100756,58241
100756,688275
100756,155178
1007572,900785
1007572,52171
1007572,485070
1007572,655532
1007572,229826
1007686,1073209
1007771,421434
1007771,1007771
1007771,1166930
1007771,93723
1007783,879153
1007783,249291
1007783,841199
1007783,237540
1007783,334177
1007783,754028
1007783,296451
1007833,932631
1007833,1028762
1007895,878963
1007895,1139891
1007906,195858
1007906,1033388
1007906,575891
1007925,660809
1007925,743380
100797,727841
1007999,485598
1007999,559943
1007999,558946
1008000,808094
1008000,868734
1008020,813888
1008020,775527
100809,728740
100809,943451
1008092,834629
1008092,192802
1008092,1032729
1008092,583334
1008092,331386
1008092,591822
1008096,346616
1008096,1103415
1008096,997590
1008096,414919
1008167,1118769
1008167,1082418
1008167,273133
1008167,671272
1008167,279496
1008167,749543
1008167,1082884
1008167,534891
1008167,223484
1008167,386402
1008167,806867
1008257,125699
1008257,274989
1008257,19294
1008257,666164
1008257,885462
1008302,990194
1008302,250050
1008302,516039
1008302,989439
1008314,782726
1008314,319889
1008348,513272
1008392,415417
1008392,757328
1008392,719599
1008439,634126
1008439,770589
1008439,70406
1008439,1060236
1008439,536096
1008440,987768
1008440,1073965
1008440,989492
1008448,305108
1008448,860989
1008543,998662
100868,1160272
1008685,737774
1008703,193558
1008714,1040074
1008714,625670
1008714,433786
1008714,1136943
1008714,850025
1008714,785586
1008760,973794
1008760,868566
1008760,802582
1008760,736644
1008826,964343
1008843,101707
1008850,1166930
1008853,920968
1008853,184343
1008853,481543
1008853,1134112
1008853,28608
1008853,27025
1008853,1066786
1008877,577447
1008920,879690
1008920,903347
1008920,559943
1008920,1079660
1008920,186911
1008920,554382
1008920,652464
1008920,386827
1008920,859498
1008920,252208
100898,1023705
100898,889298
1008993,256201
1009003,213980
1009015,610418
1009015,1094247
1009116,196185
1009116,273700
1009116,352166
1009116,597466
1009134,297299
1009134,869343
1009138,512647
1009138,61852
1009161,830747
1009232,1151548
1009232,338980
1009232,625009
1009232,18319
100924,153226
1009242,300252
1009242,1017710
1009242,70253
1009252,41016
1009264,146011
1009264,377940
1009264,494468
1009264,703922
1009264,804943
1009264,315167
1009264,575444
1009264,458609
1009380,436311
1009380,1118769
1009380,295506
1009380,491999
1009380,747309
1009380,789233
1009386,295362
1009386,592584
1009434,1143862
1009462,1066078
1009533,670402
1009601,640463
1009601,351468
1009601,640021
1009635,706320
1009635,63047
1009635,93363
1009645,921608
1009663,222620
1009663,17323
1009663,391900
1009677,375550
1009682,950008
1009682,1042381
1009682,913507
1009682,16355
1009682,752546
1009682,980926
1009682,822203
1009721,1028762
1009789,895691
1009789,1164377
1009789,305374
1009806,133495
1009806,654639
1009819,552352
1009844,1007051
1009844,971887
1009844,591043
1009895,567178
1009895,227364
1009895,480409
1009895,424459
1009960,762374
1009969,1139837
1009969,320401
1009969,658659
1009969,944520
1009969,1110247
1009969,984180
1009969,276770
1009969,714847
1009994,397114
1009994,549554
1010038,928639
1010090,457662
1010090,274989
1010090,1057259
1010090,119553
101010,257890
101010,524866
101010,994176
101010,270749
1010138,96375
1010141,94728
1010141,946654
1010171,300252
1010171,1017710
1010171,70253
1010248,835033
1010252,776246
1010252,417872
1010296,904323
1010296,956584
1010296,516316
1010296,713986
1010296,1144115
1010327,604828
1010430,1089900
1010438,611078
1010497,649443
1010497,920706
1010497,531333
1010497,870054
1010507,1085949
1010507,115797
1010629,1103931
1010629,566146
1010718,219527
1010798,178810
1011007,394441
1011058,855633
1011121,584500
1011121,249091
1011172,1031538
1011173,207552
1011173,603112
1011203,215023
1011203,624751
1011203,422939
1011203,965613
101121,554153
101121,204645
101121,302051
101121,1002058
101121,843335
101121,559943
1011211,654071
1011211,807029
1011211,655672
101122,29022
1011222,936823
1011222,641377
1011222,594804
1011222,95344
1011222,792590
1011282,683124
1011282,726268
1011282,549182
1011282,652464
1011282,475095
1011282,843335
1011282,728740
1011282,296840
1011282,1044597
1011282,859940
1011282,312408
1011282,693057
1011282,370496
1011282,1081159
1011282,223780
1011282,559943
1011282,771352
1011282,773668
1011282,524374
1011282,932083
1011282,438946
1011282,803946
1011282,186911
101131,803946
101131,559943
101131,253891
101131,652049
1011328,518031
101137,741732
1011521,59627
1011521,695365
1011521,155263
1011521,1144733
1011521,658110
1011521,693057
1011521,859940
1011676,40968
1011676,206379
1011676,696652
1011676,4361
1011676,1035142
1011676,449173
1011676,378924
1011676,747357
1011676,84250
1011676,681017
1011676,338496
1011676,94971
1011676,49678
1011676,689012
1011676,1026121
1011676,518468
1011676,906050
1011676,386402
1011676,53179
1011676,1085509
1011676,449731
1011676,519288
1011676,416364
1011676,288553
1011676,547653
1011676,577982
1011676,371355
1011676,529253
1011676,852742
1011676,520191
1011676,21817
1011676,635030
1011676,96375
1011676,483843
1011676,182509
1011676,842282
1011676,546411
1011676,723803
1011676,511457
1011676,168402
1011676,797537
1011676,1135613
1011676,94562
1011676,306052
1011676,1112044
1011676,875213
1011676,671965
1011676,184986
1011676,329895
1011676,992323
1011703,259649
1011727,349984
1011728,1023158
1011728,689931
1011766,488368
1011766,750072
1011827,943208
1011854,1073209
1011854,624858
1011854,880801
1011854,763127
1011854,842752
1011854,10184
1011854,386402
1011854,83523
1011854,346300
1011854,1012096
1011854,168402
1011854,529253
1011854,806449
1011854,337836
1011854,24895
1011854,1062222
1011854,277693
1011854,612517
1011854,599553
1011875,719334
1011875,351734
1011875,230253
1011875,553728
1011875,1006209
1011938,711814
1011938,774218
1011938,800675
1011955,168402
1011955,777533
1012004,1161613
1012016,421361
1012016,546151
1012016,121830
1012093,933572
1012093,207880
1012096,624858
1012096,842752
1012096,1011854
1012096,612517
1012096,337836
1012113,24370
1012113,1150503
1012127,15071
1012127,1059261
1012127,681819
1012127,476320
1012127,499202
1012127,677452
1012127,1014230
1012127,507994
1012262,356234
1012331,667756
1012331,930278
1012331,618601
1012331,1034375
1012331,559943
1012331,435670
1012331,279245
101236,1103415
101236,1012876
101236,639972
1012387,719312
1012387,475095
1012389,149747
1012389,487077
1012389,809897
1012389,480111
1012484,881039
1012484,452211
1012517,234397
1012521,175979
1012528,619136
1012528,167151
1012586,548923
1012610,127494
1012652,1033173
1012664,171220
1012764,1070273
1012851,23188
1012876,827193
1012876,279628
1012876,106457
1012876,1025326
1012876,922040
1012876,1006964
1012876,35625
1012876,478648
1012876,1112872
1012876,921971
1012876,1103415
1012876,427821
1012876,639972
1012876,1068228
1012927,1066481
1012927,762374
1012952,111387
1012952,724768
1012977,22947
1012977,175405
1012977,486093
1012977,624837
1012985,387994
1013020,432130
1013020,510313
1013020,30767
1013038,1110321
1013040,978039
1013040,799709
1013040,584381
1013040,628248
1013040,715046
1013040,644147
1013052,559816
1013108,473355
1013108,593734
1013132,526047
1013132,997700
1013132,554382
1013141,1071859
1013141,10348
1013143,720403
1013143,911055
1013149,830433
1013149,194432
1013149,643183
1013149,854092
1013149,2486
1013149,919625
1013149,938481
1013149,760377
1013168,384846
1013232,757683
1013232,92162
1013232,308928
1013232,962058
1013232,392254
1013232,842341
1013232,955671
1013232,983657
1013232,485824
1013232,1115765
1013259,1103415
1013272,797800
1013272,853657
1013272,136208
1013272,268669
1013274,848587
1013274,849537
1013274,352991
1013277,468064
1013277,701174
1013277,430632
1013277,114090
1013277,403512
1013294,376170
1013294,4070
1013315,601309
1013376,93094
1013405,146056
1013405,95124
1013405,572147
1013405,1095233
1013405,1137328
1013424,617186
1013424,312710
1013424,168690
1013440,734157
1013440,1067626
1013440,578459
1013471,283542
1013493,7451
1013493,261046
1013507,559943
1013579,287243
1013579,365842
1013579,492312
1013579,936022
1013579,384560
1013579,878859
1013579,942802
1013579,783387
1013579,391575
1013623,446952
1013623,635003
1013623,165264
1013623,438994
1013638,749639
1013638,726233
1013638,1130903
1013638,865901
1013638,50414
1013654,1054307
1013654,1086501
1013670,826942
1013670,864042
1013688,334460
1013688,1118769
1013688,2878
1013688,623609
1013688,1067225
1013688,153508
1013688,386402
1013688,218551
1013688,436197
1013690,346532
1013690,870497
1013708,41770
1013708,223248
1013708,302554
1013712,437623
1013712,792120
1013759,602698
1013881,728740
1013881,266226
1013898,770188
1013898,775012
1014014,150756
1014014,1014014
1014014,413397
1014101,925547
1014101,29460
1014116,1104871
1014116,962058
1014116,216163
1014164,991773
1014164,126071
1014164,1083848
1014164,132032
1014207,511377
1014230,1059261
1014230,929294
1014233,986812
1014233,153015
1014233,842469
1014248,301004
1014248,306562
1014248,623539
1014248,226477
1014248,744372
1014248,37235
1014248,625612
1014248,1125088
1014248,685097
1014248,130041
1014248,594995
10143,279651
10143,673901
10143,235943
10143,559943
10143,643923
10143,547869
10143,781773
10143,409097
10143,736011
10143,1165886
10143,841078
10143,952019
10143,749102
10143,549569
10143,1118769
10143,1019680
10143,454350
10143,843335
10143,614662
10143,310392
10143,874745
10143,9696
10143,58955
10143,674510
10143,881590
10143,409611
10143,1068040
10143,317926
10143,370139
10143,517758
10143,160377
10143,135499
1014316,815697
1014353,682769
1014364,465160
1014364,429995
1014364,498451
101442,168402
101442,1066481
101442,402521
101442,240473
101442,719758
1014447,474218
1014512,500155
1014540,1134946
1014576,739562
1014576,750293
1014585,549259
1014616,1126894
101464,581106
101467,940852
1014695,138926
1014704,778190
1014704,310144
1014704,1035142
1014728,1042162
1014728,998080
1014760,220235
1014760,410843
1014760,519413
1014761,699982
1014848,457808
1014848,777670
1014956,293144
1014956,519270
1014956,429562
1014956,302051
1015048,843335
1015048,907042
1015266,1066909
1015266,890272
1015266,416678
1015405,881021
1015528,71357
101563,424725
101563,665259
101563,290017
101563,635333
1015700,1003859
1015727,258549
1015761,1094217
1015761,96727
1015761,875887
1015822,727186
1015822,85771
1015841,157859
1015851,474975
1015853,320401
1015874,216741
1015933,1133762
1015933,909884
1015933,575202
1015953,586008
1015953,1160671
101597,711046
101597,684362
1015974,1065023
1015974,1139837
1015974,936385
1015974,682597
1016029,989767
1016029,1128112
1016029,1153703
1016029,361391
1016029,357775
1016029,933560
1016038,109952
1016091,498639
1016091,146501
1016091,254251
1016091,668368
1016091,17664
1016181,94584
1016181,498258
1016181,588348
1016181,547139
1016181,174567
1016236,26859
1016236,262753
1016236,765413
1016239,1069483
1016239,433139
1016239,62537
1016239,577778
1016239,100685
1016247,924426
1016269,789126
1016269,183839
1016269,10938
1016269,552797
1016269,725340
1016269,678821
1016269,1141266
1016305,1069760
1016305,769775
1016305,219402
1016305,108413
1016305,67970
1016305,1068894
1016305,878665
1016395,880162
1016396,124661
1016451,922207
1016451,75121
1016463,563500
1016463,907751
1016463,724090
1016463,536203
101647,847881
101647,318434
101647,398186
101647,1033173
1016498,987284
1016498,721442
1016498,1137367
1016500,714848
1016500,385439
1016500,577778
101651,1003377
101651,906050
101651,1052613
1016522,1109480
1016562,387598
1016562,834629
1016571,436638
1016571,82497
1016571,101711
1016571,246370
1016571,76700
1016571,1150054
1016571,879246
1016571,169761
1016571,339892
1016571,366014
1016571,29460
1016571,751959
1016571,907392
1016571,519813
1016571,203460
1016571,293809
1016571,1056994
1016571,308155
1016571,647703
1016571,986271
1016615,879246
1016615,954460
1016615,403182
1016615,1149283
1016615,448646
1016615,129921
1016615,1165523
1016615,100638
1016615,1089707
1016615,481419
1016615,651613
1016615,928639
1016615,604828
1016615,391635
1016615,693828
1016615,517553
1016615,970969
1016615,395425
1016615,550295
1016615,345240
1016615,319226
1016615,216297
1016615,109858
1016615,828996
1016615,806960
1016615,691685
1016615,847828
1016677,551304
1016677,1163139
1016677,8850
1016677,90691
1016693,295001
1016719,840148
1016719,939898
1016719,61008
1016766,882120
1016766,96375
1016766,379626
1016803,879246
1016803,555395
1016803,82497
1016803,76700
1016803,413642
1016803,80159
1016803,27071
1016803,707528
1016803,519813
1016803,444114
1016803,389395
1016803,29460
1016812,524021
1016812,1031988
1016842,884732
1016847,57137
1016847,547905
1016847,47654
1016847,420415
1016847,860601
1016866,930312
1016866,1120342
1016866,62179
1016866,743341
1016866,428133
1016866,574064
1016866,603354
1016930,961095
1016930,116793
1017095,490151
101711,448646
101711,651613
101711,772857
101711,216297
101711,815316
101711,852717
101711,389395
101711,29460
101711,1016615
101711,82497
101711,430645
101711,339892
101711,647703
101711,350106
101711,246370
101711,308155
101711,479851
101711,879246
101711,303356
101711,1130396
101711,534392
101711,771352
101711,1165523
101711,1016571
1017167,943967
1017186,805092
1017186,671272
1017186,292096
1017186,418885
1017186,1121609
1017186,133677
1017186,1126373
1017186,384927
1017186,1082884
1017244,983827
1017244,642205
1017244,293900
1017244,481914
1017244,145687
1017244,181989
1017244,42645
1017256,668368
1017256,685545
1017256,537797
1017256,232132
1017256,731262
1017256,1162755
1017409,567178
1017409,884911
1017409,424459
1017433,663220
1017433,761401
101745,989739
101745,675170
101745,1003504
1017491,346293
1017491,399720
1017491,265549
1017491,602468
1017497,776679
1017497,520037
1017497,786749
1017497,690299
1017542,1126894
1017577,634618
1017583,463258
1017583,938599
1017583,782613
1017694,1118769
1017699,458637
1017699,580161
1017699,113496
1017699,135923
1017699,498228
1017699,1056504
1017699,679955
1017699,764551
1017699,846413
1017699,491391
1017699,743895
1017699,1073209
1017699,813080
1017699,1066674
1017699,922179
1017710,1112044
1017717,1014559
1017717,141817
1017717,635701
1017717,921608
1017744,43200
1017818,79015
1017818,108364
1017818,1147457
1017818,546242
1017818,11640
1017818,197861
1017818,207430
1017900,730082
1018039,747831
1018063,809603
1018066,588871
1018066,397114
1018066,1131051
1018066,1020285
1018066,598076
1018066,908123
1018066,155861
1018072,558140
1018094,76669
1018094,438653
1018105,1162755
1018105,380733
1018105,1017256
1018105,891102
1018105,685545
1018105,232132
1018105,1166415
1018105,651043
1018105,668368
1018260,1113539
1018260,239083
1018260,541185
1018260,911071
1018285,537346
101831,368771
101831,49728
101831,12121
101831,239507
101831,655234
101831,991654
1018316,333518
1018316,932946
1018316,746984
1018316,959251
1018316,606255
1018316,741901
1018316,158309
1018330,877141
1018330,716357
1018333,899745
1018337,684592
1018337,950429
1018337,681254
1018367,61298
10184,1011854
10184,333997
1018413,878545
1018413,152435
1018454,550982
1018454,845354
1018570,832824
1018571,424315
1018621,483727
1018621,664087
1018682,379452
1018705,454350
1018712,782073
1018780,465262
1018780,739790
1018780,1138226
1018780,94024
1018780,57633
1018780,341948
1018780,777356
101885,1141266
1018871,1114153
1018871,540864
1018875,567050
1018875,795667
1018875,290017
1018875,1086501
1018875,709541
1018875,110802
1018875,409787
1018875,536636
1018909,416650
1018951,1131276
1019,1101953
1019,302051
1019,843335
1019,354267
1019,971543
1019048,981275
1019048,1094759
1019048,1048155
1019104,985433
1019115,478128
1019150,766948
1019150,847352
1019150,1152767
1019233,855030
1019233,92378
1019233,261506
1019233,447988
1019233,749325
1019233,386827
1019233,1021687
1019233,884483
1019233,36694
1019233,204645
1019233,559943
1019233,341556
1019259,653878
1019259,836586
1019266,874500
1019279,1043456
1019279,1012876
1019279,497290
1019279,932409
1019279,1103415
1019279,995226
1019279,827193
1019289,327653
1019297,273700
1019297,352166
1019352,228504
1019352,387053
1019352,827580
1019352,963669
1019352,1129978
1019352,1132216
1019377,453102
1019393,1002351
1019393,403698
1019393,1130903
1019393,853194
1019393,1164369
1019393,1114807
1019393,941378
1019427,1005071
1019427,965578
1019441,1063157
1019441,247495
1019441,941719
1019473,1140767
1019473,385659
1019590,517426
1019590,181156
101964,126854
101964,172365
101964,47185
101964,429185
101964,444252
101964,701174
1019680,358049
1019680,10143
1019680,432244
1019680,135499
1019680,440164
1019680,245467
10197,738284
101975,495215
101975,938541
1019845,479851
1019845,1094415
1019845,700262
1019845,610418
1019848,426509
1019848,491823
1019990,438736
1020009,243781
1020071,1002178
1020093,159870
1020093,39168
1020158,163422
1020249,503774
1020249,800711
1020249,1154940
1020285,1018066
1020285,1131051
1020285,908123
1020285,935030
1020285,376368
1020285,27819
1020285,419034
1020285,736455
1020285,89144
1020285,35495
1020380,742593
1020390,148197
102054,50158
102054,968655
1020579,357041
1020601,193419
1020680,859940
1020680,312408
1020719,126266
102079,81474
102079,275239
102079,768680
102093,943876
102093,1033265
102093,165651
102093,844232
102093,1008440
102093,1066350
102093,329191
102093,1029351
102093,213501
102093,1095233
102093,768987
102093,243781
102093,333297
102093,657192
102093,511377
102093,193419
102093,1133793
102093,247793
102093,685545
102093,799015
102093,1157376
102093,250223
102093,386059
102093,1005262
1020956,11713
1020956,164502
1020959,1003207
1020959,936444
1020959,773356
1020959,15869
1021051,722835
1021051,500588
1021051,533251
1021051,386776
1021051,300982
1021101,1105921
1021101,532622
1021101,433183
1021101,231020
1021101,460307
1021128,764084
1021128,452201
1021132,369406
1021132,724767
1021132,420274
1021132,386402
1021132,27781
1021132,430840
1021132,671272
1021132,780681
1021132,564685
1021132,238460
1021132,377273
1021132,1079101
1021132,482612
1021132,272326
1021132,901850
1021138,340479
1021178,914042
1021178,367300
1021178,726981
1021178,201677
1021178,871970
1021193,330828
1021193,792590
1021193,1042601
1021216,291671
102122,1143861
102122,619703
102122,648674
1021259,615458
1021259,500248
1021259,319345
1021291,893546
1021291,737560
1021291,110301
1021291,1057929
1021291,42645
1021291,830747
1021291,988002
1021291,371727
1021291,220155
1021291,699706
1021307,601309
1021320,1153710
1021320,645132
1021320,903110
1021320,260095
1021380,89540
1021380,277432
1021380,658012
1021380,498258
1021380,753117
1021380,853651
1021380,719758
1021398,736011
1021428,1098344
1021468,213013
1021468,995929
1021468,97514
1021468,501005
1021468,230347
1021468,758614
1021468,207572
1021483,329680
1021483,137849
1021530,389711
1021530,855798
1021543,820408
1021543,973522
1021543,354988
1021543,60026
1021543,734157
1021543,857059
1021543,834974
1021543,238055
1021543,73155
1021543,714638
1021543,640021
1021543,550195
1021577,898398
1021577,312408
1021577,229288
1021578,351006
1021601,942802
1021601,408346
1021601,627419
1021601,981849
1021601,29433
1021601,655450
1021601,68093
1021601,11214
1021601,483106
1021601,604669
1021601,676271
1021642,739398
1021642,208525
1021642,683291
1021642,438474
1021642,191342
1021676,968770
1021687,559943
1021692,815697
1021736,473398
1021736,484797
1021736,596758
1021802,969548
1021802,165589
1021802,1116789
1021802,904262
1021802,940286
1021836,71357
1021836,774100
1021836,312408
1021836,475799
1021836,33225
1021836,1033388
1021899,1057145
1021899,559943
1021899,91158
1021899,118540
1021899,923365
1021899,361398
1021930,620581
1021930,559057
1021957,191984
1022004,1139962
1022005,63407
1022005,559943
1022005,261987
1022024,236864
1022024,96375
1022024,216524
1022024,609447
1022024,847352
1022083,856861
1022083,920612
1022083,396988
1022083,257336
1022083,572424
1022083,875852
102209,1066481
102209,1003859
102209,526871
102209,529238
1022175,44502
1022175,353912
1022175,408149
1022175,372829
1022175,189708
1022175,612237
1022175,839768
1022187,1071629
1022187,638924
1022187,305092
1022187,488368
1022187,750072
1022196,171218
1022250,357059
1022250,736011
1022250,871164
1022264,33605
1022264,967205
1022268,329399
102228,1147238
102228,980492
102228,466412
1022354,765472
1022372,1092786
1022402,574392
1022487,842310
10225,667582
10225,848027
1022517,787589
1022549,1094217
1022549,967479
1022549,1072492
1022549,512857
1022549,323611
1022549,469848
1022550,941719
1022550,240692
1022569,211965
1022608,462487
1022608,559943
1022608,1000371
1022608,683124
1022644,111851
1022644,895455
1022644,604548
102272,919716
1022740,1134087
1022740,882561
1022859,24895
1022859,991773
1022859,132032
1022896,242079
1022896,378951
1022896,497552
1022896,463418
1022896,2102
1022896,758353
1022896,892110
1022896,204093
1022896,882120
1022949,112150
1023059,711046
1023059,190099
1023059,112292
1023059,77920
1023059,266424
1023099,559943
1023100,681017
1023113,227315
1023113,707937
1023113,626989
1023113,529543
1023113,773799
1023113,616104
1023131,234399
1023145,933844
1023145,910201
1023145,451104
1023145,848909
1023145,48087
1023145,999057
102324,32679
1023254,681249
1023254,511899
1023254,158937
1023275,434273
1023293,168402
1023373,997723
1023375,554382
1023400,843335
1023400,1050509
1023400,208779
1023400,293144
1023461,1136676
1023461,208525
1023461,738951
1023461,840020
1023461,884102
1023461,222160
1023606,549259
1023606,107150
1023622,1133106
1023648,843335
1023661,369985
1023661,879510
1023661,1124080
1023661,229652
1023705,620883
1023705,671057
1023715,601343
102375,1139928
102375,762281
1023798,694855
1023798,488234
1023798,220970
1023798,976337
1023798,299316
1023798,939898
1023798,774328
1023964,329372
1023964,35565
1023964,206000
1023964,1040570
1023964,692636
1023964,619778
102397,620893
1023999,132804
1023999,119262
1023999,13047
1023999,975655
1024045,92780
1024045,41191
1024045,1047719
1024276,1106977
102428,890259
1024311,453875
1024349,210973
1024349,282731
1024349,959426
1024349,875313
1024349,348738
1024349,193419
1024349,875887
1024350,1156397
1024486,286370
1024499,936328
1024570,896993
1024577,1157376
1024577,217785
1024580,437471
1024580,268345
1024580,554382
1024580,87746
1024580,771352
1024580,695690
10246,350430
1024625,577982
1024625,493500
1024646,1164251
1024660,375220
1024660,1133682
1024660,855817
1024660,168402
1024660,466412
1024660,759765
1024660,300792
1024660,1114811
1024679,1088534
1024679,187827
1024679,839621
1024679,786492
1024686,718837
1024686,208610
102471,499280
102471,69676
102471,750293
102471,392225
102471,68517
102471,960278
102471,1014576
102471,102471
1024755,342216
1024755,888756
1024755,1150361
1024772,920968
1024772,676526
1024772,711842
1024772,408102
1024784,550221
1024784,1138445
1024784,955404
102493,870131
102493,364999
102493,1062222
102493,697556
1024932,207880
1025040,336086
1025040,679370
1025040,765617
1025040,895691
1025071,923850
1025136,674510
1025136,610856
1025136,938090
1025136,781773
1025136,619211
1025136,1087305
1025139,678895
1025152,17959
1025152,702117
1025260,648382
1025260,922899
1025260,248170
1025260,275279
1025271,495001
1025315,1125612
1025315,86963
1025315,724798
1025357,768327
1025357,738592
1025357,1138355
1025357,903155
1025357,995215
1025357,769025
1025357,812341
1025364,67970
1025364,225117
1025406,893825
1025406,95913
102542,290017
102542,4179
102542,33605
102542,617496
102542,1082884
102542,693963
102542,479851
102542,95739
102542,216223
102542,386870
102542,771352
102542,386827
1025494,581106
1025514,779671
1025514,665810
1025545,696010
1025545,812341
1025545,138862
1025545,1077960
1025545,853945
1025545,745739
1025545,788410
1025545,934782
1025545,558404
1025545,581074
1025545,520828
1025545,851103
1025545,501160
1025545,1149506
1025545,780037
1025545,747405
1025626,96375
1025631,762374
1025661,40968
1025661,386402
1025691,728397
1025752,910537
1025872,845354
1025872,1028138
1025872,680063
1025872,550982
1025884,1091651
1025890,938599
1025986,824598
1025986,58421
1025986,763932
1025986,525393
1025986,361733
1025989,550982
1025994,762374
102600,188274
1026076,676231
1026114,445547
1026114,483304
1026121,689047
1026121,305839
1026121,27807
1026121,72265
1026121,682485
1026121,962419
1026121,773158
1026121,959625
1026121,689012
1026121,569085
1026121,299660
1026121,512568
1026121,658057
1026121,443622
1026121,943699
1026121,901725
1026121,1087276
1026121,482420
1026121,1117259
1026121,623271
1026121,127016
1026121,1135613
1026121,14001
1026121,50378
1026121,820275
1026121,206379
1026121,1117007
1026133,564726
1026133,1135674
1026133,97229
1026206,841661
1026206,211622
1026304,184986
1026304,695456
1026304,934144
1026304,875573
1026304,585248
1026330,888539
1026330,394579
1026330,276770
1026330,1126223
1026330,211965
1026393,215825
1026393,388613
1026466,707161
1026466,559943
1026466,843335
1026514,8975
1026514,693720
1026514,197964
1026521,889716
1026546,777533
1026546,204249
1026546,168402
1026592,231888
1026592,311439
1026654,515816
1026654,668503
1026654,750595
1026662,588431
1026662,859940
1026687,857336
1026687,404351
1026718,320628
1026725,358819
1026725,640099
1026725,471407
1026725,1062222
1026725,1210
1026725,27781
1026740,306217
10268,134788
10268,650399
1026899,549259
1026899,603207
1026948,503430
1026948,882561
1026948,718062
1026948,357378
1026948,1157440
1026963,809544
1026963,526910
1026963,149877
1026981,850830
1026988,144608
1026988,846115
102700,1118769
1027034,327847
1027039,514497
1027039,949941
1027039,556001
1027039,186078
1027039,695091
1027039,46793
1027050,560979
1027050,229178
1027050,386402
1027050,1159628
1027050,1143926
1027050,908417
1027050,552133
1027050,918941
1027050,865900
1027050,294226
1027050,478977
1027050,219568
1027050,855655
1027061,718455
1027061,908263
1027069,875573
1027069,982186
1027069,1026304
1027069,934144
1027213,591910
1027231,1089176
1027275,977719
1027275,793397
1027275,213417
1027343,899374
1027389,383063
1027442,128916
1027444,559927
1027444,859372
1027444,907849
1027444,878788
1027444,642205
1027444,312517
1027444,123943
1027444,900792
1027444,195630
1027444,677447
1027444,858767
1027444,225096
1027444,763932
1027444,685013
1027484,432072
1027484,95099
1027484,639071
1027484,339892
1027484,29460
1027552,771352
1027552,1161613
1027552,671272
1027552,510313
1027552,479851
1027552,386827
1027552,709953
1027552,290017
1027552,389395
1027552,386870
1027569,542702
1027569,947288
1027633,1046363
1027633,46545
1027633,483237
1027633,647141
1027638,1094759
1027638,96170
1027725,1114920
1027725,994962
1027725,771352
1027725,811976
1027725,113915
1027725,553254
1027725,717569
1027749,372159
1027749,604828
1027749,158891
1027749,671468
1027749,76700
1027749,409941
1027761,775258
1027766,704573
1027791,792762
1027791,591822
1027791,1131966
1027791,781384
1027839,159049
1027876,825272
1027876,61145
1027876,14766
1027876,830984
102790,623920
102790,747987
1027933,1058995
1027933,822203
102795,812341
102795,524295
102795,738010
102795,96375
102795,248061
1027986,1000495
1027986,17187
1027986,517758
1027986,341040
1027995,626189
1027995,772316
1027995,72536
1027995,176386
1027995,1100346
1027995,192823
1027995,11801
1027995,755833
1027995,903825
1027995,223261
1027995,118859
1027995,113998
1027995,547404
1027995,17959
1027995,35267
1027995,585218
1027995,130751
1027995,967612
1027995,281300
1027995,333270
1027995,111302
1028011,826859
1028015,334720
1028015,769303
1028015,81699
1028071,781797
1028138,23188
1028138,518429
1028138,470960
1028214,765343
1028214,1107554
1028214,108095
1028214,357153
1028229,571882
1028233,1108562
1028233,411516
102828,660427
102828,823032
102828,646481
102828,1044597
102828,470894
102828,831179
1028390,108095
1028390,765343
1028390,901309
1028390,520035
1028407,588245
1028407,1103751
1028407,408289
1028407,512746
1028438,791911
1028528,914229
1028528,711046
1028528,736922
1028528,112292
1028557,719324
1028557,105874
1028557,528177
1028557,49373
1028557,413046
1028557,405190
1028680,559943
1028680,843335
102869,812252
1028725,847352
1028762,117201
1028762,647671
1028762,529648
1028762,1004152
1028762,762374
1028762,876759
1028762,1007833
1028762,1009721
1028762,655234
1028762,821854
1028762,542305
1028762,772795
102879,920968
102879,15234
1028852,652442
1028852,1008302
1028949,988002
1028949,1032521
102895,954221
102895,528177
1028970,416678
1028970,890272
1028970,431810
1029042,402521
1029042,853945
1029070,485070
1029079,144910
1029079,354189
102908,760449
102908,972896
1029201,900785
1029201,655532
1029201,52171
1029208,401211
102923,144608
102923,201041
1029265,1108515
1029265,835071
1029265,927264
1029265,1131939
102930,1160671
1029305,668368
1029305,835985
1029305,980540
1029305,976956
1029305,544734
1029305,918094
1029305,60685
1029305,626338
1029305,1073209
1029324,227972
1029324,981778
1029330,654233
1029330,361334
1029351,1094217
1029351,229690
1029351,102093
1029351,113514
1029351,875887
1029351,96727
1029351,989492
1029351,613749
1029358,800585
1029358,186277
1029358,958697
1029358,1046977
1029380,33605
1029380,848909
1029380,559943
1029380,843335
1029380,74771
1029394,216047
1029394,1160718
1029402,34052
1029402,796394
1029402,574741
1029403,412409
1029404,433139
1029404,95553
1029404,786094
1029404,64531
1029416,1006209
1029416,534224
1029422,711407
1029422,16668
1029422,409779
1029580,555395
1029586,601309
1029586,573171
1029642,1128312
1029711,559766
1029711,859372
1029711,1085949
1029711,81556
1029721,790078
1029721,953579
1029721,119355
1029797,1030728
1029878,390210
1029878,901758
1029897,802294
1029897,102093
1030026,206876
1030120,287495
1030120,108131
1030120,369922
1030137,178930
1030153,376483
1030153,1094587
1030287,1139928
103030,601578
1030314,656343
103032,1003752
103032,372200
103032,103289
103032,300814
103032,1053400
103032,543996
103032,322391
103032,1142306
103032,165589
103032,20075
103032,655234
103032,350542
103032,484797
103032,1070774
103032,645529
103032,933501
103032,838365
103032,1116789
103032,236734
103032,252297
103032,290017
103032,772795
103032,976788
103032,762374
103032,386827
1030378,1083323
1030388,949080
10304,507942
10304,556267
1030512,436622
1030512,775012
103054,394441
103054,827580
103054,690675
103054,95160
103054,762798
103054,439342
103054,1000371
1030613,1069520
1030688,468551
1030688,237567
1030688,707877
1030688,239066
1030688,1134524
1030719,825985
1030728,1029797
1030728,317241
1030777,621128
1030822,374066
1030822,605516
1030822,69594
1030822,736011
1030822,535326
1030822,357059
1030822,492448
1030836,1095019
1030836,452057
1030836,33225
1030836,855488
1030836,1059424
1030836,95870
1030899,1122475
1030899,512801
1030899,130045
1030899,688148
1030899,173459
1030899,736508
1030899,32706
1030899,1005802
1030899,9009
1030899,1089176
1030899,132163
1030899,378516
1030899,387147
1030899,1040074
1030899,1115755
1030899,1134524
1030942,1141266
1030993,360740
1030998,778288
1030998,936074
1030998,581106
1030998,1150142
1031024,144733
1031071,420851
1031082,797800
1031099,715447
1031099,248878
1031099,304843
1031099,217615
1031099,384846
1031099,1149283
1031125,295337
1031204,1080967
1031204,113857
1031204,766352
1031204,834652
1031204,836718
103122,1103415
1031257,772795
1031322,939945
1031322,992792
1031322,715372
1031322,601735
1031322,1082418
1031337,895603
1031337,745790
1031377,610644
1031377,934513
1031377,122676
1031377,633823
1031377,1042601
1031377,959546
1031377,859214
1031538,1011172
1031538,1082418
1031538,916775
1031538,824964
1031538,843335
1031538,268548
1031538,520828
1031538,932956
1031538,1082884
1031546,491823
1031558,325068
1031558,421198
1031582,369828
1031617,1122475
1031617,1031617
1031617,165837
1031617,962042
1031617,574741
1031617,683124
1031617,956949
1031623,1126948
1031623,525335
1031623,1094759
1031650,82980
1031721,372200
1031721,1028762
1031721,126955
1031749,451792
1031749,290017
1031749,1042619
1031749,554382
1031749,786938
1031749,301573
1031749,415333
1031749,184543
1031778,124016
1031778,384144
10318,193169
10318,355265
10318,744929
10318,662966
10318,240454
10318,852601
1031810,920633
1031816,821960
1031816,1141266
1031816,339538
1031816,832524
1031816,257890
1031816,959625
1031851,118271
1031851,850138
1031886,388102
1031886,2296
1031927,427997
1031935,64442
1031935,800619
1031935,309181
1031935,127042
1031935,944598
1031935,257336
1031935,46545
1031935,889010
1031945,852035
1031945,750198
1031945,284845
1031972,878351
1031972,667274
1031972,784003
1031972,623557
1031972,76577
1031972,165023
1031972,554496
1031972,79977
1031988,524021
1031988,28019
1032052,707937
1032052,1023113
1032052,320154
1032052,616104
1032052,407691
1032052,626989
1032052,1062752
1032052,577926
1032052,266194
1032136,915628
1032136,1001083
1032136,1097149
1032136,372227
1032201,184986
1032249,786492
1032249,547985
1032269,124016
1032269,861059
1032269,195253
1032294,1017710
1032294,893011
1032294,300252
1032294,70253
1032334,334720
1032334,81699
1032334,906329
1032349,881098
1032349,549653
1032376,1071958
1032376,266194
1032376,702012
1032376,769303
1032376,240350
1032376,81699
1032376,103317
1032459,837033
1032459,401062
1032459,957275
1032459,309936
1032459,974221
1032459,828143
1032459,886647
1032494,458523
1032494,805092
1032494,386402
1032494,62420
1032494,824351
1032494,177565
1032494,671272
1032515,27781
1032515,168402
1032515,786492
1032521,1028949
1032529,190701
1032529,80490
1032529,412043
1032529,1035012
1032529,1102943
1032529,30767
1032529,899080
1032620,81474
1032620,669086
1032696,689424
1032696,452231
1032696,181322
1032696,513405
1032696,627133
1032703,99187
1032729,360742
1032729,395678
1032729,582073
1032729,135833
1032729,792762
1032729,161063
1032729,592674
1032729,51802
1032729,1008092
1032782,386870
1032782,480611
1032782,804954
1032782,756717
1032782,222620
1032782,28149
1032782,303407
1032782,1127813
1032782,1096557
103280,769552
103280,376281
103280,469743
103280,1113257
103280,843335
103280,468933
103280,357737
103280,279569
103280,723141
1032827,596578
1032835,149052
1032883,517553
1032883,130966
1032883,989885
1032883,942774
1032883,1149283
1033006,89447
1033075,268502
10331,559943
10331,661652
10331,825985
10331,783654
10331,883392
10331,526871
10331,376483
1033112,182682
1033112,1028455
1033120,1122994
1033120,843335
1033120,1135327
1033120,385098
1033121,945988
1033121,500244
103317,1032376
103317,240350
103317,401217
103317,507942
103317,685509
103317,702012
103317,1071958
103317,39408
103317,191623
1033173,1096557
1033173,9243
1033173,847881
1033173,404960
1033173,60478
1033173,1064432
1033173,1001325
1033173,771352
1033173,734157
1033173,775386
1033173,943849
1033173,132544
1033173,206310
1033173,206928
1033173,610095
1033214,447728
1033216,713986
1033216,606729
1033216,565421
1033230,367293
1033230,710473
1033230,1069520
1033230,1147411
1033230,938599
1033230,646238
1033230,386402
1033230,146884
1033230,601132
103325,699706
103325,220155
1033250,685815
1033261,332387
1033261,72265
1033261,420178
1033261,689012
1033261,228676
1033261,805876
1033261,282410
1033261,210330
1033261,529961
1033265,333297
1033265,102093
1033265,1133793
1033265,844232
1033265,428196
1033265,875887
1033265,247793
1033265,768987
1033265,413901
1033265,657192
1033265,243781
1033265,213663
1033265,718634
1033265,841548
1033310,798963
1033388,1139928
1033388,109313
1033388,773112
1033388,771352
1033388,402834
1033388,226284
1033388,971748
1033388,33605
1033388,1081159
1033388,1094415
1033388,705766
1033388,554382
1033388,10957
1033388,703139
1033388,479851
1033388,91065
1033388,740699
1033388,662331
1033388,762281
1033388,630486
1033388,929510
1033388,796159
1033388,943564
1033388,617496
1033388,490151
1033388,610418
1033388,386827
1033388,903347
1033388,345508
1033388,178898
1033388,385406
1033388,56816
1033394,790516
1033445,170837
1033450,207552
1033450,415015
1033450,516767
1033450,427997
1033450,795168
1033450,913290
1033450,527889
1033450,1033450
1033457,930278
1033576,216741
1033677,345240
1033677,531413
1033677,1122778
1033677,693828
1033677,386870
1033677,980040
1033677,290017
1033813,262640
1033813,745994
1033813,476634
1033832,763245
1033832,1154461
1033832,699070
103391,394579
1033996,788274
1034016,807158
1034016,896342
1034016,212204
1034016,476611
1034134,941522
1034250,1034250
1034299,186203
1034327,813514
1034327,198720
1034334,170357
1034334,457151
1034334,700577
1034334,293900
1034334,861498
1034334,668252
1034334,88243
1034334,42645
1034359,917934
1034366,791986
1034375,600199
1034375,462487
1034375,94816
1034375,290017
1034375,812341
1034375,705180
1034375,242804
1034375,1081159
1034375,559943
1034390,897168
1034457,158946
1034457,642955
1034457,1058156
1034457,161447
1034467,642975
1034467,907922
1034467,327083
103447,1099793
1034506,549652
1034506,734157
1034506,57644
1034511,386402
1034540,1017366
1034540,222972
1034540,807708
1034602,554382
1034602,309880
1034602,425909
1034682,709527
1034682,290017
1034682,535212
1034682,800125
1034682,112062
1034741,500953
1034753,792590
1034754,368073
1034754,131529
1034754,738143
1034810,742307
1034810,1118769
103484,57052
103484,254580
103484,627206
103484,614279
1034867,519270
1034867,220642
1034945,576474
1034948,1118769
1034948,301176
1035012,76275
1035012,1032529
1035012,588364
1035012,328170
1035031,89540
1035102,74109
1035102,1054928
1035138,1729
1035138,688765
1035138,27362
1035142,16024
1035142,6375
1035142,270432
1035165,372200
1035227,94816
1035227,386827
1035227,145724
1035227,423610
1035227,390308
1035227,721174
1035227,1062222
1035227,386870
1035227,346846
1035227,290017
1035320,1080006
1035320,369729
1035320,797925
1035320,1065126
1035320,1151969
1035320,1061699
1035320,1024486
1035320,329191
1035320,408821
1035320,448493
1035320,854610
1035375,845354
1035427,222620
1035427,1156731
1035427,604828
1035427,989753
1035427,1138617
1035427,664426
1035427,29530
1035427,476330
1035427,676717
1035427,429498
1035441,70248
1035441,1044476
1035441,1058910
1035441,25103
1035524,270851
1035652,796474
1035671,311260
1035671,284549
1035671,355827
1035671,527991
1035671,62246
1035671,569480
1035671,961686
1035671,12275
1035671,812288
1035671,115181
1035855,388477
1035855,36337
1035855,1149506
1035855,530952
1035855,54522
1035875,68633
1035875,275243
1035891,1103415
1035891,369035
1035891,639972
1035891,581828
1035971,182509
1035971,1039414
1035971,1112044
1035971,797537
1035971,386402
1035971,290278
1035974,942033
1035974,944185
103600,967536
103600,274989
1036071,1103415
1036089,554382
1036132,282682
1036132,1063410
1036132,1089279
1036132,1042473
1036163,923365
1036184,189488
1036184,981590
1036184,969177
1036184,866515
1036185,1147457
1036186,736905
1036223,865010
1036234,110802
1036234,768464
1036378,980429
103646,1137988
103646,795168
103646,207552
103646,956474
103646,531834
103646,286528
1036484,21971
1036486,835913
1036486,1095560
1036486,528508
1036486,842070
1036486,304498
1036486,899374
1036567,651361
1036603,796159
1036610,215716
1036610,114090
1036610,501160
1036649,363095
1036649,223295
1036701,223295
1036769,659769
1036769,1013020
1036769,206644
1036769,30767
1036769,492673
1036769,995197
1036769,510313
1036769,558834
1036769,1116795
1036800,760873
1036828,682914
1036828,626001
1036828,958160
1036828,442217
1036828,610418
1036828,627406
1036828,935450
1036828,200368
1036828,808493
103685,642587
103685,498258
103685,3894
103685,408736
1036860,155417
1036860,216886
1036860,376972
1036860,386827
1036860,610095
1036860,324367
1036860,609002
1036860,591191
1036860,267227
1036860,477272
1036860,545363
1036860,455803
1036860,771979
1036860,655672
1036860,268502
1036917,197264
1037022,569085
1037022,547653
1037054,94816
1037054,477643
1037054,743908
1037054,916184
1037054,494241
1037054,993661
1037054,848909
1037081,312408
1037081,51114
1037081,436306
1037081,183358
1037081,588431
1037081,646481
1037100,95099
1037163,703466
1037185,544752
1037223,580400
1037223,976522
1037224,484842
1037254,277575
1037271,832195
1037412,1115322
1037412,737504
1037485,1161161
1037580,588446
1037580,561272
1037580,116055
1037580,971223
1037604,410843
1037604,50960
1037604,404351
1037604,946007
1037608,549376
1037616,960278
1037616,109013
1037616,672024
1037616,877288
1037616,654177
1037616,949941
1037624,1000115
1037624,457454
1037624,1071629
1037624,844385
1037624,1104008
1037624,790939
1037624,771352
1037624,793108
1037627,878788
1037669,781380
1037669,175054
1037679,679966
1037679,306031
1037679,759765
1037679,187827
1037679,1052392
1037681,618048
1037681,419539
1037705,704801
1037705,1144196
1037705,943876
1037705,1033265
1037714,952940
1037718,572147
1037718,807908
1037817,168402
1037817,885102
1037847,1149283
1037847,480481
1037847,484442
1037847,692130
1037847,656684
1037847,604828
1037849,812341
1037849,1149506
1037849,958349
1037849,788410
1037849,311883
1037862,565610
1037862,913429
1037862,5908
1038004,449173
1038004,283542
1038004,625381
1038004,997962
1038068,83795
1038155,90622
1038155,642205
1038295,1103415
1038295,457928
1038295,305676
1038295,264863
1038295,63658
1038296,412178
1038296,223366
1038331,843171
1038331,865358
1038331,1076418
1038331,1164050
1038331,234137
1038331,759813
1038331,136208
1038331,694232
1038383,406300
1038398,798796
1038398,554382
1038398,427919
1038415,1086226
1038415,1132467
1038415,413642
1038427,1042250
1038488,830159
1038488,120295
1038500,695365
1038500,35750
1038500,467205
1038500,859940
1038500,312408
1038500,843335
1038526,57526
1038526,458637
1038526,243054
1038526,679817
1038526,386870
1038529,874745
1038579,136349
1038579,557486
1038579,246646
1038579,324023
1038585,544378
1038608,526871
1038649,434418
1038684,1013405
1038684,218207
1038684,192536
1038684,128895
1038784,146047
1038784,788603
1038784,896066
1038807,593007
103881,906050
1038858,780037
1038971,282682
1038971,1076982
1038971,418400
1038971,286222
1038971,1114657
1038971,83288
1039008,628248
1039008,312393
1039017,393685
1039017,458127
1039017,821029
1039044,505086
1039044,1031322
1039044,179270
1039123,294918
1039218,275161
1039218,1033388
1039218,28265
1039218,1094415
1039218,444420
1039218,754461
1039218,202510
1039219,1076920
1039219,193419
1039219,386605
1039219,1158181
1039219,802448
1039219,94196
1039261,893677
1039291,845354
1039291,585648
1039302,526871
1039305,427931
1039305,624327
1039305,527501
1039305,631406
1039305,537718
1039305,435435
1039314,145447
1039321,377442
1039321,1139891
1039321,626694
1039321,169093
1039321,830780
1039321,91685
1039321,1149219
1039321,461493
1039321,757135
1039321,95405
1039321,878963
1039321,952754
1039321,902973
1039321,890259
103939,828282
103939,298406
10394,864042
1039414,671272
1039414,1087424
1039414,386402
1039414,182509
1039419,594096
1039538,489162
103962,1073209
103962,416112
1039627,954883
1039627,284436
1039627,212671
1039679,795494
1039760,729356
1039820,989577
1039820,937846
1039820,417789
1039840,449731
1039840,779477
1039840,1111400
1039840,157349
1039840,332363
1039840,1133682
1039854,119553
1039856,811639
1039900,194173
1039900,688578
1039900,1087424
1039944,230202
1039944,528177
1039944,928639
1039944,679966
1039944,27781
1039944,1062222
1039944,70237
1039944,1135613
1039944,557912
1039944,1089707
1039953,413397
1039974,860965
1039974,611921
1040021,951584
1040038,530983
1040038,386402
1040038,277693
1040038,647202
1040038,833934
1040038,656343
1040038,390052
1040047,124503
1040065,399262
1040065,497636
1040065,848843
1040065,1085162
1040065,378449
1040065,718393
1040065,531007
1040065,513456
1040065,812341
1040074,1122475
1040074,1136943
1040074,433786
1040074,15704
1040074,785586
1040074,1089176
1040078,77059
1040078,187919
1040078,597637
1040078,48599
1040078,338575
1040078,580287
1040078,1107964
1040078,64531
1040078,775108
1040078,114791
1040078,60154
1040078,277216
1040078,824685
1040078,717692
1040236,300252
1040236,70253
1040236,353259
1040236,941646
1040236,1017710
1040236,204743
1040320,874226
1040320,401240
1040320,954262
1040437,955375
1040441,647916
1040441,919715
1040441,582417
1040477,930691
1040510,824533
1040510,88801
1040510,104167
1040521,1082418
1040521,1118769
1040541,1142678
1040541,1156271
1040541,66804
1040541,615410
1040549,614653
1040570,1023964
1040570,559943
1040570,714368
104058,457928
104058,478648
1040609,756126
1040609,360740
1040609,658012
1040609,827580
1040609,277432
1040641,845354
1040646,817022
1040646,79091
1040646,618087
1040646,77173
1040646,190691
1040710,292824
1040710,78761
1040710,577452
1040710,718393
1040746,762374
1040746,821854
1040746,697260
1040750,1058848
1040750,488194
1040750,504774
1040750,151444
1040786,1081769
1040786,27781
1040786,1054517
1040792,162133
1040792,459114
1040792,454350
1040805,315078
1040805,547828
1040807,46545
1040926,411589
1040926,591043
1040926,802718
1040926,497636
1040926,643351
1040926,212524
1040926,370853
1041093,779220
1041093,604828
1041093,559943
1041093,700361
1041093,260804
1041133,89253
1041133,506332
1041161,914310
1041183,77428
1041183,994516
1041183,990774
1041183,744439
1041215,540122
1041215,592720
1041215,574454
1041215,848909
1041215,419462
1041215,179648
1041215,894679
1041215,1118769
1041215,1117898
1041215,898717
1041215,630825
1041215,492448
1041221,568893
1041221,959839
1041221,1034091
1041221,737236
1041221,836833
1041221,721988
1041325,1145738
1041325,704801
1041325,823456
1041325,875887
1041325,1123245
1041325,963674
1041325,442567
1041325,1072492
1041325,608615
1041325,1094217
1041325,468550
1041363,907370
1041363,688765
1041418,117036
1041490,627838
1041490,674768
104167,88801
104167,824533
1041713,23532
1041744,416554
1041744,1151860
1041774,72265
1041774,282410
1041811,958697
1041811,254048
1041811,276307
1041811,1044271
1041811,309198
1041811,506332
1041811,588390
1041811,857956
1041811,800585
1041811,102827
1041811,1046977
1041811,186277
1041811,577710
1041811,266238
1041811,560566
1041811,358912
1041811,386402
1041811,244533
1041811,511457
1041821,923365
1041881,416364
1041904,503521
1041904,886069
1041904,773518
1041904,64045
1041904,1109134
1041904,961688
1041904,886073
1041904,21318
104192,42645
1042069,647627
1042069,1073572
1042069,1104990
1042069,687813
1042069,952382
1042069,647332
1042069,852140
1042069,912642
1042069,222814
1042069,1063300
1042072,622407
1042072,628248
1042072,381618
1042072,742606
1042072,1159073
1042072,312393
1042107,1044531
1042107,349984
1042107,118272
1042250,734157
1042250,122000
1042250,84094
1042250,1068169
1042250,718393
1042250,88485
1042250,235101
1042250,694027
1042250,596158
1042250,688459
1042250,517540
1042250,550981
1042280,145543
1042280,94816
1042280,771352
1042280,828980
1042280,76718
1042301,156432
1042301,596158
1042359,233515
1042359,242813
1042359,239583
1042359,942007
1042359,940114
1042380,992323
1042380,1046977
1042380,390305
1042380,22107
1042380,800585
1042380,200935
1042380,588390
1042380,145568
1042380,154537
1042441,653320
1042441,671272
1042441,168596
1042441,386402
1042441,822749
1042445,652723
1042445,697260
1042449,408346
1042449,942802
1042449,68093
1042449,127714
1042449,370281
1042449,735770
1042473,1114657
1042473,599364
1042473,282682
1042583,887528
1042583,309198
1042583,414949
1042583,958697
1042583,276307
1042601,280620
1042601,559943
1042601,936823
1042601,158788
1042601,792590
1042601,871368
1042601,1157972
1042601,700511
1042601,174095
1042601,567692
1042627,685013
1042627,792932
1042639,27085
1042639,27781
1042666,1086501
1042716,472857
1042716,880963
1042716,240350
1042716,334720
1042716,753852
1042716,451324
1043006,480220
1043006,1146361
1043013,175429
1043013,854919
1043013,580596
1043018,554382
1043018,559943
1043042,279569
1043280,424459
1043307,81474
1043307,488099
1043307,1128904
1043307,463630
104333,461077
104333,691305
104333,980321
104333,1167160
104333,192150
104333,846860
1043388,538891
1043388,348490
1043388,215620
1043388,273363
1043388,849382
1043388,759667
1043388,275783
1043389,397957
1043395,1068885
1043395,1037679
1043395,1133682
1043395,374050
1043395,802522
1043395,954881
1043395,165082
1043395,1145774
1043395,883177
1043395,855108
1043395,759765
1043395,64454
1043395,781715
1043395,248896
1043395,1052392
1043395,596782
1043395,1079815
1043449,58537
1043449,661652
1043449,46793
1043449,602716
1043449,134763
1043449,128317
1043449,29533
1043449,760532
1043449,614922
1043449,627406
1043449,1160762
1043449,385059
1043456,457928
1043456,308242
1043456,802248
1043456,1103415
1043456,725357
1043456,877658
1043513,1101755
1043522,129309
1043522,104439
1043522,619174
1043522,70406
1043522,1060236
1043522,993076
1043522,452110
1043522,627565
1043522,91284
1043522,629116
1043522,664389
1043522,606894
1043522,769432
1043527,801638
1043527,1120262
1043565,855798
1043565,585576
1043611,260343
1043627,418807
1043627,1121817
1043627,504789
1043627,227646
1043627,559943
1043627,366553
1043627,368247
1043627,291227
1043627,911107
1043627,1130674
1043627,1135327
1043627,39047
1043627,172211
1043627,1049344
1043627,771352
1043627,464461
1043627,1161613
1043627,734277
1043627,610289
1043627,803946
1043627,984891
1043627,981774
1043627,43666
1043627,736329
1043627,479851
1043627,512149
1043627,556429
1043627,422961
1043627,233348
1043627,553392
1043627,675305
1043627,290017
1043655,1016615
1043655,612500
1043655,150316
1043655,810197
1043657,923156
1043680,409941
1043680,604828
1043680,253300
1043680,912999
1043680,864068
1043680,954460
104370,447937
1043731,312408
1043759,491823
1043767,596758
1043767,608298
1043767,778288
1043767,629862
1043801,550952
1043801,187930
1043801,598076
1043801,525796
1043801,588871
1043801,1131051
1043801,155861
1043853,395920
1044141,986812
1044141,153015
1044258,553778
1044258,1073605
1044258,60182
1044258,883207
1044271,141109
1044271,1066571
1044279,46545
104439,951226
104439,1043522
104439,606894
104439,646888
104439,993076
104439,215696
104439,161478
104439,1060236
104439,619174
104439,452110
1044442,57197
1044442,408821
1044442,870765
1044442,375313
1044442,800049
1044442,340735
1044442,767747
1044442,220530
1044442,1080006
1044442,979549
1044442,116404
1044442,615043
1044476,1035441
1044476,992125
1044476,1096595
1044476,25103
1044476,558946
1044498,658012
1044498,549259
1044498,847352
1044498,766948
1044498,302306
1044531,843103
1044531,1042107
1044597,514497
1044597,907042
1044597,879690
1044597,460543
1044597,1161613
1044597,831179
1044597,605588
1044597,674768
1044597,843335
1044597,164287
1044597,549182
1044597,848909
1044597,52774
1044597,1053061
1044597,835857
1044597,646481
1044597,128464
1044597,470894
1044597,652464
1044597,524374
1044597,773668
1044597,426658
1044597,859940
1044597,186911
1044597,722811
1044597,1135327
1044597,1011282
1044597,312408
1044597,559943
1044678,823856
1044678,158937
1044707,884911
1044707,472776
1044707,369938
1044774,354988
1044849,43200
1044849,967739
104487,420647
104487,1118769
1044877,807443
1044877,1005262
1044925,44299
1044968,426796
1044986,453340
1044986,257139
1044986,437721
104500,411550
1045102,147406
1045116,488099
1045116,324703
1045116,698249
1045119,218207
1045119,932946
1045193,830747
1045193,892218
1045193,1103455
1045219,453340
1045231,562961
1045231,659833
1045231,142760
1045257,822819
1045440,35011
1045544,843335
1045561,513153
1045561,146233
1045677,183782
1045699,260804
1045699,1094415
1045745,592169
1045745,1150452
1045745,464580
1045745,511833
1045861,903878
1045861,633455
1045861,275243
1045915,61934
1045915,51340
1045934,978540
1045934,549259
1045942,1066481
1045942,866681
1045970,863803
1045970,956582
1045970,1066078
1045970,541963
1045978,1101916
1046011,587687
1046011,48599
1046011,775108
1046011,1107964
1046011,679599
1046011,433139
1046012,573487
1046012,1092786
1046012,1157882
104608,221021
104608,671302
104608,1057806
104608,738237
104608,94971
104608,338645
104608,228676
1046099,165589
1046099,846944
1046099,311243
1046124,438519
1046124,588446
1046124,329548
1046124,1097928
1046139,988574
1046139,969134
1046139,61008
1046139,168402
1046224,341866
1046235,494333
1046235,1137988
1046235,887890
1046235,922652
1046252,291909
1046252,615577
1046252,42645
1046252,545843
1046252,432405
1046252,371862
1046252,496840
1046252,642205
1046252,699706
1046252,988002
1046252,701313
1046252,832051
1046316,326562
1046316,202530
1046316,573369
1046316,1079596
1046437,647703
1046437,864068
1046437,409941
1046437,1016571
1046437,519813
1046437,253300
1046437,304843
1046437,101711
1046437,879246
1046437,852717
1046598,232132
1046598,750108
1046598,668368
1046598,17664
1046598,577199
1046598,1162755
1046598,581794
1046598,685545
1046598,228041
1046655,975890
1046655,307288
1046655,869431
1046672,565348
1046672,574979
1046672,679616
1046672,943444
1046672,964633
1046702,283714
1046771,52077
1046809,17187
1046843,332779
1046875,677142
1046876,105313
1046908,140741
1046908,184462
1046908,187827
1046908,621712
1046908,45118
1046940,1066078
104695,558928
1046977,857956
1046977,1039497
1046977,800585
1046977,992323
1046977,390305
1046977,244533
1047045,558946
1047183,168291
1047183,809324
1047183,771352
1047362,399105
1047362,883207
1047362,640006
1047362,521045
1047362,224472
1047362,956530
1047420,895647
1047420,823245
1047420,135230
1047433,743224
1047476,614836
1047621,699627
1047621,872979
1047621,1085470
1047621,591191
1047666,1095560
1047666,175106
1047666,899374
1047666,341180
1047666,114090
1047686,22381
1047686,376483
1047686,445162
1047719,41191
1047719,151444
1047719,465608
1047719,1118769
1047719,1090693
1047719,155638
1047719,878639
1047719,797800
1047719,843335
1047719,488194
1047719,150574
1047719,668230
1047719,445320
1047719,433139
1047719,775108
1047719,408381
1047719,485692
1047719,349574
1047719,1021543
1047877,909773
1047877,128807
1047877,522474
1047877,237540
1047877,334177
1047877,995141
1047877,76053
1047886,462477
1047902,1033388
1047902,1163193
1047902,51351
1047902,531413
1047902,207385
1047904,312408
1047904,652464
1047904,367257
1047904,51114
1047932,126671
1047965,940079
1047965,408102
104798,204814
1047993,312408
1048048,926410
1048048,136208
1048092,124313
1048115,46982
1048115,575243
1048115,841575
1048115,66324
1048122,168402
1048122,531413
1048145,1063400
1048145,5876
1048145,319060
1048155,1019048
1048155,1094759
1048235,1050291
1048235,477643
1048294,338575
1048294,1040078
1048294,64531
1048403,968336
1048403,1050233
1048403,1112153
1048429,1080503
1048429,787287
1048430,791002
1048460,84542
1048465,809648
1048465,423610
1048465,843335
1048474,381958
1048480,856124
1048482,28207
1048482,1024499
1048482,193419
1048482,835761
1048482,657869
1048482,193993
1048482,565441
1048482,565421
1048482,936328
1048534,1162224
1048643,1042250
1048643,854212
1048648,341040
1048648,792590
1048648,118540
1048648,486093
1048683,1112948
1048695,168402
1048695,847352
1048695,933572
1048695,388933
1048695,1073209
1048701,1073328
1048701,1166930
1048701,782172
1048701,445430
1048701,34995
1048701,585716
1048731,963767
1048731,492233
1048731,982222
1048731,1149283
1048731,897324
1048731,864068
1048731,409941
1048839,350542
1048851,253433
1048851,240350
1048851,638924
1048851,903885
1048851,127049
1048851,386776
1048927,193331
1048927,286024
1048927,314930
1048958,369149
1048958,770331
1048958,29528
1048968,132516
1048968,910679
1048968,334720
1048968,870497
1049077,325070
1049077,1061310
1049100,342595
1049115,296684
1049115,675810
10492,150218
1049237,857856
1049238,554382
1049318,1157663
1049318,908132
1049412,169713
1049473,860561
1049473,34776
1049473,646481
1049487,87285
1049503,701451
1049559,1051980
1049559,167173
1049559,299607
104957,884911
104957,1166930
104957,1073328
104957,297458
104957,1102423
104957,118189
1049603,435435
1049661,33728
1049661,139422
1049661,693106
1049661,486093
1049661,1115765
1049698,1157663
1049698,924426
1049698,892536
1049711,786492
1049711,729654
1049711,1055997
1049711,1071637
1049711,479167
1049711,798275
1049772,678609
1049792,105874
1049792,529543
1049792,22234
1049792,719324
1049792,991789
1049792,694606
1049792,375320
1049832,361334
1049832,488194
1049832,999622
1049839,794160
1049865,687676
1049865,116926
1049865,633911
1049865,987466
1049865,332140
1049865,1089707
1049865,550295
1049865,441637
1049872,422625
1049872,83288
1049874,839750
1049875,845081
1049875,686852
1049875,215804
1049877,703466
1049877,489438
1049877,49917
1049877,677142
1049877,760867
1049909,808745
1049909,461195
1049909,231635
1049909,688821
1049909,310572
1050,115865
105000,923365
105000,643698
105000,1057145
105000,948375
105000,361398
105000,91158
1050011,837654
105004,953579
105004,169407
105004,314427
105004,959414
105004,898137
105004,484278
105004,679883
1050051,1121594
1050051,672234
1050051,1154346
1050054,676653
1050054,93032
1050061,719494
1050061,396572
1050094,1062222
1050094,528177
1050094,541955
1050094,1089707
1050094,985829
1050126,460543
1050126,269410
1050126,634732
1050126,456002
1050126,833782
1050126,94816
1050126,415333
1050126,380040
1050126,204645
1050126,885821
1050155,132032
1050159,498258
1050159,174567
1050159,549259
1050159,273947
1050159,437949
1050168,530107
1050168,87919
1050168,47423
1050168,572053
1050201,906050
1050201,1149219
1050201,923637
1050201,757135
1050201,841661
1050201,1062222
1050201,640105
1050201,432676
1050201,114983
1050201,688489
1050201,604688
1050201,1139891
1050201,386402
1050201,211622
1050201,582443
1050233,968336
1050233,848587
1050276,449278
1050276,408346
1050276,938487
1050276,831681
1050276,831837
1050276,117159
1050276,826283
1050280,825727
1050280,453802
1050280,939393
1050291,730235
1050291,1048235
1050371,689099
1050371,320081
1050398,983274
105042,812339
1050509,1023400
1050509,686054
1050518,680919
1050518,853421
1050525,96375
1050554,6647
1050566,1032992
1050566,696120
1050566,136208
105065,437435
1050656,414578
1050656,287643
1050663,1139817
1050736,754486
1050736,694041
1050736,1099264
1050739,973522
1050806,857791
1050806,188215
1050868,148670
1050868,682737
1050868,557486
1050871,28265
1050871,1094415
1050922,479851
1050922,595066
1050922,1044597
1050922,599392
1050922,771352
1050922,452623
1050953,244716
1050953,1017710
1050953,503133
1050953,353259
1050953,300252
1050953,1096091
1050953,70253
1051041,120915
1051041,109815
1051091,612393
1051146,652442
1051163,151381
1051180,991789
1051180,63696
1051180,244709
1051180,635511
1051180,674861
1051180,491150
1051239,771763
1051256,815697
1051256,633963
1051256,483361
1051264,252494
1051264,474138
1051264,465281
1051264,32708
1051264,222500
1051270,87844
1051270,857739
1051270,277673
1051270,733595
1051270,64716
1051270,227628
1051298,342559
1051298,510313
105130,167637
105130,316070
1051310,778288
1051310,772795
1051322,36269
1051322,1166930
1051322,435435
1051363,712726
1051363,582463
1051363,953579
1051363,490140
1051385,216223
1051523,992244
1051523,584041
1051577,689389
1051596,1032729
1051617,782172
1051617,709674
1051668,156730
1051673,1128734
1051673,448313
1051673,642205
1051673,988002
1051804,1107687
1051875,699610
1051896,76669
1051896,96152
1051896,846146
1051896,167555
1051896,438653
1051909,1165523
1051969,656820
1051980,1049559
1051980,492779
1051989,18461
1051989,1055661
1051989,897456
1052000,716843
1052033,230365
1052033,774218
1052033,273513
1052033,83795
1052033,284787
1052033,911823
1052033,494043
1052033,234111
1052033,1152927
1052033,904708
1052033,596863
1052033,899687
1052033,791911
1052033,95291
1052033,250223
1052033,1072492
1052033,802294
1052033,875802
1052034,762374
1052034,66155
1052034,306253
1052034,376483
1052034,56973
1052034,772795
1052059,1038858
1052059,614653
1052059,501160
1052065,29460
1052169,93379
1052210,707836
1052214,170091
1052214,253520
1052214,758230
1052283,793700
1052311,873111
1052326,465953
1052388,667756
1052388,279245
1052388,956262
1052388,792910
1052388,930278
1052388,680349
1052388,1095620
1052391,611534
1052392,712726
1052392,168402
1052392,1133682
1052392,1043395
1052392,781715
1052392,187827
1052392,306031
1052392,976522
1052392,679966
1052392,1145774
1052392,206379
1052392,96375
1052392,388851
1052392,855817
1052392,1037679
1052392,396570
1052392,976184
1052392,114983
1052393,322266
1052393,654963
1052412,436269
1052412,674931
1052412,1130650
1052412,1046316
1052437,494825
1052437,792783
1052437,616284
1052450,368550
1052450,394823
1052450,815802
1052450,988047
1052450,554382
1052450,873983
1052480,804943
1052480,547291
105256,562176
105256,249473
1052613,263816
1052613,675937
1052613,986833
1052613,303979
1052613,716320
1052708,165675
1052708,323050
1052708,740793
1052764,389395
1052764,82497
1052804,668503
1052804,1126894
1052804,747309
1052865,518429
1052865,200753
1052865,1162850
1052873,204249
1052873,953579
1052873,1160109
1052876,559943
1053010,959092
1053061,39047
1053061,877141
1053061,792590
1053061,479851
1053061,448817
1053061,4179
1053061,1149283
1053061,130966
1053061,843335
1053061,1162063
1053061,803946
1053061,1103131
1053061,848909
1053061,879246
1053061,386827
1053061,1054432
1053061,1102969
1053061,630825
1053061,600955
1053061,554382
1053086,642205
1053086,206316
1053086,1149219
1053086,878788
1053104,394441
1053104,1114375
1053104,231398
1053104,489316
1053117,1103455
1053117,237820
1053117,830747
105313,1046876
1053138,992323
1053138,568991
1053138,153319
1053138,232685
1053138,733654
1053138,760581
1053138,577710
1053138,529253
1053141,168402
1053141,204249
1053141,232345
1053142,431980
1053142,386605
1053142,193419
1053208,1073209
1053208,595515
1053289,1108760
1053289,396491
1053289,738846
1053289,138387
1053289,214783
1053329,423868
1053348,81281
1053354,1118769
1053354,120691
1053354,579475
1053354,420647
105337,614653
105337,406950
105337,295623
1053391,5260
1053391,496901
1053400,363795
1053400,137719
1053400,772795
1053400,32605
1053411,1150460
1053411,642420
1053411,649443
1053411,763711
1053411,399815
1053411,1160541
1053432,1023461
1053432,251729
1053432,889891
1053444,257336
1053487,849987
1053487,591888
1053588,37907
1053588,750743
1053588,217880
1053588,745790
1053604,603820
1053604,287938
1053604,605588
1053604,35750
1053604,282454
1053604,726268
1053620,958164
1053620,1118988
1053620,906095
1053802,98013
1053802,974221
1053802,538093
1053820,254609
1053820,511833
1053820,31036
1053820,1095233
1053820,272330
1053820,730783
1053820,339728
1053820,1027275
1053866,1116244
1053866,556001
1053866,924426
1053866,127948
1053866,857856
1053922,762374
1053922,253885
1053929,538642
1053929,408839
1053932,559943
1054006,677090
1054021,6037
1054021,1109175
1054021,567740
1054021,278795
105411,766948
105411,549259
1054121,567753
1054121,989160
1054121,415120
1054121,996691
1054121,1062728
1054123,657376
1054147,855798
1054225,255189
1054225,724272
1054225,1073128
1054225,225663
1054225,360740
1054225,847352
1054225,897168
1054232,680921
1054232,134536
1054232,284735
1054246,653610
1054246,871175
1054307,1086501
1054307,627304
1054315,984199
1054315,465608
1054371,559943
105441,1005176
1054432,4179
1054432,771352
1054432,1007669
1054432,386827
105446,248017
1054517,1062222
1054517,1040786
1054517,27781
1054567,846146
1054616,12743
1054616,848587
1054616,1013274
1054616,931226
1054616,937884
1054634,621702
1054634,126796
1054659,729565
1054659,1153710
1054659,645132
1054659,1085162
1054659,1021320
1054675,996860
1054758,894761
1054758,741195
1054797,914527
1054797,1079730
1054797,1158181
1054797,313716
1054818,628418
105488,504185
1054896,772795
1054896,1028762
1054928,204645
1054928,1035102
1054928,74109
1054933,304843
1054933,579380
1055050,943967
1055050,1018413
1055071,948545
1055071,1094217
1055071,51802
1055084,895479
1055190,1108182
1055214,800922
1055214,73844
1055214,94816
1055227,1151336
1055258,336353
1055258,1117314
1055258,374795
1055258,1101290
1055258,226117
1055258,15609
1055258,621320
1055258,61934
1055258,744439
1055258,64390
1055258,211914
1055258,33225
105528,222620
105528,137518
105528,531413
1055462,361035
1055537,601309
1055614,641510
1055625,439994
1055625,288097
1055661,131053
1055661,117201
1055661,894575
1055661,483205
1055661,469742
1055661,1066481
1055661,776728
1055661,236734
1055661,322391
1055661,772795
1055661,983019
1055661,1028762
1055661,886073
1055661,18461
1055661,103032
1055661,253885
1055760,426803
1055785,963944
1055785,467443
1055785,413397
1055785,1126948
1055785,150756
1055785,901068
1055830,674716
1055830,894761
1055830,972176
1055916,1066078
1055916,706907
1055988,663220
1055997,993795
1055997,798275
1055997,1049711
1055997,786492
1056003,1045778
1056011,445379
1056026,161684
1056026,94024
1056026,818356
1056030,761508
1056030,739312
1056030,324608
1056030,329191
1056030,910613
1056030,916783
1056030,171585
1056030,375313
1056030,475904
1056030,116404
1056030,544207
1056030,1024486
1056030,1058287
1056030,707901
1056030,1118769
1056030,404351
1056075,561582
1056075,638369
1056075,361334
1056075,488194
1056075,556920
1056075,999622
1056075,225978
1056116,147539
1056116,351461
1056164,610314
1056164,378958
1056164,1009386
1056172,1010090
1056172,30582
1056172,774131
1056172,818368
1056172,460523
1056172,383644
1056172,122244
1056172,267748
1056172,151444
1056172,679599
1056172,468221
1056172,461797
1056172,597791
1056172,781217
1056172,701740
1056172,629589
1056172,280525
1056172,106000
1056172,433139
1056172,27626
1056172,143435
1056172,671302
1056172,300586
1056172,834374
1056172,58737
1056172,403156
1056172,483286
1056172,519106
1056176,634378
1056207,78742
1056207,919530
1056228,913537
1056228,134081
1056228,169896
1056228,13166
1056230,569852
1056230,668368
1056230,998080
1056239,420178
1056239,178458
1056243,40019
1056285,424399
1056285,897324
1056287,444132
1056294,206379
1056365,1125194
1056365,654368
1056365,399461
1056390,558867
1056504,743895
1056504,764551
1056504,491391
1056504,417166
1056504,310392
1056504,1017699
1056504,135923
1056504,1143293
1056504,458637
1056525,733146
1056525,803946
1056525,1053061
1056583,534224
1056665,609002
1056714,407691
1056717,544405
1056719,528177
1056719,268914
1056719,1062222
1056719,572950
1056719,1021132
1056719,168402
1056719,1149283
1056719,502005
1056719,391943
1056719,230202
1056719,29777
1056722,232481
1056722,414488
1056722,510110
1056722,884007
1056725,246370
1056725,76700
1056725,328082
1056725,235377
105675,753025
105675,752141
1056792,207509
1056810,288097
1056810,192802
1056810,492257
1056810,525757
1056813,1166055
105682,381018
105682,339478
105682,1151246
105682,828494
105682,843335
1056855,653538
1056855,277432
1056855,852242
1056855,893833
1056855,719758
1056855,1056855
1056954,730151
1056954,608311
1056954,843335
1056954,456002
1056954,859940
1056992,386402
1056994,400807
1056994,879246
1056994,1150054
1057,452050
1057,444675
1057,4360
1057031,168402
1057031,265327
1057077,954823
1057077,240350
1057077,334720
10571,522733
10571,986812
1057134,207552
1057134,704211
1057134,103646
1057134,800538
1057145,948375
1057145,643698
1057145,923365
1057145,118540
1057145,1118769
1057145,105000
105717,1024669
105717,39221
105717,735770
105717,981849
105717,408346
105717,660442
105717,271282
105717,127714
105717,262753
105717,1042449
105717,629009
105720,639972
105720,558946
105720,224532
105720,106457
1057226,1117793
1057226,934144
1057226,982186
1057226,184986
1057255,30767
1057255,41034
1057259,1010090
1057259,667900
1057259,901643
1057259,798878
1057259,382996
1057259,563388
1057259,688578
1057259,199094
1057259,251781
1057259,274989
1057259,299660
1057259,159782
1057259,23705
1057259,239083
1057259,337092
1057259,228676
1057259,734152
1057259,642547
1057259,49174
1057259,1072048
1057259,679599
1057259,1115765
1057275,888360
1057289,369260
1057289,219246
105737,691221
105737,931681
1057389,715046
1057408,384846
1057429,774218
1057442,726153
1057442,501398
105747,627406
105747,760532
105747,226367
105747,519093
105747,1119311
1057480,240350
1057480,33143
105751,55842
105751,155374
1057517,225136
105759,880347
105759,968025
105759,331310
1057662,1033173
1057689,762374
1057710,629862
1057806,206379
1057806,359892
1057806,168402
1057806,104608
1057806,738237
1057806,773158
1057806,919367
1057806,549690
1057806,386402
1057806,546044
1057806,968336
1057806,1033261
1057806,1135613
1057806,282410
1057806,631807
1057806,854236
1057806,210330
1057806,100548
1057806,1109430
1057806,228676
1057806,1073209
1057806,522630
105782,855798
1057844,365048
1057844,884911
1057844,905533
1057844,97719
1057844,647860
1057844,767747
1057844,546145
1057844,893887
1057844,351650
1057864,631906
1057921,963944
1057921,411550
1057921,565918
1057921,756690
1057929,642205
1057929,1005710
1057929,42645
1057929,122862
1057929,168402
1057929,434418
1057929,699706
1057929,5395
1057929,625189
1057929,110301
1057929,371727
105796,641363
105796,313661
105796,605778
1058043,195555
1058050,38867
1058058,979814
1058058,691602
1058089,239083
1058117,538536
1058117,939945
1058146,775386
1058146,777670
1058146,610418
1058146,793788
1058146,848909
1058146,554382
1058281,1133793
1058281,1125194
1058281,1144115
1058281,2948
1058287,858994
1058287,797925
1058287,300376
1058287,731382
1058287,382432
1058287,353930
1058287,329191
1058287,870765
1058287,1056030
1058287,57197
1058287,1080006
1058287,294215
1058287,900176
1058335,142823
1058417,691221
1058417,17197
1058417,872985
1058417,460354
1058417,830747
1058417,957691
1058417,528774
1058417,522354
1058534,94024
1058558,948630
1058558,800633
1058559,33605
1058559,290017
1058559,884503
1058559,477777
1058559,479851
1058559,386870
1058559,779220
1058559,597561
1058559,600199
1058559,435964
1058559,549991
1058559,790516
1058559,819555
1058559,925676
1058559,1062222
1058559,214273
1058559,94816
1058559,269949
1058559,859498
1058559,1093995
1058564,964002
1058564,772756
1058564,995971
105874,705260
105874,1028557
105874,405190
105874,413046
105874,528177
1058774,268797
1058807,370281
1058807,408346
1058807,981849
1058807,909773
1058807,603084
1058825,117624
1058848,504774
1058848,488194
1058848,408618
1058908,549259
1058908,498258
1058910,1044476
1058910,1035441
1058910,558946
1058932,101711
1058932,933420
1058957,5897
1058995,140328
1058995,1027933
1058995,1009682
1058995,993477
1059054,513025
1059054,664241
1059054,812341
1059054,347692
1059083,33605
1059083,389716
1059083,386776
1059083,363039
1059083,242804
1059083,843335
1059083,754261
1059108,567178
1059108,875058
1059108,353517
1059194,329033
1059194,298416
1059194,908275
1059200,1057255
1059200,676361
1059200,1163399
1059200,1136229
1059208,907042
1059208,886494
1059208,116750
1059255,262906
1059261,1014230
1059261,507994
1059261,476320
1059307,13751
1059327,559432
1059358,722538
1059358,694611
1059358,126443
1059392,140930
1059392,1107022
1059392,165651
1059392,1094217
1059392,386605
1059392,213663
1059392,550317
1059392,1005262
1059392,718634
1059392,429217
1059392,1088876
1059392,229690
1059392,613749
1059392,193419
1059392,413938
1059392,875887
1059424,771352
1059475,650793
1059475,975655
1059475,821809
1059484,933330
1059484,1151613
1059484,480445
1059484,744097
1059484,262260
1059484,54972
1059511,968925
1059511,748900
1059511,186846
1059520,896467
105953,402192
1059669,1052169
1059673,117917
1059673,989753
1059673,695091
1059673,960278
1059673,1163786
1059673,186078
1059881,279569
1059881,550041
1059881,320399
1059881,723141
1059912,1056230
1060004,33605
106012,654177
106012,259612
106012,709527
106012,60242
1060173,386827
1060173,192823
1060236,1043522
1060236,452110
1060236,175659
1060236,485387
1060236,84651
1060236,500290
1060236,129309
1060236,606894
1060236,936733
1060236,500503
1060236,215696
1060236,70406
1060236,627565
1060236,143985
1060320,827580
1060320,890620
1060320,756845
1060562,924426
1060562,892536
1060562,162580
1060562,536449
1060562,702432
1060562,855633
1060562,60241
1060585,610391
1060585,1163021
106059,180772
1060647,116793
1060647,1016930
106065,573171
106065,601309
1060709,560458
1060741,305676
1060741,457928
1060756,479633
1060773,211639
10608,408346
10608,127714
1060803,33932
1060803,373694
1060833,507637
1060833,1001249
1060876,1106632
1060876,932946
1060876,479851
1060876,909147
1060876,508282
1060876,257336
1060876,626189
1060876,1083017
1060909,928817
1060909,946674
1060909,206014
1060909,366257
1060909,475569
1061022,287217
1061031,271544
1061031,1089707
1061055,466412
1061055,143239
1061055,187827
1061154,889178
1061216,1143278
1061216,165264
1061216,1108515
1061310,916459
1061310,654237
1061310,656334
1061349,876472
1061357,612118
1061357,1125217
1061373,102093
1061548,377940
1061607,558928
1061664,906956
1061699,1151969
1061699,329191
1061699,920949
1061699,873111
1061699,371158
1061699,444881
1061699,1161753
1061699,757243
1061699,1035320
1061699,1065126
1061770,778288
1061770,619775
1061770,925199
1061820,307135
1061820,503774
1061820,327678
1061820,522630
1061850,522354
1061850,830747
1061850,1061850
1061850,787287
1061862,91469
1061862,677957
1061917,680339
1061928,146011
1061953,155405
1061953,321014
1061953,1167125
1061969,1065145
1062027,809897
1062032,1139344
1062053,740109
1062129,559943
1062141,30767
1062141,564605
1062141,1013020
1062178,1073209
1062178,885102
1062178,168402
1062178,1085509
1062178,1011854
1062178,220970
1062178,840148
1062199,519093
1062199,410365
1062199,798963
1062222,1113582
1062222,780037
1062222,402684
1062222,420274
1062222,410842
1062222,676028
1062222,95099
1062222,867473
1062222,547653
1062222,837923
1062222,471407
1062222,42645
1062222,1149283
1062222,1123501
1062222,862159
1062222,386870
1062222,386402
1062222,230202
1062222,786918
1062222,679966
1062222,168402
1062222,13751
1062222,27781
1062222,432906
1062222,290017
1062222,49252
1062222,528177
1062222,721174
1062222,551298
1062222,531413
1062222,1210
1062256,226250
1062330,462290
1062330,768327
1062330,155440
1062335,701174
1062350,450155
1062350,812341
1062351,193583
1062351,615957
1062351,604828
1062460,555972
1062460,557999
1062468,417172
1062468,551450
1062468,149052
1062553,972176
1062553,489201
1062590,490864
1062599,586975
1062651,53061
1062651,452623
1062670,554382
1062702,682684
1062702,352600
1062728,145543
1062728,339478
1062728,87402
1062728,890753
1062728,1054121
1062728,1042280
1062728,408460
1062728,922881
1062752,529543
1062752,707937
1062752,616104
1062752,1032052
1062752,863837
1062752,626989
1062752,227315
106277,428196
1062825,850782
1062825,890259
1062836,633963
1062852,762374
1062856,286569
1062856,845761
1062856,672024
1062856,476330
1062877,1082884
1062880,128807
1062880,981849
1062880,991635
1062880,713973
1062880,942802
1062880,370281
1062880,11620
1062880,676271
1062880,408346
1062907,686407
1062911,779220
1062911,394659
1063048,711046
1063050,323992
1063050,836941
1063050,134742
1063050,926058
1063050,536600
1063050,853405
1063050,916996
1063050,591901
1063050,716845
1063050,776705
1063050,913867
1063093,1094790
1063093,950550
1063093,617912
1063093,705558
1063109,47185
1063109,899374
1063109,1095560
1063109,135688
1063157,1019441
1063162,1112044
1063162,679966
1063162,724767
1063186,120358
1063186,195991
1063186,130089
1063186,806399
1063211,792590
1063211,871368
1063300,1042069
1063300,1138445
1063306,911569
1063382,800633
1063405,736004
1063405,193419
1063405,855341
1063405,497939
1063405,401264
1063405,565441
1063405,206310
1063405,355827
1063405,12172
1063405,1091338
1063405,339766
1063405,316463
1063410,422285
1063410,1114657
1063410,282682
10635,1001414
10635,317575
10635,1135674
1063519,998080
1063617,444132
1063617,6153
1063617,256876
1063626,916996
1063756,96539
1063756,69915
1063770,281786
1063770,69915
1063770,553572
1063770,511899
1063770,45489
1063814,839473
1063842,683124
1063842,746984
1063842,848909
1063922,83795
1063922,250223
1063922,662199
1063922,690253
1063942,365722
1063942,715046
1064004,70253
1064004,922706
1064004,1017710
1064004,142962
1064004,12067
1064004,300252
1064069,574392
106408,81275
1064087,718393
1064087,1085162
1064087,559943
1064087,603785
1064103,574167
1064125,697935
1064125,889301
1064182,542023
1064199,198459
1064318,1095311
1064329,857336
1064329,708604
1064329,880602
1064353,673016
1064396,166451
1064396,528241
1064425,388933
1064425,425985
1064432,206928
1064432,805441
1064432,1033173
1064432,60478
1064443,500983
1064452,355286
1064452,728354
1064452,567143
1064452,775970
1064452,782172
1064452,920289
1064452,1166930
1064452,709674
1064452,519629
106446,745790
1064505,406677
1064505,671302
1064505,766961
1064505,817957
1064505,158936
1064505,762153
1064505,461797
1064520,773760
1064520,826958
1064536,16668
1064536,220658
1064552,946975
1064552,878788
1064552,129507
106457,350698
106457,715109
106457,70506
106457,478648
106457,105720
106457,1164526
106457,497290
106457,107365
106457,379729
106457,728319
1064616,274559
1064616,290017
1064631,362456
1064631,1140768
1064631,588202
1064631,82980
1064671,315966
1064671,922652
1064671,317142
1064701,20252
1064701,750717
1064759,342260
1064769,559943
1064771,839700
1064798,634126
1064798,770589
1064820,52584
1064820,495215
1064820,864400
1064820,1118769
1064820,488393
1064981,372223
1064989,829822
1064989,537135
1064989,1160544
1065023,174567
1065023,489681
1065063,462344
1065102,1021543
1065120,631807
1065120,849922
1065126,1061699
1065126,758172
1065126,797925
1065126,1151969
1065126,1080006
1065126,1035320
1065126,295787
1065129,239083
1065129,804318
1065129,841016
1065129,1076447
1065129,446545
1065145,677090
1065161,526871
1065161,772795
106517,629591
106517,1053604
106517,460345
106517,859940
106517,848909
106517,605588
106517,683124
106517,1128249
106517,843335
106517,440010
1065174,466412
1065174,452345
1065193,1159808
1065205,556920
1065205,361334
1065205,561582
1065205,982278
1065205,488194
1065208,912938
1065208,640006
1065232,831179
1065232,919045
1065232,312408
1065232,559943
1065232,683124
1065232,102828
1065232,17677
1065246,654759
1065246,262260
1065304,214094
1065304,17075
1065304,237826
1065309,103032
1065309,762374
1065324,428526
1065433,651132
1065433,1033121
1065446,275236
1065446,474975
1065566,792590
1065566,119665
1065582,19994
1065582,651613
1065634,76291
106566,234399
106566,636255
106566,1068318
106566,503290
1065730,833887
106574,983019
1065810,334720
1065810,905564
1065810,773800
1065810,870497
1065810,1154809
1065849,852035
1065871,723218
1065871,744929
1065871,491221
1065871,361037
1065871,480845
106588,559943
1065890,1044597
1065890,846160
1065912,807708
1065912,1086501
1065912,611983
1065912,780969
1065950,237443
1065950,202936
1065974,894064
1065974,354234
1065975,707966
1065975,79714
1065975,882343
1065991,1094415
1065991,195522
1065991,1033388
1065991,843335
1065991,382884
1065991,554382
1065991,490151
1065991,559943
1065991,956188
1066000,681107
1066043,280896
1066043,283542
1066043,925878
1066043,88253
1066055,647961
1066055,386175
1066055,793241
1066055,246900
1066055,242496
1066078,1081159
1066078,534224
1066078,178217
1066078,790332
1066078,843335
1066078,608753
1066078,1133106
1066078,326663
1066078,871774
1066078,14140
1066078,117506
1066078,1049865
1066078,108095
1066078,465940
1066078,975890
1066078,554382
1066078,706586
1066078,180667
1066126,165264
1066126,334509
1066126,1108515
1066136,827193
1066136,1012876
1066136,1103415
1066136,106457
1066136,457928
1066136,639972
1066190,635173
1066190,853432
1066190,292793
1066190,421430
1066229,100298
1066229,920612
1066254,968707
1066254,1040609
1066254,549259
1066266,193993
1066272,763125
1066272,549259
1066350,266205
1066350,1005262
1066350,940455
1066350,102093
1066350,554382
1066350,768987
1066350,333297
1066350,193419
1066350,211565
1066350,348738
1066350,657192
1066350,205015
1066350,988899
1066350,989492
1066350,875887
1066350,773031
1066350,1088876
1066350,61884
1066350,576801
1066350,243781
1066350,430813
1066360,788351
1066364,116577
1066364,554382
1066364,479851
1066364,428289
1066369,519843
1066386,791222
1066386,279245
1066386,760377
1066386,667756
1066386,930278
1066465,703922
1066465,1009264
1066481,168402
1066481,101442
1066481,953579
1066481,226250
1066481,248061
1066481,1022024
1066481,796566
1066481,469742
1066481,438736
1066481,1126170
1066481,300396
1066481,1057929
1066481,268914
1066571,253630
106664,387190
106664,557486
106664,741806
106664,197619
106664,248405
1066674,622869
1066674,135923
1066674,13751
1066674,287217
1066674,51842
1066674,965672
1066674,534382
1066674,846413
1066674,452050
1066674,649184
1066674,491391
1066674,482612
1066674,126545
1066674,976522
1066674,743895
1066674,606670
1066674,1073209
1066674,955614
1066705,488194
1066705,361334
1066705,855798
1066786,591191
1066793,968707
1066848,849620
1066848,11476
1066851,426307
1066851,980854
1066903,1121078
1066909,370762
1066909,988915
1066909,660162
1066909,735770
1066909,907499
1066988,885102
1067024,1067024
1067028,393722
1067053,671397
1067053,870070
1067130,353259
1067130,128890
1067153,1003514
1067225,386402
1067225,1013688
1067225,436197
1067225,1082884
1067225,515816
1067225,334460
1067225,623609
1067307,210602
1067307,534345
1067369,242001
1067369,224973
1067369,856824
1067369,880741
1067369,534225
106739,848588
106739,1052398
106739,1083427
106739,973065
106739,1031836
106739,896381
10674,496416
10674,144765
1067484,754773
1067486,668821
1067497,95099
1067497,685550
1067497,973882
1067497,946847
1067618,709541
1067618,1003504
1067618,675170
1067619,1126364
1067619,363283
1067619,911569
1067619,523453
1067619,963944
1067619,983795
1067619,668714
1067619,527783
1067626,1033173
1067626,943849
1067626,100444
1067626,1013440
1067631,274989
1067631,602781
1067631,849023
1067631,1086357
1067631,287422
1067631,948898
1067631,370671
1067646,24459
1067647,773158
1067647,72265
1067647,689012
1067647,299660
1067647,456436
1067647,266912
1067647,962419
1067647,955332
1067647,282410
1067647,192350
1067647,701229
1067705,830433
1067705,919625
1067705,568934
1067705,107587
1067759,631807
1067781,892440
1067868,615577
1067868,42645
1067875,549259
1067990,38196
1067990,827580
1068008,1086501
1068008,1158846
1068008,840198
1068019,409850
1068040,10143
1068040,547869
1068040,174890
1068040,1118769
1068040,648161
1068040,438978
1068169,439191
1068169,596158
1068169,1042072
1068169,933224
1068169,628248
1068169,812341
1068169,739308
1068169,809141
1068169,312393
1068169,962971
1068169,125711
1068187,238254
1068187,248170
1068228,1012876
1068228,996211
106823,897145
1068244,965321
1068318,226072
1068318,898684
1068318,175429
1068318,503290
1068318,27994
1068318,228757
1068325,619618
1068325,355420
1068336,838389
1068341,528372
1068383,303549
1068390,300586
1068484,1031322
106854,824351
106854,651909
106854,295362
106854,592584
1068547,925576
1068547,938599
1068570,197375
1068570,264320
1068580,608311
1068580,776529
1068580,1068580
1068580,483
1068580,887515
1068580,325792
1068601,479851
1068601,472394
1068601,1086362
1068613,426803
1068684,120644
1068684,44502
1068685,877639
1068685,255503
1068780,366644
1068780,298232
1068817,673042
1068842,950550
1068842,240665
1068885,883177
1068885,492637
1068885,1043395
1068885,22768
1068885,1133682
1068885,165082
1068885,554394
1068894,108413
1068894,1016305
1068894,1069760
1068894,878665
1068958,1136525
1069172,30230
1069172,965503
1069224,337441
1069224,988339
1069224,743298
1069244,956286
1069322,1108200
1069385,526871
1069386,42645
1069386,527898
1069386,1057929
1069430,976302
1069430,1163227
1069430,890005
1069483,1016239
1069483,634409
1069483,48599
1069483,597791
1069483,577778
1069483,1091651
1069483,481883
1069483,563158
1069520,720465
1069520,386402
1069520,83523
1069520,938599
1069520,1033230
1069520,367293
1069520,710473
1069520,601132
1069522,155440
1069565,1125088
1069639,335661
1069639,559943
1069720,20902
1069746,856897
1069746,120870
1069746,470769
1069746,832328
1069760,6425
1069760,108413
1069760,1016305
1069760,968306
1069760,1068894
1069760,248989
1069760,878665
1069884,76698
1069884,846413
1069884,344657
1069884,672558
1069884,18669
1069884,549728
1069884,338407
1069884,441033
1069895,525672
1069899,173097
1069899,1147707
1069899,457880
1069899,98297
1069899,67537
1069899,992224
1069899,376483
1069968,1132216
1069968,332588
1069991,155557
1070127,899374
1070127,183327
1070127,88405
1070127,173132
1070167,310912
1070167,329402
1070167,529877
1070167,1043680
1070273,1012764
107028,704006
107028,27781
107028,721174
107028,578431
107028,290017
1070308,1085162
1070309,231838
1070311,1070311
1070311,117917
1070336,469736
1070336,452253
1070399,362330
107049,672522
107049,456436
107049,206379
107049,458523
107049,1116866
1070491,885102
1070491,168402
1070491,414148
1070515,910984
1070515,506626
1070515,601285
1070515,927823
1070515,152733
1070515,913867
1070515,969972
1070515,852601
1070535,42645
1070535,830747
1070556,265761
107065,772154
1070654,36337
1070654,688578
1070654,216223
1070698,473092
1070698,880602
1070720,402010
1070774,103032
1070774,236734
1070774,772795
1070833,1128736
1070833,279439
1070892,648561
1070941,498258
1070941,271353
1070941,524003
1070958,162993
1070960,857068
1070960,781797
1071001,241807
1071001,993107
1071012,1166711
1071012,908724
1071012,50952
1071012,818458
1071025,216407
1071025,1145476
1071038,531413
1071038,290017
1071038,1062222
1071072,962058
1071072,454350
1071072,149052
1071072,419646
1071093,1152915
1071093,469120
1071095,601309
1071101,146884
1071101,938599
1071101,788807
107112,982416
1071199,42643
1071199,1110709
1071199,1139837
1071242,525494
1071295,144910
1071295,354189
1071295,1029079
1071327,952021
107133,202585
107133,772614
1071350,1123719
1071350,322436
1071361,489681
1071361,174567
1071361,897168
1071361,958877
1071361,13351
107150,618176
107150,1023606
1071514,668368
1071514,1145018
1071514,185683
1071514,746984
1071514,374739
1071514,559943
1071514,841575
1071514,130475
1071514,396042
1071514,283637
1071514,715110
1071514,1078241
1071514,1034375
1071538,893825
1071538,892110
1071538,120228
1071538,818106
1071538,29460
1071538,551298
1071538,853945
1071538,128167
1071538,774218
1071606,271650
1071629,1140768
1071629,320081
1071629,1037624
1071629,471409
1071629,705811
1071629,844385
1071629,742204
1071629,882575
1071629,793108
1071629,638924
1071629,91112
1071629,305092
1071629,821195
1071636,148120
1071636,400550
1071636,528177
1071636,668471
1071636,1006403
1071636,764084
1071636,256532
1071636,1107045
1071636,950725
1071636,789241
1071636,693828
1071636,517553
1071636,906924
1071671,94816
1071671,380025
1071678,1105670
1071692,356194
1071759,59498
1071776,10957
1071776,86736
1071776,355180
1071814,1129064
1071814,581629
1071814,221759
1071859,1013141
1071916,376368
1071916,804585
1071916,1080907
1071916,94889
1071916,364329
1071916,809534
1071916,378363
1071958,240350
1071958,702012
1071958,1079562
1071958,103317
1071972,1153703
1071972,357775
1071990,223979
1071990,864042
1072032,387190
1072048,274989
1072048,1057259
1072055,1062053
1072055,1005968
1072091,1139315
1072217,8850
1072217,840096
1072217,1163139
1072217,400123
1072292,1004511
1072292,1000371
1072292,58865
1072292,1022608
1072292,524147
1072319,297687
1072347,494152
1072347,710683
1072347,1151093
1072426,211965
1072436,624464
1072436,873462
1072490,853945
1072492,853945
1072492,608615
1072492,921171
1072492,193419
1072492,834087
1072492,168402
1072492,210973
1072492,1123245
1072492,661833
1072492,323611
1072492,1041325
1072492,802294
1072492,250223
1072492,290017
1072492,161424
1072492,722251
1072492,807708
1072492,85836
1072492,386059
1072492,933501
1072492,690253
1072492,780494
1072492,963674
1072492,236864
1072492,574167
1072510,572080
1072577,1072577
1072781,140741
1072781,184462
1072781,343730
107282,472367
1072823,803856
1072858,964277
1072858,756264
1072858,20260
1072933,257166
1072957,501160
1072957,195555
1072957,998076
1072957,1077960
1072957,676873
1072997,134060
1073051,1109227
1073072,1073072
1073072,10979
1073072,211965
1073128,1054225
1073128,761391
1073128,255189
1073128,225663
1073209,481708
1073209,236864
1073209,57526
1073209,668368
1073209,476494
1073209,764551
1073209,852485
1073209,278792
1073209,840148
1073209,429956
1073209,33131
1073209,649184
1073209,687676
1073209,385439
1073209,694495
1073209,777533
1073209,781778
1073209,282410
1073209,416112
1073209,888069
1073209,535208
1073209,169407
1073209,260664
1073209,65271
1073209,272181
1073209,495205
1073209,484278
1073209,287217
1073209,723983
1073209,300396
1073209,245261
1073209,226250
1073209,168402
1073209,1026546
1073209,959414
1073225,461344
1073328,1146824
1073328,86306
1073328,93723
1073328,1048701
1073328,297458
1073328,585716
1073328,884911
1073328,104957
1073328,118189
1073328,377442
1073328,637019
1073341,320693
1073341,997790
1073358,396653
1073449,877141
1073449,695365
1073449,110402
1073449,4179
1073449,386870
1073449,848909
1073449,386827
1073449,667420
1073449,843335
1073449,859940
1073449,898125
1073449,94816
1073449,456002
1073449,290017
1073449,1127779
1073449,554382
1073449,375584
1073449,242804
1073449,33605
1073449,479851
1073449,265741
1073449,559943
1073449,1135327
1073475,1108196
1073475,386402
1073475,1134776
1073475,905787
1073538,1043013
1073538,171006
1073538,177479
1073572,1104990
1073572,647627
1073572,175922
1073572,1042069
1073572,222814
1073589,311924
1073605,988892
1073605,129672
1073605,587775
1073605,382485
1073605,553778
107362,1062222
107362,27781
107362,1073209
107362,13751
107362,1116866
107362,1130903
1073642,527971
1073642,745790
1073642,37907
1073695,681107
1073695,16816
1073695,953579
1073695,792590
1073695,734157
1073695,168402
1073695,718393
1073695,924726
1073695,762374
1073695,609002
1073695,962058
1073695,801013
1073695,610095
1073695,46545
1073695,152533
1073695,581486
1073695,36337
1073695,721988
1073695,1085162
1073696,786492
1073696,774218
1073709,1016029
1073709,1128112
1073709,1153703
1073716,830971
1073716,323140
1073716,609002
1073716,832509
1073728,1083636
1073728,168402
1073796,510313
1073796,178147
1073796,975224
1073889,685545
1073889,1162755
1073889,849023
1073889,459174
1073889,524262
1073930,959058
1073930,771352
1073930,639555
1073930,777356
1073930,385659
1073930,64570
1073938,660710
1073938,921176
1073965,333297
1073965,1088876
1073965,1008440
1073965,193419
1073965,773031
1073965,811231
1073965,243781
1073965,165651
1073965,1005262
1073965,875887
1073965,1094217
1073965,718634
1073984,370023
1074009,234909
1074009,741344
1074009,851509
1074009,766217
1074193,128122
1074193,592674
1074193,501160
1074193,525822
1074193,588425
1074193,897873
1074193,110624
1074199,1016615
1074199,1135014
1074199,600078
1074199,1165523
1074199,1149283
1074199,76374
1074206,554382
1074206,605516
1074206,401524
1074284,686246
1074378,15071
1074378,681819
1074441,762374
1074441,385484
1074480,493782
1074534,334720
1074540,290017
1074540,130807
1074540,481616
1074548,96975
1074563,473355
1074563,829874
1074563,663234
1074649,115844
1074658,127049
1074658,734829
1074662,910765
1074662,384877
1074662,935419
1074700,723649
1074700,379066
1074700,926410
1074700,631883
1074731,451937
1074731,423610
1074732,37907
1074732,532453
1074732,1097443
1074736,729112
1074736,190656
1074736,628651
1074738,966961
1074738,1126373
1074738,671272
1074750,1066350
1074750,36337
107480,880602
107480,920949
1074837,456061
1074848,827580
1074848,411516
1074848,1085162
1074872,954460
1074872,1016615
1074922,852717
1074922,459528
1074922,671468
1074922,604828
1074922,409941
1075004,534574
1075004,560075
107502,762374
1075020,442399
1075020,558946
1075020,141794
1075020,90622
107503,1107233
107503,665157
107503,475332
107503,104370
1075032,1001104
1075032,303979
1075106,550694
1075106,510143
1075106,781153
1075106,768511
1075168,858714
1075168,489337
1075168,544683
1075168,325677
1075168,1004454
1075168,1002358
1075168,107987
1075180,1151482
1075180,254337
1075180,394024
1075194,858352
1075246,423610
1075246,593155
1075246,111851
1075246,930256
1075246,514230
1075364,1109160
1075432,685545
1075448,445624
1075448,810822
1075448,76698
1075448,67734
1075460,165328
1075460,934515
1075460,82161
1075482,271587
1075482,792590
1075482,772795
1075482,526871
1075482,56973
1075482,676965
1075509,1033388
1075509,946425
1075532,711798
1075556,345104
1075556,134670
1075593,238396
1075593,274374
1075593,1167160
1075593,674944
1075593,408346
1075593,533860
1075593,821236
1075593,974348
1075655,1066591
1075655,1035375
1075670,283542
1075670,377273
1075670,1011854
1075677,235336
1075677,242725
1075677,69589
1075677,417577
1075687,1105220
1075687,865386
1075712,479851
1075712,248481
107587,1022024
107587,643183
107589,641306
1075890,401408
1075890,584382
1075890,770589
1075890,784066
1075890,383098
1075890,1060236
1075890,129309
1075890,70375
1075890,176049
1075890,70406
1075890,491648
1075890,452110
1075890,1032500
1075890,1110935
1075935,1092110
1076002,280344
1076002,755833
1076036,21416
1076079,791002
1076079,333841
1076079,149494
1076079,559943
1076079,672378
1076079,302051
1076079,838987
1076079,444
1076079,683124
1076159,467065
1076159,1062222
1076159,796432
107628,916243
1076418,857068
1076418,1038331
1076418,225405
1076418,234137
1076418,937952
1076418,843171
1076418,1164050
1076447,1065129
1076530,126160
1076574,571230
1076574,384613
1076574,709953
1076664,59498
1076664,363095
1076664,855798
1076664,660114
1076664,113850
1076664,559943
1076674,907751
1076717,827580
1076717,1091651
1076722,330240
1076750,725084
1076807,71357
1076818,222675
1076834,441386
1076835,498258
1076835,737757
1076863,643227
107688,604828
107688,480481
107688,990890
1076891,459455
1076891,516332
1076920,807443
1076982,1038971
1076982,1063410
1076992,853
1076992,131053
1077107,244934
1077191,249582
1077191,685545
1077191,17664
1077191,622869
1077227,488194
1077318,179648
1077318,1073328
1077318,1146824
1077318,805092
1077318,884911
1077318,379219
1077318,604915
107732,527501
107732,26122
1077568,168402
1077568,1041325
1077568,1072492
107759,280856
107759,669753
107759,111952
107759,1083848
107759,855620
107759,741195
107759,374747
1077656,244851
1077688,386827
1077688,1134621
1077688,1073449
1077688,354082
10778,256218
10778,660442
10778,408346
1077849,1093139
1077849,846413
1077918,812341
1077940,528177
1077940,30101
1077960,592169
1077960,218182
1077960,870765
1077960,501160
1077960,912442
1077960,848843
1077960,852035
1077965,671272
1077965,1039414
1077965,386402
1077965,1087424
1078131,605211
1078173,705089
1078173,622827
1078173,985659
1078195,558624
107823,20075
107823,772795
107823,56973
107823,350188
1078241,925034
1078241,858994
1078241,226966
1078241,615043
1078241,1071514
1078241,843335
1078241,1080006
1078248,564710
1078248,596758
1078248,351766
1078248,484797
1078248,15493
1078248,1114153
1078248,579508
1078272,67998
107828,1082884
107828,292096
107828,418885
1078317,832724
1078395,268856
1078423,448436
107844,643923
107844,202354
107844,240692
107844,90786
107846,87625
107846,556001
1078526,678748
1078526,853945
1078526,524285
1078599,517758
1078718,46572
1078718,967739
1078718,699656
1078726,677090
1078730,934344
1078730,72265
107879,94024
107879,1138226
107879,664442
1078801,481810
1078801,359273
1078801,1130903
1078801,131314
1078877,522474
1078877,878160
107896,95099
1078963,173709
1078963,9696
1078963,1113913
1078963,409611
1078963,666163
1079012,275170
1079058,49516
1079058,301700
1079085,592674
1079085,747405
1079085,168402
1079085,486763
1079087,451321
1079087,540893
1079087,208661
1079097,764153
1079097,861650
1079101,564685
1079101,432906
1079101,40518
1079125,95099
1079198,821395
1079217,102935
1079217,229826
1079225,737973
1079258,106664
107927,335205
107927,174872
107927,308805
107927,101964
107927,1138320
1079375,394620
1079375,854092
1079377,448896
1079377,323920
1079377,704469
1079377,1160272
1079380,922233
1079434,781852
1079471,777356
1079504,22900
1079509,770113
1079509,544576
1079509,903482
1079512,983019
1079562,189789
1079562,81699
1079562,240350
1079564,812341
1079564,1149506
1079564,568894
1079564,858976
1079564,559943
1079596,352166
1079596,1046316
1079634,856296
1079634,61103
1079634,570508
1079637,922899
1079637,562176
1079637,404054
1079637,487381
1079637,143322
1079637,44978
1079643,206510
1079643,240350
1079643,702012
1079643,729601
1079643,397095
1079652,821741
1079652,967077
1079660,289322
1079660,121620
1079660,33728
1079660,889860
1079660,1102943
1079660,936119
1079660,17224
1079660,781814
1079660,688578
1079660,418885
1079660,1008920
1079660,216223
1079660,843702
1079660,52754
1079660,860965
1079660,488234
1079660,403709
1079660,746984
1079660,840148
1079671,109177
1079681,729601
1079681,420178
1079696,896314
1079696,687278
1079696,65154
1079696,370671
1079696,1040078
1079730,727170
1079730,221724
1079730,193419
1079730,313716
1079730,914527
1079730,1158181
1079738,600199
1079738,776550
1079738,469581
1079738,885940
1079738,1152554
1079738,902860
1079738,452468
1079738,620374
1079738,559943
1079759,737774
1079759,843335
1079759,937442
1079759,72442
1079759,287938
1079759,903347
1079759,176278
1079759,559943
1079759,623374
1079776,1163587
1079776,699982
1079776,867592
1079776,171936
1079776,823934
1079815,286375
1079815,187827
1079815,175698
1079815,1043395
1079815,1133682
1079815,162575
1079815,949466
1079815,621712
1079863,844385
1079863,1162420
107987,873498
1079957,881021
1079957,1107430
1079957,63558
1079985,135688
1080006,843335
1080006,138931
1080006,559943
1080006,1078241
1080006,57197
1080006,1044442
1080006,377442
1080006,329191
1080006,1035320
1080006,797925
1080006,775527
1080006,297441
1080006,369729
1080006,1034375
1080006,615127
1080006,615043
1080006,746061
1080006,408821
1080006,1058287
1080006,757243
1080006,1118769
1080006,1065126
1080006,475904
1080006,375313
1080006,668368
1080006,841523
1080041,260194
1080056,956468
1080329,244934
1080355,408381
1080355,779140
1080383,503774
1080383,1146131
1080383,338496
1080383,420274
1080383,559580
1080383,116926
1080383,464126
1080383,441637
1080383,608753
1080383,371355
1080383,1112044
1080383,501005
1080414,144845
1080414,628651
1080414,810161
1080414,658407
1080414,954395
1080414,571550
1080414,359140
1080437,378022
1080439,390963
1080439,713962
1080503,573066
1080558,863837
1080558,719324
1080558,56875
1080606,438653
1080606,846146
1080635,1143861
1080635,230890
1080711,202585
1080711,815068
1080711,633963
1080733,438736
1080733,437314
1080733,368550
1080733,873983
108078,138403
1080811,1116789
1080811,904262
1080906,82497
1080906,862083
1080906,450137
108095,968336
108095,1107554
108095,555335
108095,819264
108095,663205
108095,59543
108095,82678
108095,681298
108095,409632
108095,357153
1080963,972640
1080967,836718
1080967,766352
1080967,1031204
1080967,834652
1081058,925246
1081058,185278
1081071,379371
1081101,6114
1081134,262906
1081159,630825
1081159,792590
1081159,884911
1081159,216223
1081159,77920
1081159,651486
1081159,554382
1081159,204645
1081159,216691
1081159,777670
1081159,843335
1081159,8415
1081159,271870
1081159,823245
1081159,386776
1081159,1062222
1081159,386827
1081159,1159868
1081159,856776
1081159,969294
1081159,132168
1081159,999980
1081159,479851
1081159,559943
1081159,803946
1081159,871334
1081159,37907
1081169,1052391
1081169,527783
1081173,619290
1081225,302051
1081225,248481
1081225,1162063
1081225,1073449
1081225,554382
1081225,415333
1081225,604959
108131,693343
108131,1030120
1081377,497866
1081420,845440
1081474,371727
1081474,583567
1081474,522354
1081474,1057929
1081474,691221
1081474,1103455
1081474,614470
1081474,830747
1081507,899828
1081507,175094
1081507,604959
1081507,975882
1081560,1161613
1081570,669611
1081570,642955
1081639,554104
1081639,656343
1081639,277693
1081639,194173
1081639,671272
1081639,652289
1081639,405407
1081639,529253
1081639,994611
1081639,726753
1081639,390052
1081748,1155102
1081769,532578
1081769,746782
1081769,711907
1081769,764084
1081769,707479
1081804,450085
1081818,522250
1081818,1118549
1081818,204249
1081829,634015
1081841,168402
1081841,543088
1081864,841377
1081864,730250
1081864,320081
1081864,750072
1081951,690627
1082019,647671
1082020,1087642
1082020,601309
1082020,350744
1082020,573171
1082023,666991
1082094,696929
1082098,1094677
1082098,1050871
1082108,160410
1082108,574245
1082108,712642
10822,671272
1082210,726782
1082210,907003
1082210,32032
1082210,777490
1082210,524789
1082210,743341
1082241,615074
1082272,544405
1082272,363039
1082301,603820
1082367,790812
1082418,1098695
1082418,420647
1082418,980363
1082418,273133
1082418,950939
1082418,378727
1082418,714638
1082418,526871
1082418,627406
1082418,820798
1082418,614539
1082418,1118769
1082418,100683
1082418,470445
1082418,1119910
1082418,805037
1082418,1082884
1082418,579475
1082418,33705
1082418,935460
1082418,347139
1082418,717315
1082418,592720
1082418,559943
1082418,775108
1082418,863762
1082422,905731
1082422,813698
1082571,490610
1082571,257166
1082571,176725
1082619,143244
1082619,1108515
1082641,1007131
1082689,1082689
1082689,772279
1082689,414356
1082701,728740
1082701,725228
1082701,832464
1082710,722188
1082755,737030
1082755,631106
1082778,472208
1082778,126854
1082861,585515
1082881,16668
1082884,309086
1082884,33605
1082884,292096
1082884,479851
1082884,554382
1082884,847352
1082884,305743
1082884,418885
1082884,824351
1082884,668503
1082884,805092
1082884,671272
1082884,1126894
1082884,1017186
1082884,10143
1082884,657522
1082884,370139
1082884,386402
1082884,782337
1082884,806867
1082884,201618
1082884,559943
1082884,549182
1082884,1141857
1082884,18057
1082884,107828
1082884,577982
1082884,549259
1082884,1136943
1082971,1020959
1082971,1071636
1082971,452201
1082975,1121779
1082975,1157882
1082975,832724
1082975,73155
1083017,945339
1083017,309936
1083017,441212
1083017,504309
1083017,837033
108314,117552
108314,724636
1083298,351028
1083298,893345
1083323,1103959
1083323,80207
1083323,981726
1083323,253885
1083323,506462
1083323,284858
1083323,369192
1083374,527576
1083457,420921
1083515,1095560
1083529,775108
1083529,683525
1083676,189710
1083676,1131607
1083685,189789
1083755,150544
1083782,289039
1083782,1080043
1083782,870765
1083782,131053
1083782,843335
1083782,772795
1083782,56973
1083782,977945
1083782,13166
1083782,825075
1083782,526871
1083782,960616
1083782,1101505
1083782,983019
1083782,350188
1083782,878788
1083818,5423
1083831,426803
1083831,689099
1083831,582167
1083848,946338
1083848,374747
1083848,111952
1083848,132032
1083848,202066
1083848,107759
1083848,961348
1083848,1014164
1083930,68633
1083938,99704
1083943,889860
1083943,1130903
1083943,84250
1083943,1073209
1083943,1055023
1083943,1085509
1083943,906050
1083950,485598
1083950,711046
1083950,77920
1083950,112292
1083950,521245
1083950,896044
1083976,750072
1084064,652464
10841,546429
10841,711410
10841,774824
108413,1069760
108413,878665
108413,1068894
108413,1016305
108413,745381
1084167,386402
108424,599392
108424,300694
108424,248862
108424,445054
108424,943564
108424,1115281
108424,763367
108424,964343
108424,344322
108424,595066
108424,994370
108424,1027725
108424,960278
108424,695091
108424,554382
108424,1002194
1084314,1040881
1084314,291227
1084371,778288
1084447,100222
1084447,1113921
1084453,844232
1084473,1089176
1084480,948284
1084480,960436
1084489,133249
108449,352851
108449,831124
108449,1091578
108449,821338
108449,144082
108449,17006
1084502,449777
1084502,1021332
1084502,852601
1084515,650329
1084515,1001898
1084515,214801
1084569,955375
1084569,677090
1084569,924649
1084569,588446
1084569,676361
1084752,1016091
1084752,334050
1084752,134406
1084752,459174
1084752,1046598
1084752,162284
1084784,216047
1084786,414488
1084786,1000517
1084798,98233
1084798,460885
1085153,257336
1085153,676028
1085153,1088211
1085153,1021468
1085153,796566
1085153,191866
1085153,848547
1085162,827580
1085162,729565
1085162,676873
1085162,603785
1085162,496416
1085162,592674
1085162,411516
1085162,596578
1085162,581486
1085162,36337
1085162,840064
1085162,1074848
1085162,721174
1085162,168402
1085162,812341
1085162,860383
1085162,1073695
1085162,380046
1085162,937606
1085162,359603
1085162,386776
1085162,843335
1085162,342310
1085162,1070308
1085162,1149506
1085165,1143387
108517,699982
108517,419878
1085201,226658
1085225,597290
1085225,34052
1085334,1021483
1085334,1090068
1085334,329680
1085334,868299
1085334,367257
1085334,137849
1085334,712529
1085334,1042619
1085334,93730
1085334,646481
1085334,312408
1085361,391183
1085470,221759
1085470,1047621
1085509,52754
1085509,1062178
1085509,220970
1085509,840148
1085509,770029
1085509,577982
1085509,168402
1085509,386402
1085509,889860
1085535,122787
1085535,137518
1085535,479851
1085535,659532
1085535,19984
1085535,222620
1085535,483432
1085535,878829
1085535,943564
1085535,810141
1085535,1153900
1085546,1118769
108563,28817
108563,932581
108563,1122454
108563,324874
108563,273671
108563,1138960
108563,53623
108563,461489
108563,48782
108563,689559
108563,101647
108563,365929
108563,734157
108563,1115271
108571,565355
1085737,579366
1085774,870005
1085775,570464
1085775,958967
1085775,848046
1085775,1043013
1085814,693828
1085834,932763
1085880,422163
1085949,1124346
1085949,1010507
1085949,214065
1085949,115797
1085949,522185
1085949,1048496
1085975,688578
1085975,704618
1085975,768033
108601,514497
108601,605588
108601,281360
1086032,532456
1086067,690983
1086067,1119101
108608,777533
1086098,454350
1086226,101711
1086226,1038415
1086226,29460
1086226,647703
1086267,549569
1086357,1090693
1086357,1040078
1086357,165837
1086357,911960
1086357,547869
1086357,214894
1086357,1067631
1086357,806568
1086357,957056
1086362,1068601
1086382,284787
1086395,240692
1086395,179648
1086395,460667
1086395,803946
1086395,643923
1086395,90786
1086395,332588
1086395,1136549
1086395,865900
1086395,1096278
1086395,908417
1086395,499003
1086395,1000371
1086395,884911
1086395,559943
1086395,762908
1086395,554382
1086405,617496
1086405,1096557
1086428,831585
1086428,719599
1086487,1115765
1086501,987136
1086501,968336
1086501,154507
1086501,631807
1086501,970474
1086501,290017
1086501,232865
1086501,627304
1086501,467065
108657,1120684
108657,739579
108657,347175
108657,567143
108657,637019
1086582,528177
1086582,312112
1086582,693828
1086583,527501
1086583,1091699
1086583,651575
1086583,702555
1086583,129860
1086583,406783
1086583,344693
1086583,16851
1086583,631406
1086583,777339
1086583,925542
1086583,148491
1086583,320752
1086583,435435
1086616,672458
1086694,204645
1086694,1115281
1086694,149494
1086694,197813
1086694,843335
1086694,120227
1086694,933844
1086694,610418
1086694,58925
1086694,1158559
1086694,554382
1086694,8415
1086694,601578
1086694,116577
1086740,601309
1086767,657192
1086852,1145958
1086923,679966
1086923,324034
1086929,719204
1086929,386827
1086929,181371
1086938,1133106
108704,1042250
108704,84094
108704,1119361
1087042,215023
1087092,885102
1087111,853945
1087134,297895
1087147,1021899
1087147,1057145
1087239,54590
1087248,905787
1087248,1108196
1087257,826283
1087257,981849
1087257,883762
1087257,942802
1087257,271282
1087257,909773
1087257,629009
1087257,1155077
1087257,408346
1087257,1166055
1087305,547869
1087394,481708
1087394,428271
1087424,1166930
1087424,635030
1087424,168402
1087424,966270
1087424,942551
1087424,1039414
1087424,642205
1087424,953579
1087424,1062222
1087424,530983
1087424,272891
1087424,386402
1087424,27258
1087424,914965
1087424,577982
1087424,1077965
1087424,1163139
1087424,194173
1087424,671272
1087424,182509
1087440,835829
1087440,692311
1087468,805214
1087468,315607
1087511,1011854
1087511,111141
1087539,122723
1087539,630212
1087549,1003859
1087630,121889
1087630,442399
1087642,573171
1087642,601309
1087671,940024
1087804,386776
1087804,83595
1087804,634231
1087815,796353
1087815,1003847
1087815,628933
1087846,65095
1087846,1113599
1087846,617851
1087905,603619
1087905,598076
1087905,73236
1087959,792590
1087989,430219
1087989,120036
1087989,841847
1088059,45169
1088059,607873
1088082,927181
1088082,230043
1088082,371359
1088082,37907
1088099,495696
1088099,960278
1088150,427401
1088150,247205
1088185,604828
1088185,459528
108819,136208
108819,525814
108819,50397
1088211,51033
1088211,396988
1088211,309181
1088211,843335
1088211,257336
1088211,1113736
1088211,1085153
1088211,242001
1088211,46545
1088211,804136
1088286,90722
1088325,420178
1088332,999599
1088332,374215
108837,179993
108837,769965
1088371,1093682
1088371,349307
1088371,526047
1088386,50905
1088491,122297
1088534,168402
1088534,786492
1088534,953579
1088537,750072
1088537,1000371
1088537,114090
108875,577926
108875,983274
1088801,445320
1088827,188735
1088827,190042
1088876,988899
1088876,576801
1088876,1066350
1088876,1059392
1088876,749482
1088876,193419
1088876,908214
1088876,773031
1088876,691976
1088876,1005262
1088876,539505
1088876,243781
1088876,875887
1088876,768987
1088876,1094217
1088924,1147486
1088924,831124
1088924,1126948
1088924,155861
1088924,869468
1088931,357153
1088936,980747
1088936,936119
1088954,1117936
1088954,392020
1088986,461155
1088986,560979
1088986,183601
1088987,751904
1088987,509793
1089122,960278
1089122,717281
1089122,199330
1089122,1089122
1089154,550739
1089154,443558
1089154,576835
1089176,1082418
1089176,998703
1089176,1118769
1089176,1109480
1089176,1136943
1089176,967739
1089176,433786
1089176,1134524
1089176,474218
1089176,1005802
1089176,1122475
1089270,696205
1089279,1063410
1089279,1036132
1089279,83288
1089279,422625
1089343,911410
1089343,647020
1089437,193419
1089474,419462
1089493,867576
1089493,186671
1089504,723757
1089504,1108792
1089504,62179
1089542,847772
1089542,604805
1089583,791909
1089583,250118
1089596,207552
1089596,831355
1089615,976956
1089615,842911
1089615,852485
1089615,62524
1089615,604828
1089677,803946
1089677,1129065
1089678,346282
1089678,340575
108968,353741
1089692,1082418
1089692,986812
1089692,204749
1089694,186911
1089694,524374
1089694,652464
1089694,18612
1089707,879246
1089707,1134946
1089707,35599
1089707,528177
1089707,1136241
1089707,842183
1089707,95099
1089707,679966
1089707,1050094
1089707,800922
1089707,954221
1089707,604828
1089707,926394
1089707,255908
1089707,517553
1089707,769553
1089707,1062222
1089707,271544
1089707,448646
1089707,1149283
1089707,130966
1089707,721174
1089707,27781
1089756,13751
1089756,531413
1089771,402010
1089771,386605
1089828,906902
1089828,476344
1089847,240350
1089865,1092957
1089865,647703
1089865,339892
1089900,418885
1089900,390052
1089900,1010430
1089900,486880
1089956,770982
108997,498368
1090020,30698
1090020,27781
1090020,663243
1090020,573558
1090020,852035
1090020,848712
1090020,997755
1090020,990617
1090020,247172
1090020,853945
1090020,738942
1090020,187262
1090020,854416
1090020,911071
1090020,278234
1090020,827580
1090020,598003
1090020,1072492
1090020,798502
1090020,222691
1090020,937639
1090020,457293
1090020,799153
109013,1027039
109013,286569
109013,771110
109013,949941
109013,29530
109013,1037616
109013,33605
109013,960278
109013,591266
109013,843335
1090196,244197
1090301,311087
1090342,473013
1090402,683864
1090402,317172
1090435,610418
1090482,763367
1090482,1002194
1090497,586008
1090497,77003
1090497,953300
1090497,896000
1090577,636989
1090586,269919
1090586,1020285
1090586,205486
1090586,877410
1090602,608620
1090672,1082884
1090672,805092
1090672,418885
109068,29528
1090693,1086357
1090693,505507
1090708,235311
1090708,542609
1090708,695365
1090806,541098
1090826,456626
1090826,683124
1090858,970206
1090868,866031
1090868,889021
1090950,566369
1090980,559943
1090980,775412
1090980,361317
1091080,975890
1091080,261190
1091114,112339
1091124,8529
1091124,1155750
1091124,736329
1091124,559943
1091124,913028
1091124,779220
1091159,866402
109119,386003
1091195,239083
1091226,959058
1091226,1073930
1091226,328815
1091255,15691
1091264,410131
1091278,1096380
1091338,554382
1091338,316463
1091338,244226
1091338,1125194
1091338,940455
1091338,559943
1091338,362196
1091338,373005
1091338,355827
1091338,630629
1091338,550645
1091340,822064
1091340,967081
1091340,300392
109139,617474
1091496,279304
1091521,704754
1091554,128464
1091554,254559
1091554,473811
1091578,1123867
1091578,108449
1091578,352851
1091626,877658
1091626,1103415
1091626,671898
1091626,274944
109164,954254
109164,518218
1091651,220239
1091651,775108
1091651,274989
1091651,338575
1091651,1010526
1091651,948898
1091651,873427
1091651,90982
1091651,457662
1091651,282334
1091651,640765
1091651,433139
1091651,463471
1091651,421148
1091651,277216
1091651,878090
1091651,1025884
1091651,703466
1091651,786094
1091651,1057259
1091651,578841
1091651,1040078
1091651,628654
1091651,64531
1091651,703666
1091651,589131
1091651,475271
1091651,781217
1091651,287953
1091651,459200
1091656,890259
1091660,248912
1091699,527501
1091699,651575
1091699,148491
1091699,763711
1091699,372857
1091723,516000
1091723,808637
1091723,289983
109177,1079671
1091878,846413
1091878,491391
1091878,1166415
1091878,549728
1091878,1069884
1091878,749465
1091949,241452
1091949,374757
1091949,262850
1091949,649971
1091949,789377
1091949,748900
1091949,981822
1091956,975890
1091960,121331
1091992,443144
1091992,734157
109210,888368
1092100,68093
1092100,735770
1092100,408346
1092100,29433
1092100,386117
1092100,981849
1092194,856347
1092198,645963
1092198,489925
1092198,313615
1092242,377817
1092305,18793
1092333,933810
1092333,338357
1092347,822551
1092355,783948
1092355,677291
1092355,718393
1092355,255561
1092355,318514
1092420,922582
1092420,70406
1092420,778676
1092420,42238
1092448,1027552
1092448,630486
1092448,1123714
1092448,479851
1092448,877141
1092448,95099
1092448,709953
1092448,290017
1092448,866104
1092448,94816
1092448,805092
1092448,528177
1092448,386827
1092448,242804
1092448,531413
1092460,854893
1092490,76669
1092490,246551
1092490,145908
1092490,715109
1092490,957530
1092490,165675
1092490,606124
1092490,64942
1092490,96152
1092505,42181
1092505,137265
1092550,174873
1092621,529405
1092624,510787
1092624,442399
109269,647671
109269,821854
109269,700358
109269,772795
109269,542305
109269,526871
1092698,892371
1092698,599307
1092698,1119796
1092745,601309
1092764,1081159
1092764,46574
109277,494429
1092786,797066
1092786,416377
1092786,1046012
1092786,655225
1092786,573487
1092786,32674
1092786,1157882
1092810,300396
1092810,429584
1092814,104167
1092814,824533
1092814,1040510
1092814,88801
1092840,1003446
1092874,857856
1092874,369339
1092874,260804
1092874,98021
1092917,774218
1092917,593733
1092917,893825
1092917,892110
1092917,193111
1092917,853945
1092924,385439
1092924,17664
1092924,537797
1092943,843335
1092943,204645
1092983,69049
10930,289983
10930,729601
10930,151075
10930,890880
10930,58329
10930,554538
109301,855633
1093028,645872
1093028,541636
1093028,796592
109304,532578
109304,762346
109304,1118311
109313,402834
1093139,424541
1093139,524262
1093139,857042
1093139,1077849
1093139,491391
1093139,338407
1093139,455026
1093139,962357
1093167,320401
1093167,433139
1093167,968227
1093167,48599
1093167,866037
1093167,824685
1093220,651010
1093220,237820
109334,784582
1093380,287157
1093431,923156
1093431,805138
1093431,379561
1093431,847352
1093581,662532
1093581,487724
1093581,31570
1093581,984194
1093581,998866
1093644,222972
1093650,873983
1093682,515620
1093682,549478
1093682,715819
1093682,554382
1093682,754461
1093682,779214
1093682,374795
1093682,692448
1093682,610418
1093682,1039218
1093725,775268
1093729,36965
1093729,639127
1093761,734157
1093781,151444
1093781,274989
1093781,1067631
10938,678821
10938,660601
10938,789126
10938,725340
109380,724900
109380,689556
1093806,688578
1093806,653610
1093855,226072
1093855,765126
1093861,55688
1093877,295734
1093877,233428
1093877,864601
1093877,863837
1093877,450905
1093877,314834
1093877,664312
1093877,913471
1093877,609002
1093877,266194
1093891,1005253
1093891,230202
1093900,1089615
1093900,852485
1093900,27781
1093900,1131276
1093900,906436
1093914,503774
1093914,320351
1093914,270202
1093914,848418
1093914,404228
1093927,73691
1093927,175979
1093927,693875
1093934,77920
1093934,190099
1093955,149877
1093956,806809
1093956,1143718
1093985,726753
1093985,83523
1093985,151252
1093985,277693
1093995,972754
1093995,517786
1093995,600199
1093995,1058559
1093995,1103132
1093995,652985
1093995,477777
1093995,319878
1093995,1159868
1093995,790516
1094007,312710
1094060,864230
1094217,1123245
1094217,193419
1094217,96727
1094217,485074
1094217,681254
1094217,704801
1094217,1072492
1094217,221724
1094217,402010
1094217,768987
1094217,1005262
1094217,875887
1094217,102093
1094217,933501
1094217,718634
1094217,386059
1094217,229690
1094217,469848
1094217,1166281
1094223,152478
1094223,237477
1094228,1152387
109423,1072436
1094247,1009015
1094345,821338
10944,448266
10944,763204
10944,65095
1094415,28265
1094415,444420
1094415,903347
1094415,1019845
1094415,1033388
1094415,621108
1094415,956188
1094415,843335
1094415,610418
1094415,422950
1094415,695365
1094415,559943
1094415,554382
1094415,700262
1094415,771352
1094415,1039218
1094415,614812
1094415,630486
1094415,33225
1094415,683124
1094415,1050871
1094452,517324
1094456,94459
1094456,282029
109448,689666
109448,343392
1094492,1149219
1094492,91685
1094587,411046
1094587,240649
1094654,274989
1094654,436680
109473,55642
109473,251539
109473,571691
109473,36337
1094759,517389
1094759,1019048
1094759,983795
1094790,617912
1094790,42038
1094790,1063093
1094790,742134
1094830,693032
1094933,1129932
1094933,27781
1094973,967739
1094973,937438
1094973,1118769
1094973,327526
1094973,433139
1094973,522869
1094973,201618
1094973,443367
1095019,33225
1095063,255014
1095063,843335
1095063,920633
1095063,1081159
1095064,916459
1095064,801122
1095064,889301
1095064,1061310
1095064,210436
1095064,697935
1095064,654237
1095064,1162729
1095064,656334
1095075,695091
1095075,531413
1095075,612500
1095075,386870
1095075,552505
1095075,599392
1095075,706108
1095075,290017
1095075,74771
1095075,303407
1095075,494047
1095093,957930
1095093,264341
1095093,395291
1095093,345458
1095093,173244
1095093,156432
1095113,742120
1095233,843335
1095233,807443
1095233,377442
1095233,165837
1095233,248989
1095233,72221
1095233,957056
1095233,646842
1095233,750187
1095233,357737
1095233,464580
1095233,685545
1095233,795709
1095233,339728
1095233,616049
1095264,781773
1095264,229220
1095264,1154890
1095311,934581
1095311,718506
1095311,972964
1095311,12182
1095315,1111328
1095498,424541
1095498,667275
1095498,524262
1095498,345215
1095560,559943
1095560,135688
1095560,627406
1095560,114090
1095560,172632
1095560,355884
1095560,683124
1095560,362815
1095560,47185
1095560,775108
1095560,792590
1095560,1096677
1095560,899374
1095560,291411
1095560,593115
1095560,526871
1095560,812341
1095560,539041
1095560,204645
1095560,1082418
1095560,843335
1095560,126854
1095560,468064
1095610,389711
1095620,792910
1095620,1052388
1095620,435670
1095669,767537
1095691,222814
1095691,852140
1095691,1104990
1095693,767200
1095697,340566
10957,623170
10957,1139315
10957,1033388
10957,781873
10957,971748
10957,164756
10957,1052210
10957,1139928
1095707,855633
1095707,1157663
1095746,306102
1095746,980874
1095746,398718
1095746,947788
1095788,1103415
1095794,59543
1095817,1128736
1095851,506439
1095867,341040
1095867,43636
1095900,246458
1096005,747377
1096036,546145
1096036,369938
1096036,196072
1096043,165837
1096043,854355
1096086,423805
1096091,1050953
1096091,677090
1096091,1084569
1096091,418731
1096091,353259
1096091,1123676
1096091,503133
1096091,244716
10961,968770
10961,384201
10961,751942
1096133,793537
1096133,286282
1096135,509793
1096257,700262
1096257,494241
1096257,559943
1096257,1086370
1096257,554382
1096257,435964
1096257,734142
1096257,565610
1096257,843335
1096278,87598
1096278,121835
1096278,851782
1096278,245440
1096278,907370
1096278,930911
1096278,688765
1096278,702383
1096278,478977
1096278,1086395
1096307,782900
1096328,958877
1096339,29437
1096339,311616
1096339,743375
1096351,469742
1096365,315167
1096380,1091278
1096429,117552
1096477,580205
1096504,679616
1096557,479851
1096557,386870
1096557,286771
1096557,443641
1096557,679966
1096557,1132858
1096557,877141
1096557,852485
1096557,976956
1096557,771352
1096557,848909
1096557,531413
1096557,565499
1096557,290017
1096557,676310
1096557,945575
1096557,253891
1096557,1062222
1096557,39047
1096557,571230
1096557,1146349
1096557,554382
1096557,386827
1096557,93169
1096557,608311
109658,659322
109658,1130650
109658,729601
109658,573369
1096595,558946
1096595,1016021
1096595,396673
1096595,766213
1096595,465329
1096644,1096557
1096644,386870
1096644,513405
1096644,578824
1096644,479851
1096677,355884
1096677,1095560
1096677,114090
1096703,194888
1096703,248028
1096787,755667
1096805,733649
1096805,118864
1096805,287217
1096805,663226
1096809,960278
1096809,739562
1096809,365991
1096809,300694
1096870,1148145
1096897,855075
1096897,210163
1096902,798846
1096930,1006634
1097049,707900
1097049,899374
1097049,528508
1097049,135688
1097049,47185
1097062,97768
1097077,759639
1097087,272897
1097103,22381
1097103,1118942
1097103,1093380
1097103,287157
1097103,293554
1097103,970736
1097149,1032136
1097149,372227
1097149,576801
1097173,70680
1097173,837373
1097173,1005176
1097173,960278
1097173,1002584
1097173,483432
1097173,1109629
1097173,352711
1097249,351229
1097249,370139
1097249,232088
1097249,792590
1097256,64999
1097318,114382
1097318,16816
1097318,768761
1097325,70827
1097325,712291
1097338,363095
1097340,19984
1097340,952366
1097340,137518
1097340,386870
1097340,290017
1097340,259042
1097340,819555
1097376,700511
1097376,936823
1097376,84025
1097377,282410
1097377,483286
109738,243054
1097443,230043
1097443,727422
1097443,498296
1097443,37907
1097443,326141
1097443,160147
1097443,589412
1097443,883559
1097480,81566
1097483,559943
1097527,986463
1097580,355803
1097633,962042
1097633,1136943
1097633,625670
1097633,1122475
109773,955375
109773,121567
1097744,805092
1097744,657522
1097775,846413
1097775,300299
1097797,400815
1097800,212808
1097846,564851
1097846,148725
10979,329027
10979,707971
10979,222908
10979,317061
10979,362662
10979,13351
10979,809465
10979,984180
10979,547139
10979,1073072
1097906,10331
1097928,1046124
1097928,329548
1097935,468121
1097977,497636
1097977,591043
1097977,706905
1097977,83556
1097977,411589
1097990,1131607
1097990,211660
1097990,612265
1098110,1033173
1098110,28817
1098110,734157
1098126,1141266
1098126,725340
1098126,488805
1098126,658835
109815,128752
109815,377442
109815,585930
109815,843335
109815,120915
109815,514841
109815,298092
109815,1138355
109815,254874
109815,312710
109815,38679
109815,653185
109815,617186
109815,623920
109815,884911
109815,1013424
109815,168690
1098154,1142231
1098154,240350
1098154,880963
1098154,729601
1098154,905564
1098154,342127
1098249,877141
1098249,425132
1098249,608311
1098249,1118769
1098249,843335
1098249,247868
1098270,211323
1098270,729565
1098270,1073695
1098270,849883
1098270,43490
109829,603785
109829,501160
1098295,884911
1098344,26827
1098344,596000
1098344,786177
1098344,155017
1098344,322266
1098344,45877
1098344,338980
1098358,408149
1098358,353912
1098406,776558
1098406,1097744
1098406,804989
1098437,647703
1098437,999438
1098437,956468
1098493,897168
1098525,681017
1098525,94971
1098551,343803
109856,338149
109856,669533
109856,843575
109856,155861
109856,280679
109856,1131896
109858,604828
109858,1016615
109858,651613
109858,319226
109858,615150
1098597,757323
1098597,216223
1098656,586641
1098666,91551
1098671,392562
1098671,826709
1098671,33528
1098671,610418
1098683,386776
1098683,108095
1098689,5336
109869,548923
1098695,420647
1098695,579475
1098695,95105
1098695,845689
1098695,433187
1098695,697206
1098695,1119910
1098695,592720
1098744,981839
1098748,795399
1098748,1141266
1098752,1149283
1098752,604828
1098789,290525
1098844,76667
10989,1001414
10989,430273
1098904,98637
1098935,105835
1098935,81468
109903,781153
109903,1134744
1099053,120227
1099053,992202
1099053,278564
1099054,793782
1099128,685545
1099128,397476
1099128,843335
1099128,854199
1099128,1103055
1099128,517498
1099128,605778
1099128,361455
1099128,547869
1099128,554382
1099189,694495
1099189,953579
1099189,1026546
1099189,153828
1099189,761999
1099189,406842
1099189,1139973
1099189,221021
1099189,522144
1099189,495520
1099189,689285
1099189,1073209
1099189,441459
1099189,567361
1099259,206266
1099264,247793
1099264,1050736
1099264,781852
1099264,805649
109927,1005176
109927,452623
109927,599392
1099274,278917
1099275,772795
1099334,746984
1099375,498788
1099389,801691
1099434,877141
1099434,771352
1099434,94816
1099434,1079759
1099455,368771
109952,715691
1099624,545142
109972,957691
109972,42645
1099793,1103415
1099793,103447
1099793,958375
1099798,363039
1099798,831585
1099854,863935
1099854,890620
1099854,451798
1099854,1129978
1099854,31657
1099854,827580
1099890,1116789
1099890,371448
1099893,333195
1099893,953579
1099893,851499
1099893,905787
1099931,393870
1099934,777356
1099934,857499
1099934,94024
1099934,588502
1100090,101711
1100090,832963
1100090,923805
1100090,879246
1100090,943967
1100121,277432
1100121,658012
1100121,465035
1100121,124590
1100121,65216
1100121,1110247
1100121,975890
1100121,865010
1100121,136573
1100287,33728
1100292,135783
1100292,1119279
1100292,755441
1100292,677090
1100292,259368
1100292,372188
1100292,421871
1100292,1084569
1100292,217528
1100292,257329
1100346,926464
1100346,1003596
1100346,249544
1100346,926410
110037,551281
110037,840180
110037,1013097
110037,136208
110037,711046
110037,552795
110037,507558
1100462,827193
1100462,457928
1100462,581828
1100462,1103415
1100501,99187
110055,848588
110055,667934
1100561,1088589
1100561,891763
1100581,42645
1100581,386402
1100581,699706
1100581,237820
1100581,5395
1100598,791216
1100598,890377
1100598,134901
1100598,40378
1100598,479851
1100598,971242
1100598,386827
1100598,721555
1100614,984704
1100614,244709
1100614,97984
1100614,515512
1100614,90209
1100614,635511
1100619,846413
110064,1063306
1100709,468404
1100875,91734
1100875,522314
1100908,554382
1100918,1146361
1100918,181695
1100979,361334
1100979,408618
1100979,488194
1101011,668230
1101013,384663
1101073,497252
1101073,602830
1101137,277575
1101158,601309
1101259,479851
1101259,33605
1101284,146011
1101284,377449
1101284,835506
1101284,1052480
1101284,458609
1101284,33270
1101284,575444
1101284,804943
1101284,267809
1101290,394158
1101290,1117314
1101290,211914
1101290,374795
1101290,744439
1101290,1055258
1101290,61934
1101290,15609
1101348,162234
1101348,332588
1101348,1129978
1101350,442399
1101361,87447
1101361,100131
1101361,416170
1101361,536493
1101483,254874
1101483,109815
1101483,1051041
1101485,633714
1101505,98297
1101505,983019
1101505,1083782
1101505,1065161
1101505,967429
1101505,747858
110151,351863
110151,995257
1101536,938599
1101540,637938
1101540,596863
1101540,250223
1101585,902973
1101585,804945
1101585,338554
1101615,549728
1101615,491391
1101615,651043
1101675,541955
1101675,290017
110169,216316
110169,909147
1101715,599217
1101715,792188
1101715,452050
1101724,491823
1101755,1043513
1101823,435622
1101859,716951
1101859,599307
1101859,26003
1101859,936119
1101859,828949
1101859,436152
1101923,1138960
1101923,734157
1101945,554382
1101945,28755
1101945,723703
1101945,645888
1101953,1101953
1102034,620581
1102034,420749
1102242,502339
1102276,452345
1102276,658994
1102276,187827
1102276,466412
1102277,438758
1102277,474975
1102277,742065
1102277,760039
1102321,724151
1102367,957959
1102380,211316
1102389,558946
1102389,669921
1102389,1044476
1102389,736211
1102389,260549
1102389,25103
1102423,104957
1102423,118189
1102423,435435
1102423,155440
1102423,269020
1102437,269949
1102437,1091338
1102437,963941
1102437,843335
1102437,903347
1102437,559943
1102439,479851
110250,847352
110250,893833
1102629,94728
1102629,660162
1102672,998221
1102672,381985
110268,290525
110268,572259
110268,1124227
110268,858073
110268,290634
110268,911960
1102681,478264
1102681,750636
1102706,311667
1102706,502240
1102807,699706
1102807,522354
1102807,42645
1102861,845354
1102869,725765
1102869,994364
1102869,61467
1102869,390257
1102887,737462
1102887,516451
1102894,224476
1102894,268289
1102943,717468
1102943,1162427
1102943,1086501
1102943,610095
1102943,665259
1102943,643593
1102943,843532
1102958,716683
1102958,298846
1102958,251053
1102969,566520
1102969,856776
1102969,553738
1102969,514497
1102969,908724
1102969,554382
1102969,674768
1102969,549182
1102969,544405
1102969,627838
1102969,559943
1102969,490608
1102969,875435
110301,53434
110301,205979
110301,699706
110301,1021291
110301,988002
110301,983714
110301,1057929
110301,1107609
110301,386402
110301,220155
110301,42645
1103055,98349
1103055,824351
1103055,679644
1103055,376532
1103055,397476
1103055,854199
1103055,611088
1103055,973289
1103055,1099128
1103055,517498
1103055,361455
1103055,169959
1103055,226294
1103055,605778
1103131,519406
1103131,33605
1103131,662015
1103131,1050126
1103131,459845
1103131,554382
1103131,604959
1103131,112927
1103131,339495
1103131,843335
1103131,194279
1103131,1062139
1103131,848909
1103131,630825
1103131,839790
1103131,532894
1103132,470364
1103132,1093995
1103132,999980
1103132,827580
1103132,1081159
1103215,1159372
1103215,128679
1103230,858730
1103284,33728
1103284,486093
1103328,713986
1103349,1160273
1103349,730627
1103349,566412
1103349,371586
1103349,248481
1103349,119621
1103349,792590
1103349,77576
1103349,347637
1103349,992202
1103349,734142
1103361,307977
1103361,294498
1103399,960698
1103415,76669
1103415,1013259
1103415,572147
1103415,774449
1103415,457928
1103415,877658
1103415,300589
1103415,1012876
1103415,638924
1103415,187381
1103415,581828
1103415,771352
1103415,996224
1103415,936885
1103415,627206
1103415,827193
1103455,460354
1103455,876337
1103455,931681
1103455,830747
1103455,691221
1103455,1045193
1103455,1138804
1103492,148557
1103492,614836
1103538,815044
1103538,835306
1103552,1103415
1103552,791552
1103552,508794
1103648,39673
1103731,42645
1103745,1082418
1103745,974830
1103745,478031
1103745,178955
1103745,642471
1103745,504478
1103751,1028407
1103828,838445
1103828,257336
1103828,464565
1103828,483237
1103828,46545
1103888,22381
1103888,86354
1103888,319237
1103890,342216
1103890,899834
1103890,931333
1103890,672378
1103890,764366
1103922,349204
1103922,808118
1103931,1010629
1103931,566146
1103959,983019
1103959,1083323
1103959,369192
1103959,609447
1103959,772795
1103959,526871
1103998,285403
1104008,941253
1104008,1037624
1104008,610095
1104008,243054
1104008,386827
1104015,140476
1104015,760111
1104015,683525
1104015,993530
1104015,433139
1104015,775108
1104015,584426
110402,843335
110402,689945
110402,559943
110402,848909
110402,1073449
1104026,14005
1104026,213695
1104026,468404
1104046,1065145
1104070,802969
1104070,781852
1104070,973812
1104070,851651
110409,855633
110409,1060562
1104157,381887
1104157,954318
1104157,173529
1104157,290017
1104162,733595
1104192,396042
1104192,619551
1104230,736011
1104230,1118769
1104230,414848
1104230,398690
1104230,333627
1104231,410910
1104341,464580
1104353,843335
1104353,608311
1104353,614836
1104353,33605
1104353,479851
1104353,776529
1104382,238396
1104382,190665
1104482,997700
1104482,554382
1104615,1072492
1104615,661833
110468,6647
1104767,29599
1104767,981778
1104767,901795
1104767,523325
110478,202936
110478,21913
1104871,757243
1104871,577778
1104871,1145018
1104871,801250
1104871,1071514
1104931,257139
1104990,456422
1104990,115000
1104990,687813
1104990,1042069
1104990,48599
1104990,662179
1104990,396155
1104990,222814
1104990,650261
1104990,938481
1104990,952382
1104990,1073572
1104990,852140
1105105,503727
1105169,444678
1105220,941165
1105220,1075687
1105230,639694
1105230,454048
1105231,509892
1105231,695091
1105231,549232
1105231,516370
1105231,756717
1105231,1050922
1105231,116744
1105231,108424
110525,569336
110525,96943
110525,27994
110525,395244
1105314,693106
1105314,663027
1105385,313871
1105396,534170
1105396,394969
1105396,257768
1105396,1151548
1105396,698780
1105396,4306
1105397,898525
1105417,238460
1105417,1137367
1105417,525110
110543,168402
110543,206574
110543,444404
1105442,814097
1105470,217158
1105583,394690
1105583,628213
1105583,43200
1105596,1009380
1105596,301176
1105596,1118769
110567,158946
110567,1113216
1105670,967739
1105670,256201
1105670,43200
1105768,658012
1105768,320401
1105768,437949
1105768,1124555
1105804,526184
1105804,503774
1105832,1700
1105832,761176
1105832,1141622
1105832,957084
1105871,610095
1105871,593574
1105871,949186
1105871,627406
1105871,661652
1105921,532622
1105921,898828
1105921,652736
1105921,231020
1105937,386776
1105967,830433
1105967,279245
1105967,760377
1105967,543319
1105967,695652
1105967,1114050
1105967,86045
1105972,849620
1105972,579759
1105972,510567
1105972,848744
1105972,731277
1106022,610856
1106025,1131607
1106025,981778
1106060,841841
1106084,1062222
1106084,471407
1106103,364813
1106103,1090763
1106138,479851
1106161,840096
1106161,400123
1106164,369718
1106164,133249
1106201,559943
110624,501160
110624,1074193
110624,1077960
1106309,1161613
1106309,651486
1106352,978385
1106460,89972
1106460,875887
1106460,113514
1106460,268856
1106460,1144490
1106490,528401
1106490,762374
1106567,1141881
1106632,16816
1106632,909147
1106632,399962
1106643,70827
1106643,635701
1106643,178910
1106643,77069
1106643,921608
1106643,332684
1106662,1062222
1106662,920057
1106687,271268
1106731,275170
1106747,19103
1106747,783387
1106747,709918
1106747,205490
1106747,1121309
1106747,942802
1106747,723421
1106906,1010507
1106977,450107
1106977,1024276
1106996,290017
1107001,972000
1107022,268856
1107022,1059392
1107022,383001
1107022,386605
1107022,348738
1107022,314159
1107022,802969
1107041,94971
1107041,832524
1107041,1098525
1107041,681017
1107045,1071636
1107045,799864
1107045,259291
1107045,906924
1107045,400550
1107074,892110
1107074,772497
1107074,780219
1107074,774218
1107075,224660
110708,192598
110708,735900
1107140,187777
1107233,813220
1107233,843335
1107233,320360
1107233,771352
1107233,1116928
1107233,422950
1107233,651486
1107246,44736
1107282,753182
1107282,453340
1107333,672794
1107333,130813
1107342,853945
1107357,674716
1107357,586689
1107368,464580
110741,815046
1107430,798539
1107430,881021
1107430,63558
1107430,1079957
1107435,89111
1107435,1136077
1107435,27781
110752,943876
110752,816594
110752,457713
110752,767719
110752,396155
1107545,739790
1107545,94024
1107554,801013
1107554,765343
1107554,357153
1107554,59543
1107554,33605
1107554,242688
1107554,555335
1107554,673383
1107554,377077
1107554,108095
1107554,681298
1107554,754306
1107554,496915
1107564,157605
1107609,110301
1107609,42645
1107631,610418
1107681,507687
1107687,1051804
1107719,938599
1107719,306102
1107719,239088
1107757,852467
1107807,792910
1107871,357718
1107882,386402
1107900,581794
1107900,546484
1107900,846413
1107900,514723
1107911,394399
1107911,952754
1107911,890259
1107911,1031377
1107911,604788
1107911,658625
1107963,604944
1107964,463471
1107964,549182
1107964,487327
1107964,203265
1107964,845509
1107964,41864
1107964,587687
1107964,775108
1107964,663025
1107964,792590
1107964,370671
1107964,433139
1107964,322025
1107964,665571
1107964,48599
1107964,489438
1107964,999397
1107964,60154
1107964,1102969
1107964,677142
1107964,760867
1107964,652909
1107964,95553
1107964,1111328
1107964,94018
1107964,209838
1107964,8426
1107964,544623
1107964,580287
1107964,217593
1107964,961604
1107964,950860
1107964,397486
1107964,206937
1107964,507893
1107964,1078463
1107975,879246
1107975,651613
1107975,604828
1107975,246370
1107975,384846
110802,94816
110802,319606
110802,244934
110802,576215
110802,989739
110802,1132682
1108088,331150
1108088,510912
1108088,731503
1108088,435875
1108106,777533
1108106,204249
1108106,953579
1108106,885102
1108159,679644
1108159,69859
1108159,1001624
1108159,610095
1108159,433139
1108159,1140434
1108159,918154
1108159,1136943
1108159,680314
1108182,1055190
1108200,624476
1108200,614662
1108200,10143
1108200,674510
1108200,535093
1108234,297801
1108234,190389
1108309,420134
1108348,1080006
1108348,894460
1108348,718574
1108358,625452
1108358,486470
1108358,771352
1108389,375335
1108389,1011282
1108389,190389
110848,488194
110848,973522
110848,1162705
1108507,605516
1108507,357059
1108507,401524
1108507,492448
1108515,557486
1108515,143244
1108515,800930
1108515,165264
1108515,148670
1108515,929508
1108515,334509
1108515,1082619
1108515,1143278
1108515,190527
1108534,1165796
1108534,634489
110854,1118769
1108562,812341
1108656,675467
1108656,855700
1108656,376536
1108760,123181
1108760,1053289
1108790,1143481
1108790,911471
1108792,777490
1108792,740362
1108792,687614
1108792,639783
1108792,1110461
1108792,1089504
1108792,181339
1108792,249474
1108792,1132829
1108792,189150
1108792,468430
1108792,726782
1108792,248109
1108821,1086852
1108832,909325
1108832,780710
1108832,517767
1108832,638924
1108832,547472
1108832,573246
1108850,152052
1108850,86985
110888,216047
1108938,240350
1108970,556866
1109018,524374
1109018,803946
1109018,859940
1109018,1044597
1109018,290017
1109018,312408
1109018,554382
1109018,674768
1109018,843335
1109018,454350
1109018,33605
1109018,683124
1109018,186911
1109032,896431
1109134,727093
1109134,279424
1109134,267831
1109150,1124825
1109160,550645
1109160,945408
1109160,658861
1109175,896214
1109175,669235
1109175,278795
1109175,6037
1109175,650163
1109175,942408
1109175,118189
1109175,113407
1109175,641306
1109175,459455
1109175,480445
1109175,884911
1109175,940927
1109227,679433
1109227,497552
1109227,96375
1109298,1113539
1109298,911071
1109298,955467
1109321,114090
1109321,1095560
1109343,884252
1109430,943092
1109430,624887
1109430,580997
1109437,528177
1109437,517553
1109480,1122475
1109480,1078241
1109480,998703
1109480,474218
1109480,1071514
1109480,1005802
1109480,15704
1109480,433786
1109480,1134524
1109480,263357
1109480,411516
1109480,353353
1109480,1140817
1109480,870765
1109480,1089176
1109528,94971
1109528,681017
1109577,26740
1109577,803946
1109577,664426
1109615,1082418
1109629,1097173
1109629,77544
1109629,70680
1109629,193769
1109629,1027039
1109629,695091
1109629,1005176
1109685,1002721
1109717,638924
1109717,1113286
1109721,976337
1109721,119355
1109721,885102
1109721,855817
1109721,729255
1109721,168402
1109759,764153
1109846,737240
1109900,233382
1109900,762374
1109905,1107554
1109905,754306
1109905,377077
1109905,482265
1109905,357153
1109936,810629
1109936,1153906
1109960,204907
1109960,1166385
1109960,909773
1109960,21971
1109960,515806
1109960,156648
1109960,1020169
1109960,579177
1109960,288920
1109960,352877
1109998,448646
1109998,517553
1109998,1089707
1110012,468404
1110012,398228
1110012,960189
111005,27620
111005,984194
111005,3263
1110099,1142588
111014,483398
111014,489754
111014,482146
1110150,503997
1110150,468625
1110150,478977
1110150,29948
1110150,1027050
1110150,499003
1110241,1105921
1110241,231020
1110247,1009969
1110247,812528
1110247,975890
1110247,327083
1110247,1100121
1110247,42643
1110247,174567
1110247,880377
1110247,489681
1110247,479851
1110247,408736
1110247,43133
1110255,114090
1110291,732333
1110304,830588
1110304,145974
1110304,163473
1110304,57889
1110304,550295
1110304,81474
1110304,975311
1110321,133484
1110321,609163
1110321,216691
1110353,77920
1110353,684362
1110381,501706
1110381,858767
1110387,363515
1110434,905600
1110434,119553
1110461,772756
1110461,1108792
1110527,811356
1110570,1082884
1110570,33605
1110570,433139
1110570,951155
1110582,1112522
1110582,497552
1110582,853945
1110592,524998
1110592,549259
1110657,1107233
1110657,386827
1110657,665157
1110657,320360
1110709,658012
1110711,860965
1110711,931489
1110711,338824
1110731,77173
1110731,10143
1110742,491605
1110774,202763
1110793,681309
1110793,730603
1110832,84470
1110832,946291
1110904,626001
1110904,549478
1110904,992826
1110904,344973
1110904,437471
1110911,824803
1110935,903173
1110935,87862
1110935,383098
1110935,909773
1110935,887056
1110935,1075890
1110963,291227
1110963,800390
1110963,843335
1111111,181490
111112,287721
111112,966196
1111271,178826
1111271,609193
1111271,457928
1111271,639972
1111271,827193
1111271,1012876
1111271,822352
1111271,830567
1111271,581828
1111303,592024
1111328,406022
1111328,775108
1111328,677142
1111328,8426
1111328,1107964
1111328,433139
1111328,587687
1111355,527685
1111355,194433
1111355,413397
1111355,431169
1111355,1083285
1111355,1126948
1111368,642713
111141,589590
111141,364537
111141,624858
111141,1087511
111146,56387
111146,703612
111146,681254
111146,753334
1111475,468404
1111475,180568
1111475,290525
1111489,27781
1111489,238460
1111489,525110
1111489,865988
1111489,488926
1111489,1137367
1111489,608994
1111509,501770
1111509,578119
1111512,509738
1111512,1100121
1111520,822603
1111570,507831
1111570,771352
1111579,194271
1111603,891168
1111619,912882
1111619,743396
1111619,987538
1111619,1115219
1111619,511386
1111619,641540
111169,207430
1111786,246370
1111786,879246
1111786,957480
1111835,772795
111186,523186
1111860,706744
1111891,439203
1111891,445320
1111891,764742
1111891,576866
1111891,500149
1111891,625932
1111909,236976
1111909,1039854
1111909,773399
1111955,428748
1111955,590256
1111995,633963
1112014,458609
1112017,922040
1112017,1103415
1112044,792249
1112044,449731
1112044,329895
1112044,196166
1112044,99558
1112044,724767
1112044,168402
1112044,1011676
1112044,224398
1112044,588446
1112044,40968
1112044,404486
1112044,642205
1112044,747357
1112044,42645
1112044,1082884
1112044,122862
1112044,436696
1112044,789198
1112044,386402
1112044,577982
1112044,842282
1112044,49678
1112044,282410
1112044,534891
1112044,709906
1112044,670136
1112044,1063162
1112044,1080383
1112044,840138
1112052,1115765
1112052,33728
1112052,486093
111211,829375
111211,621889
1112115,64678
1112115,428839
1112124,1149283
1112153,968336
1112153,1048403
1112180,1134524
1112180,50402
1112180,1005802
1112180,1030899
1112180,1000371
1112188,83795
1112353,433518
1112353,1124826
1112353,872101
1112353,810287
1112353,985502
1112353,64999
1112353,895844
1112353,569233
1112353,207165
1112367,729601
1112367,240350
1112367,32354
1112367,189789
1112481,558928
1112481,811022
111250,971610
111250,383431
1112522,738143
1112522,546098
1112522,1110582
1112522,447238
1112522,853945
1112548,827580
1112553,596578
1112553,175023
1112553,523264
1112553,168402
1112553,231874
1112654,425955
1112654,612850
1112654,1116244
1112781,853432
1112781,635173
1112793,843335
1112793,554382
1112793,559943
1112794,519171
1112834,640803
1112834,189272
1112834,668368
1112845,710618
1112847,700163
1112847,427520
1112847,8263
1112847,791438
1112864,414148
1112864,582463
1112864,247261
1112864,953579
1112864,901467
1112864,824969
1112864,1160109
1112869,521461
1112886,1082884
1112948,137719
1112948,1048683
111302,281300
111302,35267
111302,755833
111302,1100346
111302,113998
111302,967612
111302,903825
111302,547404
111302,11801
111302,223261
111302,333270
111302,585218
111302,176386
111302,118859
111302,130751
111302,72536
111302,1027995
111302,772316
1113090,582472
1113090,403787
1113107,773993
1113107,603785
1113107,812341
1113227,641520
1113257,103280
1113257,433139
1113257,843335
1113257,1093167
1113257,357737
1113286,382155
1113286,1109717
1113286,638924
1113286,723183
11134,11134
1113409,523915
1113409,683124
1113410,838985
1113410,792590
1113410,221724
1113410,1143796
1113478,305989
1113478,655274
1113510,591887
1113539,239083
1113539,955467
1113539,911071
1113539,1109298
1113539,465953
1113582,600199
1113582,13751
1113582,1062222
1113582,945575
1113582,531413
1113599,578638
1113599,518429
1113599,513929
1113599,1028138
1113599,23188
1113599,65095
1113599,258367
1113602,1082418
1113699,310311
1113699,1113736
1113706,550982
1113736,265217
1113736,46545
1113736,848547
1113736,64442
1113736,3205
1113736,334100
1113736,310311
1113736,303544
1113736,230347
1113736,501005
1113736,133777
1113736,676028
1113847,573171
1113847,601309
1113852,891440
1113852,610095
1113852,232132
1113852,176656
1113852,36260
1113852,1073209
111389,384846
111389,216297
111389,856617
111389,943967
111389,1149283
111391,316897
111391,843335
111391,123050
111391,652464
111391,661656
1113913,1078963
1113913,9696
1113913,750187
1113957,364751
1113976,684167
1114039,475676
1114039,438390
1114039,269976
1114039,699270
1114042,1133106
1114050,736254
1114050,852854
1114135,329992
1114135,435747
1114135,826316
1114136,33605
1114136,843335
1114136,114079
1114136,528177
1114136,884503
1114146,133249
1114153,500570
1114153,596758
1114153,15493
1114153,1078248
1114153,1018286
1114153,485824
1114153,1018871
1114153,619665
1114196,20357
1114231,349967
1114231,787139
1114261,687511
1114261,1120133
1114261,1122185
1114274,1114638
1114274,129857
1114274,909773
1114274,646576
1114303,775108
1114312,1166930
1114375,661803
1114375,489316
1114375,89297
1114375,809154
1114375,694387
1114375,140430
1114375,469742
1114375,394441
1114375,139830
1114375,236424
1114375,860888
1114376,371040
1114376,403248
1114376,22002
1114416,1093956
1114478,121331
1114556,861090
1114638,646576
1114638,237540
1114638,1114274
1114638,41473
1114638,129857
1114638,564844
1114638,192150
1114657,282682
1114657,1063410
1114699,77173
1114699,136203
1114726,806832
1114726,79809
1114727,42836
1114765,988002
1114786,658012
1114806,1161613
1114807,547381
1114807,959625
1114807,512568
1114807,129404
1114807,145189
1114807,389745
1114807,623271
1114807,690112
1114807,776396
1114807,1117007
1114807,292833
1114807,789966
1114807,853194
1114807,361024
1114811,910476
1114811,779492
1114811,300792
1114811,1024660
1114811,168402
1114846,683124
1114846,843335
111490,355277
1114920,836955
1114920,722651
1114920,1128904
1114920,695091
1114920,608311
1115032,774218
1115032,758353
1115032,1128251
1115072,1135594
1115125,797258
1115128,1031322
1115128,136667
1115219,868734
1115219,808094
1115219,114333
1115219,615101
1115257,164494
1115257,989767
1115257,149052
1115259,945635
1115259,1060803
1115266,217289
1115266,782073
1115266,676965
1115271,108563
1115271,648541
1115271,734157
1115271,263455
1115271,333353
1115271,101647
1115271,1138346
1115281,116577
1115281,374476
1115281,705766
1115281,204645
1115281,554382
1115281,62877
1115281,843335
1115281,108424
1115281,992202
1115281,722820
1115281,380040
1115281,559943
1115281,629591
1115281,681330
1115281,168402
1115310,112450
1115322,1037412
1115380,229089
1115380,953579
1115380,168402
1115384,238892
1115407,639555
1115407,509793
1115421,959220
1115425,795215
1115453,228676
1115453,962058
1115453,689012
1115453,1073341
1115453,997790
1115460,264341
1115460,229780
1115460,227319
1115465,70240
1115465,893692
1115465,128937
1115489,1013294
1115489,228586
1115489,456509
1115538,366644
1115562,168402
1115562,976522
1115587,574741
111560,33614
111560,1062222
111560,307523
111561,1142534
111561,950503
111561,164566
111561,1112044
1115637,129117
1115640,139100
1115654,831124
1115654,762374
1115654,571830
1115654,161700
1115654,756690
1115657,971382
1115657,1102629
1115663,986812
1115663,987346
111568,554787
1115682,1053400
1115697,517767
1115697,513249
1115697,638924
1115697,1108832
1115697,723183
1115758,843335
1115765,695403
1115765,119553
1115765,398186
1115765,400675
1115765,337515
1115765,225791
1115765,1166930
1115765,361672
1115765,142613
1115765,33111
1115765,160147
1115765,350146
1115765,678895
1115765,1143094
1115765,763449
1115765,671272
1115765,962058
1115765,792590
1115765,236166
1115765,558946
1115765,853853
1115765,81474
1115765,33728
1115765,547291
1115765,99485
1115765,947983
1115765,727422
1115765,390244
1115765,120171
1115765,326141
1115765,679599
1115765,477104
1115792,29460
1115792,95099
1115792,799875
1115853,540893
1116002,1005368
1116244,526047
1116244,425955
1116258,90040
1116258,261717
1116258,156494
1116258,828949
1116258,1143796
1116352,497786
1116352,604828
1116352,100638
1116429,613439
1116429,893948
1116429,1131199
1116429,812341
1116429,369135
1116429,584900
1116433,320420
1116433,456647
1116433,1141266
1116433,746093
1116433,199323
1116471,516099
1116476,1138226
1116476,433190
1116476,170643
1116476,465262
1116579,795168
1116744,305770
1116744,214840
1116744,1116866
1116789,103032
1116789,589087
1116789,371448
1116789,772795
1116789,194683
1116789,1125166
1116789,119620
1116789,346263
1116789,637796
1116789,977945
1116789,726759
1116789,766347
1116789,239507
1116789,647671
1116789,585694
1116789,178163
1116789,66155
1116789,318454
1116789,1034112
1116789,823855
1116789,490962
1116789,40504
1116789,117201
1116795,510313
1116795,537337
1116795,1150288
1116795,1036769
1116795,900080
1116795,30767
1116795,206644
1116811,911983
1116811,913722
1116824,782073
1116845,59517
1116845,176725
1116845,51468
111685,168402
1116866,27781
1116866,107049
1116866,157639
1116866,458523
1116867,78580
1116867,924988
1116886,268667
1116902,392921
1116902,43636
1116902,80637
1117007,512568
1117007,145189
1117007,962419
1117007,988455
1117007,621034
1117007,151265
1117007,623271
1117007,776396
1117007,658057
1117007,27807
1117007,520191
1117007,547653
1117007,47116
1117034,228757
1117034,569336
1117072,222620
1117072,414419
1117134,851673
1117208,775108
1117314,98593
1117314,1093682
1117314,838800
1117314,374795
1117314,549478
1117314,610418
1117365,286393
1117365,860965
1117365,206669
1117389,648970
1117509,223864
1117538,959058
1117541,806450
1117774,113550
1117793,251768
1117818,1029586
1117818,601309
1117823,820169
1117823,479851
1117850,29278
1117850,386464
1117850,827580
1117850,57052
1117850,1044678
1117868,290017
1117898,1041215
1117898,749543
1117898,222783
1117898,913067
1117898,8027
1117898,1118769
1117898,894679
1117898,72289
1117909,844385
1117936,409779
1117936,279193
1117936,1088954
1117936,312817
1117936,269661
1118030,539041
1118030,753535
1118030,135688
1118030,835913
1118030,114090
1118030,899374
1118030,898903
1118030,735019
1118061,1032459
1118061,974221
1118208,621582
1118208,985141
111821,877475
111828,379668
1118301,435435
1118311,700163
1118327,485598
1118327,1007999
1118327,77920
1118372,298373
11184,725897
111851,895455
111851,1075246
111851,604548
111851,1022644
1118549,522250
111862,845354
111862,550982
1118645,795667
1118645,807708
1118645,1124234
1118769,454350
1118769,1082884
1118769,1057145
1118769,1119910
1118769,540122
1118769,747663
1118769,845689
1118769,870765
1118769,1009380
1118769,958349
1118769,149052
1118769,386402
1118769,600168
1118769,734142
1118769,433139
1118769,378727
1118769,420647
1118769,577982
1118769,495520
1118769,168402
1118769,120691
1118769,796343
1118769,1051870
1118769,726629
1118769,812341
1118769,894679
1118769,843335
1118769,592720
1118769,10143
1118769,1041215
1118769,547869
1118769,579475
1118769,1082418
1118769,104487
1118769,357059
1118769,12263
1118769,935460
1118769,531443
1118769,859368
1118769,767732
1118769,1053354
1118769,470445
1118769,755327
1118769,668368
111877,467053
111877,1157464
1118773,739894
1118773,233515
1118773,167415
1118783,257890
1118783,368712
1118815,722406
1118821,817136
1118821,68633
1118839,881520
1118839,248061
1118839,46698
1118839,671272
1118839,862099
1118839,1112553
1118839,146221
1118839,381803
1118839,408477
1118839,456467
1118839,836638
1118839,893982
1118839,847352
1118839,386402
1118839,94584
1118912,1109298
1118914,120010
111892,124016
111892,861059
111892,120036
111892,841847
1118988,1053620
1118988,958164
1118988,499176
1119081,47185
1119101,1086067
1119101,1158559
1119153,155861
1119153,588871
1119195,470144
1119195,443354
1119216,681056
1119218,514523
1119226,510841
1119234,124053
1119279,259368
1119279,1100292
1119311,866158
1119311,105747
1119311,509163
1119321,757243
1119329,976522
1119347,893675
1119347,222620
1119347,137518
1119347,1119347
1119347,558844
1119347,251027
1119361,1042250
111943,570011
111943,310147
111943,234399
111952,1083848
111952,107759
1119546,600381
1119546,138797
1119546,180088
1119546,197354
1119588,191696
111959,394736
1119605,1000038
1119735,834518
1119735,430209
1119755,781153
1119776,493782
1119786,549554
1119789,266349
1119789,137518
1119789,1005176
1119796,883300
1119796,599217
1119796,916868
1119796,596763
1119796,1092698
1119796,659242
1119796,747987
1119796,415656
1119796,797888
1119796,139748
1119796,767719
1119796,450931
1119796,528844
1119796,135923
1119796,792188
1119850,781271
1119850,777670
1119850,813330
1119910,1118769
1119910,592720
1119910,1082418
1119910,579475
11200,1003514
112000,1003859
112000,705953
1120065,487625
1120066,486093
1120115,787465
1120133,611983
1120133,517553
1120133,843335
1120133,628816
1120133,452211
1120160,216047
1120164,659788
1120164,546098
1120179,684865
1120179,71567
1120179,200753
1120179,1154602
1120179,550982
1120188,1139891
1120196,920694
112022,206353
112022,393383
1120250,271025
1120251,128972
1120251,164972
1120251,310365
1120251,256876
1120251,370139
1120262,28810
1120262,394441
1120272,1033388
1120272,736032
1120272,1117314
1120272,662331
1120292,1055785
1120342,1016866
1120342,743341
1120342,428133
1120342,62179
1120342,574064
1120342,390236
1120342,603354
1120342,451574
1120342,656839
1120374,868734
1120374,808094
1120374,1135355
1120375,486351
1120523,792590
1120568,685545
1120568,994364
1120568,480761
1120568,489738
1120568,274989
1120568,775108
1120568,268800
1120590,1018712
1120590,717625
1120590,782073
112062,778267
112062,1034682
112062,695365
112062,843335
1120637,57948
1120684,355286
1120684,45333
1120684,782172
1120684,1166930
1120684,567143
1120684,108657
1120781,574392
1120831,122244
1120862,493693
1120862,667861
1120862,484009
1120862,236236
1120862,352196
1120908,772795
1120908,821854
1120952,715110
1120952,600381
1120952,316323
1120952,937274
1120982,809352
1120982,1002320
1120982,296715
1121002,989239
1121058,323611
1121058,576801
1121058,1066350
1121058,469848
1121058,910495
1121058,213501
1121058,365348
1121058,484662
1121058,1133793
1121058,333297
1121064,669533
1121064,603619
1121064,280679
1121064,1131896
1121078,766948
1121078,339379
1121078,998420
1121081,641157
1121081,524374
1121081,514497
1121081,646481
1121081,206052
1121164,735167
1121182,29460
1121182,339892
1121182,852485
1121264,88053
1121275,263455
1121275,734157
1121275,776840
1121275,565159
1121275,9930
1121275,398186
1121275,997376
1121275,397918
1121309,437763
1121309,365842
1121309,942802
1121309,783387
1121309,709918
1121309,1106747
1121331,74061
11214,981849
11214,1062880
11214,437763
11214,408346
11214,942802
11214,29433
112150,1022949
1121534,464580
1121534,953579
1121534,620764
1121534,1073209
1121534,848418
1121534,268914
1121534,404228
1121534,813634
1121534,522630
1121534,278792
1121534,168402
1121553,33728
1121594,674768
1121594,1050051
1121594,544405
1121594,867720
1121594,554382
1121609,1082884
1121609,805092
1121779,832724
1121779,32674
1121779,159764
1121779,416377
112197,627196
112197,175979
1121999,803946
1121999,559943
1121999,999716
1121999,554382
11220,858352
1122109,430164
1122133,843335
1122138,979649
1122138,816540
1122138,601132
1122138,179942
1122138,930069
1122185,528177
1122185,1089707
1122185,1123501
1122185,517553
1122185,35599
1122185,605954
1122216,635228
112230,305770
1122342,511281
1122342,831837
1122342,522474
1122342,826283
1122342,713607
1122342,329509
1122349,616749
1122424,396988
1122424,269175
1122424,46545
1122424,15691
1122424,1113736
1122441,1133106
1122441,436316
1122454,734157
1122454,324874
1122454,115323
1122454,101647
1122475,1085225
1122475,625670
1122475,386402
1122475,574741
1122475,688148
1122475,1089176
1122475,843335
1122475,376281
1122475,962042
1122475,792590
1122475,1005802
1122475,605516
1122475,402010
1122475,34052
1122475,1136943
1122475,818564
1122511,402202
1122511,736464
1122524,826283
1122524,981849
1122524,408346
112258,1094759
1122589,85836
1122669,827580
1122669,734157
1122709,765775
1122778,689824
1122778,1150160
1122778,386827
1122795,880813
1122795,444349
1122795,893756
1122795,586611
1122800,246710
1122800,536600
1122800,464580
1122809,457445
1122815,318744
1122815,642498
1122844,635511
1122844,551320
1122844,135562
1122900,100146
1122900,747690
112292,1083950
112292,485598
112292,554382
112292,300838
112292,617724
112292,843335
112292,289894
112292,677279
112292,700504
112292,684362
112292,791365
112292,711046
112292,77920
112292,1000371
112292,742933
1122946,702833
1122967,362815
1122967,841847
112298,930911
112298,1136549
112298,790269
112298,726826
1122994,24175
1122994,153093
1122994,534505
1122994,422961
1122994,1033120
1122994,556429
1123001,669921
1123001,1044476
1123001,111828
1123001,1096595
1123001,558946
1123005,352315
1123005,1033388
1123005,692448
1123007,43200
1123007,967739
1123053,73622
112307,202394
1123095,641046
1123095,886340
1123227,648833
1123227,54794
1123227,354267
1123245,323611
1123245,1145738
1123245,950503
1123245,608615
1123245,468550
1123245,963674
1123245,1094217
1123245,1072492
1123245,469848
1123245,967479
1123245,574167
1123268,1073209
1123268,959414
1123303,59543
1123388,143168
112339,303549
112339,604828
1123416,661652
1123416,1047719
1123416,41191
1123425,515689
1123428,317595
1123428,827193
1123428,188339
1123428,1103415
1123466,455994
1123466,787287
1123466,58109
1123478,609002
1123501,1062222
1123501,1089707
1123501,1122185
1123501,528177
1123676,1096091
1123676,418731
1123714,650399
1123714,386870
1123714,554382
1123714,94816
1123719,647202
1123719,1071350
1123728,137589
1123771,17570
1123771,281386
1123771,911960
1123784,827193
1123784,668826
1123835,100519
1123835,43579
1123835,57052
1123835,195996
1123835,1052708
1123835,398186
1123835,740793
1123835,827580
1123835,734157
1123835,497122
1123835,233800
1123835,397918
1123858,853945
1123867,673002
1123867,1091578
1123872,745739
1123872,1025545
1123872,1077960
1123970,315146
1123988,399790
1124080,981691
1124080,12067
1124102,56387
1124132,441026
1124184,855633
1124184,60241
1124184,892536
1124197,914594
1124200,695091
1124200,952159
1124200,750472
1124200,868059
1124200,1129934
1124200,1163786
1124200,960278
1124200,819555
1124200,129305
1124200,1128400
1124227,510559
1124227,398228
1124227,110268
1124227,911960
1124234,795667
1124234,576215
1124234,771352
1124234,807708
1124234,675170
1124234,1118645
1124234,13751
1124234,874014
1124234,757159
112432,914982
112432,390052
112432,833934
112432,277693
1124346,508640
1124346,214065
1124346,1085949
1124374,142174
1124374,530502
1124424,49188
1124489,455176
1124489,1034602
112450,262520
112450,371727
112450,985502
112450,1152915
1124516,256468
1124529,957883
1124540,155513
1124555,250925
1124555,408477
1124555,63047
1124555,268099
1124555,1124555
1124555,688835
1124555,196105
1124555,897168
1124707,294724
1124707,610700
1124707,1071514
1124707,952239
1124707,1095233
112471,916996
1124721,96375
1124740,604828
1124740,651613
1124740,459528
1124782,663445
1124782,97419
1124817,993655
1124817,1148828
1124825,1109150
1124826,895844
1124826,207165
1124848,792762
1124848,1131966
1124848,336234
1124848,135833
1124848,527991
1124848,1035671
1124848,1032729
1124848,582073
1124880,835506
1124880,703922
1124914,86876
1124914,174567
1124921,728740
1124921,418807
1125065,437424
1125065,450412
1125065,567178
1125065,164953
1125065,388446
1125088,301004
1125088,810583
1125088,453102
1125088,1069565
1125088,1014248
1125088,594088
1125108,359730
1125108,1125108
1125166,469127
1125194,586700
1125194,102093
1125194,2948
1125194,24459
1125194,963674
1125194,1144115
1125194,986638
1125194,355827
1125194,333297
1125194,603373
1125194,316463
1125194,356784
1125194,550645
1125217,1061357
1125217,660037
1125366,430896
11254,1142475
11254,910213
11254,607373
11254,363378
1125420,1077960
1125420,907308
1125445,549259
1125445,847352
1125561,292099
1125561,83795
1125597,15382
1125597,193317
1125612,334707
1125612,465316
1125612,459845
1125612,549232
1125612,526308
1125612,695091
1125612,943564
1125612,553254
1125612,720481
1125612,156267
1125612,204645
1125612,777670
1125612,300694
1125612,1129934
1125612,989753
1125612,495562
1125612,495696
1125612,949941
1125649,92014
1125654,621064
1125701,780435
1125701,743244
1125710,301054
1125739,580287
1125739,563158
1125776,942161
1125853,709541
1125853,517889
1125853,536636
1125853,644777
1125853,114614
1125853,989739
1125853,110802
1125853,411796
1125923,766948
1125923,922897
1125923,549259
1125923,525726
1125949,219599
1125949,321824
1125949,210866
1125950,1003859
1125950,704623
1125982,442399
1126032,386402
1126032,1112044
1126032,168402
1126082,374948
1126082,532297
1126170,655234
1126223,211965
1126223,283878
1126223,309549
1126223,498258
1126302,403699
1126309,232345
1126309,953579
112632,81474
1126337,709045
1126337,715650
1126349,780162
1126349,848763
1126364,178001
1126364,341040
1126364,484962
1126364,228272
1126364,67850
1126364,911569
1126364,950181
1126364,538607
1126364,527685
1126364,734032
1126364,963944
1126364,413397
1126364,696382
1126373,1074738
1126373,805092
1126388,17301
1126404,457928
1126421,579286
1126421,812341
1126421,1037849
1126431,1082418
1126520,677142
1126520,49917
1126554,248481
1126554,554382
1126557,1055997
1126557,786492
1126640,792590
1126640,133054
1126640,871368
1126640,1042601
1126640,722811
1126668,559943
1126668,363172
1126668,778267
1126668,1006812
1126668,1152554
1126668,229567
1126695,256468
1126695,568267
1126737,106664
1126766,311359
1126797,680119
1126797,80456
1126797,671965
1126877,530107
1126894,1082418
1126894,1118769
1126894,377442
1126894,386402
1126894,848909
1126894,290017
1126894,750595
1126894,747309
1126894,775108
1126894,473461
1126894,29460
1126894,429108
1126894,68280
1126894,1034375
1126894,515816
1126894,567317
1126894,559943
1126894,843335
1126894,668503
1126941,253433
1126941,479851
1126948,1082884
1126948,1126364
1126948,803946
1126948,116404
1126948,205318
1126948,880727
1126948,831124
1126948,83585
1126948,963944
1126948,942950
1126948,1031538
1126948,202707
1126948,962058
1126948,155861
1126948,431169
1126948,538607
1126948,1109175
1126948,843335
1126948,870765
1126948,228272
1126948,413397
1126948,1118769
1126948,1042250
1126948,524244
1126948,178001
1126948,527685
1126948,907344
1126948,1147486
1126948,878788
1126948,1111355
1126948,312393
1126948,911569
1127002,149010
1127002,327083
112707,1072492
112707,963674
1127083,987768
1127116,1012876
1127116,827193
1127116,105720
1127205,1147311
1127205,401211
1127205,763557
1127243,853945
1127243,539814
1127318,1108515
1127353,453102
1127353,1125088
1127353,1149506
1127353,592674
1127374,276770
1127412,909026
1127412,657759
1127412,598899
1127412,509793
1127431,377449
1127431,547291
1127431,804943
1127431,120815
1127431,493819
1127447,859372
1127447,504774
1127447,361334
1127447,70067
1127447,170091
1127447,556920
1127447,408618
1127447,988002
1127447,488194
1127447,642205
1127447,127418
1127520,835306
1127520,776732
1127520,502514
1127779,1133504
1127779,1073449
112780,47666
112780,1097077
1127813,1032782
1127813,1163786
1127813,129305
1127813,695091
1127813,979196
1127813,777670
1127813,868059
1127814,577760
1127819,415786
112796,340803
112796,288637
112796,465809
112796,48044
112796,312393
112796,478264
112796,596158
112798,30979
1127988,438888
1127988,724272
1127988,277432
1127999,466252
1128112,1153703
1128112,933560
1128112,164494
1128112,357775
1128249,319666
1128249,870765
1128249,859940
1128249,554382
1128249,984817
1128249,672378
1128249,843335
1128249,422950
1128249,559943
1128249,425955
1128251,639364
1128251,852035
1128251,1115032
1128251,95913
1128400,960278
1128400,1124200
1128400,739616
1128400,156267
1128400,1128400
1128400,349376
1128400,952458
1128400,1163786
1128400,989753
1128400,900537
1128400,591266
1128400,843335
1128431,326663
1128431,14140
1128431,1133106
1128431,1066078
1128431,1139344
1128431,143151
1128431,388247
1128431,706586
1128431,524544
1128431,804108
1128431,541963
1128431,919245
1128451,638426
1128451,88364
1128460,613000
1128478,771909
1128478,386402
1128698,579810
1128698,629862
1128736,1070833
1128736,814873
1128736,858399
1128736,766940
1128736,627406
1128736,1095817
1128745,479851
1128745,96539
1128745,126888
1128763,364721
1128802,282288
1128802,699456
1128807,4361
1128807,352473
1128823,601569
1128838,35495
1128904,90193
1128904,1114920
1128904,488099
1128904,705331
1128904,343731
1128904,349376
1128904,348479
1128904,1043307
1128905,791896
1128905,964633
1128905,413397
1128905,679616
1128905,565348
112900,1036184
112900,832507
1129128,127049
1129128,513405
1129195,560979
1129195,319796
1129195,615886
1129195,228255
1129197,797131
1129204,256120
1129204,803946
1129204,559943
1129204,1147246
112921,604828
1129225,1004152
1129225,772795
1129256,265493
1129256,635635
112927,33914
112927,1062139
112927,418224
112927,1103131
112927,204645
112927,831585
112927,559943
112927,787947
112927,843335
112927,194279
1129295,83795
1129295,114881
1129295,139840
1129299,601309
1129299,654930
1129299,1132216
1129299,451798
1129383,82497
1129383,963063
1129383,95099
1129383,647703
1129384,1118769
1129384,671272
1129384,1082418
1129388,370139
1129388,309335
1129447,705131
1129708,214189
1129819,248017
1129819,122853
1129832,973522
1129838,559943
1129838,1095560
1129886,984199
1129932,1094933
1129932,1062222
1129934,302051
1129934,549232
1129934,989753
1129934,994370
1129934,720481
1129934,1163786
1129934,559943
1129934,457232
1129934,1124200
1129956,441024
1129978,598153
1129978,1132216
1129978,1019352
1129978,332588
1129978,451798
1129978,849896
1129978,92743
1129978,800882
1130102,565805
1130102,902781
1130210,163396
1130221,901647
1130221,984393
1130221,869076
1130221,619778
1130221,1040570
1130221,714368
1130221,15257
1130221,146240
1130221,304020
1130236,530172
1130236,938824
1130236,265002
1130236,599016
1130236,481976
1130236,2299
1130276,642205
1130276,522354
1130276,691221
1130276,699706
1130276,787287
1130276,471271
1130293,704801
1130293,479851
1130293,784141
1130293,576801
1130293,915628
1130322,195555
1130322,300060
1130322,96375
1130324,777356
1130324,659900
1130324,465262
113034,901512
113034,506349
1130342,855819
1130342,123134
1130342,98864
1130342,508526
1130342,626488
1130342,65025
1130362,534224
1130396,7203
1130396,647703
1130396,339892
1130396,651145
1130396,389395
1130396,95099
1130452,829084
1130452,792590
1130480,525042
1130480,159349
1130480,369922
1130480,386827
1130480,479851
1130480,366741
1130644,656177
1130650,659322
1130650,346767
1130650,573369
1130650,679966
1130650,551841
1130650,202530
1130655,262179
113068,510313
113068,900080
113068,206644
1130695,48099
1130697,689733
1130697,683864
1130827,376170
1130903,222814
1130903,1073209
1130903,852035
1130903,403698
1130903,1019393
1130903,1013638
1130903,587554
1130903,34874
1130903,906050
1130903,909439
1130903,862481
1130903,131314
1130903,27781
1130903,865901
1130903,1078801
1130903,853945
1130903,1043395
1130928,476634
1130928,45466
1131019,1032052
1131051,1043801
1131051,843335
1131051,186532
1131051,187930
1131051,155861
1131051,397114
1131051,376368
1131051,342664
1131051,1020285
1131051,588871
1131051,53329
1131051,362815
1131051,149052
1131051,43636
1131051,598076
1131051,1018066
1131107,386402
1131189,284152
1131189,447258
1131189,717642
1131189,534469
1131189,484476
1131199,663415
1131199,727098
1131199,1116429
1131219,1149283
1131266,976001
1131266,695808
1131266,1691
1131276,168402
1131379,1001414
1131379,317575
1131389,219561
1131436,127714
1131436,347633
1131436,826283
1131460,1162673
1131460,433404
1131461,205015
1131461,462817
1131461,1089176
1131461,193419
1131461,191919
1131461,213663
1131461,768987
1131461,413901
1131486,791911
1131486,83795
1131486,95291
1131548,123588
1131548,855633
1131548,924426
1131548,892536
1131554,854092
1131554,40378
1131554,971242
1131607,603918
1131607,1106025
1131607,1165523
1131607,893068
1131607,361035
1131607,227972
1131644,497552
1131669,1106025
1131684,42645
1131728,418108
1131736,13422
113175,613069
113175,880855
113175,868753
1131841,599895
1131841,63407
1131841,456441
1131841,1003770
1131841,1165092
1131841,977719
1131841,273358
1131896,669533
1131896,1121064
1131896,351863
1131896,66809
1131896,657599
1131896,109856
1131917,609284
1131917,701768
1131917,659465
1131917,1005176
113193,47185
1131939,847303
1131939,1029265
1131966,661192
1131966,360742
1131966,287858
1131966,336616
1131966,94627
1131966,583334
1131966,591822
1131966,1032729
1131995,672794
1131995,614662
1131998,9696
1131998,1003431
1132043,1067212
113214,693296
1132216,94584
1132216,1069968
1132216,601309
1132216,800882
1132216,716487
1132216,168002
1132216,1129978
1132216,1019352
1132216,604865
1132365,610418
1132463,539847
1132467,1038415
1132467,29460
1132467,70237
1132467,364468
1132467,339892
1132487,365805
1132502,673397
1132502,10331
1132502,914407
113251,721308
113251,386776
113251,739623
113251,843335
113251,167608
113251,540672
1132522,43248
1132522,116055
1132546,404988
1132546,403807
1132546,754490
1132546,890222
1132546,399108
1132546,908417
1132616,803861
1132616,792188
1132682,539793
1132682,709541
1132682,110802
1132682,536636
1132682,908127
1132682,989739
1132682,745006
1132682,675170
1132768,15272
1132773,1141266
1132821,393629
1132821,248912
1132829,60144
1132829,785946
1132829,985001
1132829,81566
1132829,1108792
1132829,760449
1132829,626059
1132829,209534
1132829,361184
1132829,468430
1132829,772967
1132829,1043449
1132829,197940
1132844,386827
1132844,73844
1132844,94816
1132844,877141
1132844,93169
1132844,923783
1132844,993661
1132858,554382
1132858,652049
1132858,1096557
1132897,778288
1132928,330120
1132928,248912
1132956,295623
113306,792932
113306,642205
113306,938824
113306,1042627
1133084,372993
1133106,744067
1133106,543859
1133106,6160
1133106,232645
1133106,633097
1133106,922544
1133106,209972
1133106,869413
1133106,559943
1133106,541963
1133106,867824
1133106,638924
1133106,1139344
1133106,589416
1133106,693332
1133106,386776
1133106,497866
1133106,526871
1133106,295623
1133106,357625
1133106,627406
1133106,915643
1133106,700324
1133106,354047
1133106,529722
1133106,1066078
1133106,852624
1133106,1023622
1133106,1009462
1133106,798539
1133106,285466
1133106,1000077
1133193,787432
1133193,224973
1133212,326924
1133212,346616
1133302,70253
1133302,300252
1133302,1017710
1133302,695838
1133302,519247
1133305,897747
1133305,240350
1133305,189789
1133305,906329
1133334,388925
1133334,324352
1133334,156030
1133365,107022
1133365,642205
1133365,464526
1133365,741691
1133365,677285
1133365,591204
1133366,109277
1133366,803946
1133366,999980
1133366,469581
1133366,554382
1133366,779220
1133366,435964
1133366,877141
1133366,282454
1133366,600199
1133366,1081159
1133366,559943
1133366,463181
1133366,1004606
1133366,470364
1133368,928817
1133413,610603
1133448,962971
1133448,978039
1133448,942027
1133518,606725
1133518,35008
1133628,963674
1133628,416261
1133651,911071
1133673,195486
1133673,241408
1133682,190910
1133682,1079815
1133682,596782
1133682,1039840
1133682,165082
1133682,42628
1133682,492637
1133682,64454
1133682,1158207
1133682,342786
1133682,375220
1133737,357700
1133737,1123835
1133737,326125
1133737,871552
113374,547208
1133762,1015933
1133793,868822
1133793,333297
1133793,768987
1133806,361181
1133806,1133806
1133824,329745
1133824,324367
1133946,771909
1134003,1149283
1134018,302068
1134018,827193
1134018,663721
1134018,457928
1134018,1103415
113407,593734
113407,1163679
113407,916077
113407,257276
113407,714649
113407,456250
1134087,201139
1134087,417000
1134112,1008853
1134112,28608
1134112,931900
1134112,807029
1134112,481543
1134161,864154
1134161,227965
1134161,453340
1134224,752594
1134224,992792
1134226,632254
1134235,926410
1134235,957627
1134235,647762
1134235,548389
1134235,773566
1134235,66946
1134242,800633
1134246,667420
1134246,910723
1134246,554382
1134246,771352
1134318,734157
1134318,912442
1134335,360740
1134335,524266
1134335,549259
1134335,561567
1134340,303705
1134340,673222
1134340,646238
1134340,329895
1134340,168402
1134340,204814
1134524,512801
1134524,1089176
1134524,130045
1134524,32706
1134524,998703
1134524,870765
1134524,843335
1134524,736508
1134524,178203
1134524,1136943
1134524,1030899
1134524,1005802
1134524,994705
1134524,474218
1134538,852458
1134538,797886
1134579,687953
1134587,736011
1134621,1077688
1134621,972754
1134621,790516
1134621,1093995
1134621,477777
1134657,652464
1134657,903937
1134657,588431
1134657,859940
1134657,646481
1134657,831179
1134657,390308
1134657,183358
1134657,610456
1134657,796512
1134657,841698
1134657,524374
1134657,823032
1134657,51114
1134657,470894
1134657,989690
1134713,1013040
1134713,715046
1134713,877639
1134713,563488
1134713,978039
1134744,649217
1134744,844107
1134744,109903
1134744,496318
1134744,781153
1134744,1062833
1134744,626627
1134781,824969
1134781,370139
1134781,936806
1134781,168402
1134781,372680
113479,168402
1134805,168402
1134805,729601
1134805,311722
1134805,1115765
1134910,196386
1134910,60494
1134923,429202
1134946,843335
1134946,1089707
1134946,237477
1134946,637101
1134946,601763
1134946,22839
1134946,364237
1134946,985829
1134946,1050094
113496,764551
113496,135923
113496,498228
113496,491391
113496,335708
113496,37604
113496,743895
113496,1017699
113496,1056504
113496,846413
1135014,447530
1135014,82497
1135014,963063
1135014,360229
1135014,841671
1135014,614123
1135014,433419
1135014,29460
1135014,246370
1135014,284295
1135014,339892
1135014,1074199
1135021,13751
1135021,811235
1135021,790329
1135021,812169
1135048,798594
1135068,77069
1135068,797
1135077,517553
1135127,707528
1135127,120852
1135127,1022188
1135127,663580
1135127,197913
1135139,927741
113514,1106460
113514,243781
113514,386059
113514,875887
113514,1029351
1135182,480124
1135187,697841
1135187,933501
1135187,510801
1135187,846944
1135187,178163
1135257,676526
1135257,465644
1135257,711842
1135257,581629
1135257,560290
1135257,495171
1135257,267227
1135257,309190
1135257,453510
1135257,755867
1135257,58407
1135327,456002
1135327,662015
1135327,380040
1135327,981774
1135327,604959
1135327,556429
1135327,421724
1135327,843335
1135327,848909
1135327,899828
1135327,859940
1135327,24175
1135327,191891
1135327,975882
1135327,549182
1135327,1073449
1135335,1101755
1135340,386402
1135340,1082884
1135340,805092
1135340,507484
1135340,515816
1135340,671272
1135369,396101
1135380,907499
1135380,1115657
1135380,971382
1135407,382372
1135407,510856
1135407,1140984
1135407,261962
1135407,992527
1135407,366056
1135407,199366
1135407,302926
1135407,976522
1135407,204249
1135407,801134
113541,1151548
113541,974096
113541,394969
113541,26827
113541,492008
113541,1105396
113541,786177
113541,627878
113541,4306
113541,665384
1135429,5897
1135429,687676
1135429,163473
1135429,943967
1135480,953579
1135480,168402
113550,259237
113556,773743
1135594,402442
1135594,1115072
1135613,339538
1135613,127016
1135613,962419
1135613,569085
1135613,94971
1135613,248130
1135613,482420
1135613,776396
1135613,853945
1135613,192350
1135613,520191
1135613,1026121
1135613,547653
1135613,512568
1135613,658057
1135613,773158
1135613,1114807
1135613,853194
1135613,251342
1135613,257890
1135613,206379
1135613,623271
1135613,27781
1135613,689047
1135613,292833
1135613,884311
1135651,847352
1135674,922899
1135674,807364
1135674,782855
1135674,984236
1135674,912853
1135674,372371
1135674,623151
1135674,371040
1135706,861862
1135706,533033
1135706,438076
1135706,679966
1135706,346473
1135706,668062
1135706,271544
1135706,1089707
1135706,705766
1135706,528177
1135721,983019
1135721,550832
1135841,849922
1135866,710863
1135897,315713
1135917,942033
1136077,99578
1136077,248170
1136077,591185
113616,209909
113616,479851
113620,1005886
113620,760392
1136202,960189
1136202,597976
1136202,187964
1136206,1162362
1136241,669505
1136241,866814
1136254,89540
1136254,493782
1136254,577061
1136375,569336
1136375,1068318
1136407,110525
1136464,640021
1136525,1068958
1136546,939647
1136546,361035
1136546,228133
1136549,240692
1136549,930911
1136549,907370
1136549,924929
1136549,112298
1136549,290017
1136549,90786
1136558,428602
1136561,649582
1136593,1019393
1136593,1164369
1136593,131314
1136594,573171
1136594,601309
1136594,1117850
1136594,350744
1136621,701174
1136621,899374
1136624,386061
1136624,133249
1136635,297186
1136635,500390
1136654,170972
1136676,222160
1136676,840020
1136676,1023461
1136676,889891
1136685,559943
1136685,437004
1136685,554382
113670,502240
1136718,239507
1136718,379143
1136718,980954
1136718,231757
1136718,655234
1136718,667934
1136801,955348
1136801,921320
1136801,436158
1136801,1152487
1136878,746984
1136878,800390
1136886,1137291
1136900,668368
1136943,938599
1136943,334309
1136943,804367
1136943,1134524
1136943,339324
1136943,704293
1136943,1040074
1136943,625670
1136943,785586
1136943,207552
1136943,474218
1136943,433786
1136943,992202
1136943,34052
1136943,216691
1136943,1122475
1136943,1089176
1136999,403063
1136999,638924
1137027,1031322
113703,121081
1137042,279628
1137042,497290
1137042,478648
1137042,105720
1137042,106457
1137042,114281
1137050,514497
1137050,1044597
1137050,903347
1137050,255014
1137050,559943
1137050,737774
1137130,61427
1137130,540127
1137130,435435
1137130,537718
1137130,1154760
1137130,850723
1137130,289708
1137288,506361
1137288,558867
1137291,1136886
1137328,737669
1137328,1013405
1137328,1095233
1137328,937182
1137328,987346
1137332,892653
1137367,449173
1137367,488926
1137367,238460
1137367,12418
1137367,87598
113739,723931
1137429,454937
1137429,702032
1137458,983019
1137470,262753
1137470,1092100
1137470,981849
1137470,68093
1137470,408346
1137514,742606
1137514,1115460
1137590,903022
1137590,554382
1137590,683124
1137590,837455
1137590,363784
1137590,647799
1137598,1098344
1137598,155017
1137598,118048
1137598,309198
1137598,887528
1137598,852742
1137598,276307
1137598,958697
1137603,369035
1137603,1103415
1137603,372955
1137603,1012876
1137762,1151548
1137821,372200
1137821,904262
1137897,773566
1137897,659418
1137897,1040516
1137972,581106
1137972,473398
1137972,4806
1137972,778288
1137972,1018286
1137988,427997
1137988,213255
1137988,421430
1137988,103646
1137988,207552
1137988,795168
1138017,129714
1138039,79196
1138131,530618
1138162,103032
1138162,437562
1138162,332716
1138218,819518
1138218,941253
113822,403279
1138226,1018780
1138226,94024
1138226,1116476
1138226,107879
1138226,777356
113827,929397
1138320,107927
1138320,899374
1138346,141148
1138346,1122454
1138346,734157
1138346,1115271
1138355,1025357
1138355,768327
1138355,1085162
1138355,903155
1138355,812341
113838,1016571
113841,386870
113841,1156731
113841,509892
113841,545335
113841,29530
113841,664426
1138439,170055
1138445,647627
1138445,952382
1138445,222814
1138475,608722
1138475,818908
113850,113850
113852,55797
113852,558867
113852,246211
113856,10143
113857,1122475
113857,667756
1138573,1077960
1138573,812341
1138573,501160
1138617,1087427
1138617,29530
1138617,19984
1138617,30065
1138617,77544
1138617,352711
1138617,713560
1138617,986798
1138617,810141
1138617,664426
1138617,771352
1138617,676717
1138637,56973
1138637,772795
1138637,131053
1138692,672648
1138692,9058
113870,774218
113870,145940
113870,500110
113870,302306
113876,265596
1138804,1103455
1138804,830747
1138804,474494
1138804,471271
1138804,931681
1138804,691221
1138804,699706
1138804,522354
1138804,876337
113881,525203
1138839,331198
1138839,390052
1138839,604944
1138839,376506
1138839,911960
1138839,256117
1138924,226250
1138960,734157
1138960,647233
1138960,586910
1138960,362172
1138966,620581
1138966,811149
1138984,826283
1138984,909773
1139065,917683
1139065,302051
1139065,929510
1139065,369922
1139065,903347
1139065,741096
1139065,204645
1139082,914712
1139093,549259
1139093,207880
1139093,502018
1139093,754703
1139093,823687
1139215,421005
1139264,380203
1139295,318450
1139295,843335
1139312,153093
1139312,637023
1139312,36392
1139312,441024
1139315,242688
1139315,441026
1139315,634504
1139315,877656
1139343,369922
1139343,716449
1139344,724038
1139344,608753
1139344,1066078
1139344,767843
1139344,1062222
1139344,1044597
1139344,803668
1139344,554382
1139344,1128431
1139344,510638
1139344,1133106
1139344,14140
1139344,523487
1139344,40482
1139368,1152915
1139368,663450
1139368,640188
1139368,815520
1139368,650666
1139373,989178
1139373,413397
1139373,1126364
1139373,76109
1139377,143763
1139377,700485
1139598,768327
1139598,1160623
1139598,812341
1139598,558404
1139635,1033173
1139635,932581
113967,179993
1139736,170262
1139736,656571
1139817,311866
1139817,1050663
1139837,595624
1139837,1015974
1139837,211965
1139837,9645
1139837,861207
1139837,495055
1139837,174567
1139837,276770
1139837,840753
1139837,1009969
1139867,256876
1139867,681107
1139876,73622
1139876,586664
1139891,757135
1139891,95405
1139891,878963
1139891,91685
1139891,843335
1139891,338554
1139891,1050201
1139891,394399
1139891,331137
1139891,186369
1139891,1120188
1139891,902973
1139891,169093
1139891,140302
1139891,836153
1139904,890259
1139928,1033388
1139928,762281
1139928,71357
1139928,33605
1139962,786492
1139973,326642
113998,35267
113998,118859
113998,11801
113998,176386
113998,585218
113998,1027995
113998,772316
113998,130751
113998,967612
113998,111302
113998,547404
113998,755833
113998,72536
113998,333270
113998,1100346
113998,903825
113998,281300
113998,223261
1140033,805218
1140033,345720
1140036,925458
1140036,774218
1140114,337403
114030,833675
1140408,439191
1140434,1082884
1140434,1001624
1140434,1118769
1140434,69859
1140434,255065
114044,462878
114044,400979
114044,907751
1140474,1107911
1140474,658625
1140474,952754
1140499,22385
1140499,121148
1140499,252682
1140499,1161302
1140501,328338
1140534,450137
11406,960436
11406,480034
11406,329895
11406,673222
11406,577982
11406,546411
11406,590755
11406,529253
11406,204814
11406,1112044
1140658,41566
1140658,386464
1140658,284436
1140658,853128
1140658,827580
1140658,823856
1140741,1034389
1140767,597001
1140767,959058
1140767,758230
1140767,385659
1140767,465608
1140767,159764
1140767,894305
1140768,588202
1140768,723183
1140768,638924
1140768,204249
1140768,771352
1140768,535432
1140768,714367
1140768,273643
1140768,809139
1140768,844385
1140768,96483
1140768,1071629
1140768,90040
1140768,340428
1140768,981152
1140768,320081
1140768,750072
1140768,749978
114079,776550
114079,116577
114079,559943
1140795,477925
1140817,1134524
1140817,73095
1140817,115616
1140817,885975
1140817,1007197
1140817,1089176
1140817,1109480
1140820,556196
1140820,257890
1140857,374476
1140877,486093
1140877,1115765
114090,64455
114090,1095560
114090,33605
114090,696929
114090,849382
114090,724218
114090,172632
114090,56973
114090,1088537
114090,291411
114090,183327
114090,539041
114090,417117
114090,126854
114090,345371
114090,694283
114090,417577
114090,812341
114090,770982
114090,305802
114090,691372
114090,528508
114090,898903
114090,468064
114090,47185
114090,622611
114090,983019
114090,963116
114090,472208
114090,701174
114090,835913
114090,1095233
114090,899374
114090,135688
114090,843335
114090,131053
114090,403512
114090,272093
114090,526871
114090,554382
1140967,180132
1140975,958978
1141003,681536
1141114,859940
1141114,186911
1141114,949696
1141114,615400
1141132,110270
1141132,734157
1141132,932581
1141232,1160918
1141254,863803
1141254,82256
1141254,1133106
1141266,407737
1141266,10938
1141266,203284
1141266,750198
1141266,678821
1141266,725340
1141295,673723
1141295,786492
1141295,371350
1141295,993795
1141316,195858
1141316,876977
1141316,42645
1141316,853432
1141316,18675
1141410,1005262
1141410,205443
1141440,807046
1141473,95099
1141473,982345
1141473,535212
1141480,402263
1141480,377709
1141492,619703
1141492,332756
1141492,965228
1141492,594753
1141526,75792
1141526,801945
1141526,1028949
1141550,207509
1141550,777356
1141555,878963
1141555,604833
1141560,763125
1141589,808086
1141589,414623
1141589,932623
1141589,668368
1141589,310392
1141589,614291
1141622,995927
1141622,621526
1141622,1105832
1141622,151252
1141653,24895
1141653,842752
1141653,941322
1141653,767351
1141738,1019399
114175,714479
1141752,764153
1141801,763389
1141801,689525
1141801,16024
1141834,207178
1141834,843335
1141834,877141
1141857,977229
1141857,657522
1141881,1106567
1141881,361334
1141881,488194
1141895,925588
1141895,342127
1141895,507942
1141895,482203
1141895,841724
1141895,340560
1141969,575871
1142019,56973
1142019,393383
1142019,772795
1142019,54538
1142111,384846
1142121,119355
1142129,604828
114218,741185
114218,938089
114219,159816
1142217,620301
1142231,444337
1142231,342127
1142251,13751
1142251,1005176
1142251,701768
1142251,555253
1142251,494047
1142251,72761
1142251,1062222
1142251,879300
1142251,911330
1142251,19984
1142251,920963
1142306,762374
1142325,209571
1142340,135688
1142475,17293
1142475,797962
1142475,494412
1142475,363378
1142481,554382
1142481,843335
1142481,909595
1142500,56756
1142500,257890
1142500,774218
1142507,792590
1142507,559943
1142507,422961
1142507,683124
1142507,999419
1142534,111561
1142534,895452
1142535,683124
1142535,969767
1142535,559943
1142536,454161
1142546,214065
1142546,522185
1142581,212338
1142663,591349
1142663,136208
1142678,1056243
1142678,40019
1142678,718455
1142678,517491
1142678,461206
1142678,1040541
1142732,858978
1142768,214894
114281,497290
1142834,95099
1142918,36694
1142925,688578
1142925,89540
1142925,861494
1143035,1057226
1143035,934144
1143035,184986
1143035,739517
1143064,612237
1143064,9523
1143064,642821
1143064,353912
1143064,189708
1143071,892629
1143071,132032
114309,723941
1143094,17301
1143094,801373
1143094,510313
1143094,398186
1143094,714638
1143094,119553
1143120,190389
114313,1042917
114313,435435
1143206,479851
1143232,1121309
1143232,437763
1143232,942802
1143232,981849
1143278,1061216
1143278,123827
1143278,1108515
1143289,628248
1143289,806515
1143293,679955
1143293,113496
1143293,549728
1143293,441033
1143293,813080
1143293,491391
1143293,1017699
1143293,846413
1143293,1056504
1143293,139748
1143293,458637
1143293,335708
1143316,394399
1143316,890259
1143316,658625
114333,808094
114333,1082418
114333,693875
114333,843335
114333,405470
114333,253630
114333,697675
114333,615101
1143359,505086
1143359,31954
1143359,179270
1143386,434012
1143387,81474
1143387,87371
1143387,489637
1143415,5490
1143415,423146
1143415,290211
1143415,437655
1143431,468597
1143431,570431
1143431,361215
1143431,334616
1143431,730405
1143431,853657
1143481,579366
1143526,774987
1143526,612393
1143542,1002956
1143615,958697
1143615,800585
1143615,511457
1143615,226250
1143615,393274
1143615,103881
1143615,1046977
1143629,662483
1143661,752141
1143661,228202
1143661,317743
1143718,1133106
1143796,806568
1143796,165837
1143796,1066674
1143796,1073209
1143796,274989
1143796,452050
1143796,1086357
1143796,957056
114382,768761
1143829,208825
1143829,501160
114384,559943
114384,610418
114384,1162363
114384,888756
114384,71357
114384,992826
114384,346342
114384,64390
114384,1075509
114384,33225
114384,554382
1143861,852485
1143861,941534
1143862,1082884
1143862,1074378
1143862,1009434
1143862,681819
1143862,914590
114389,828949
114389,506626
114389,803721
114389,835158
114389,1070515
114389,60152
1143912,549376
1143912,894010
1143912,396869
1143912,120456
1143912,208306
1143912,843335
1143926,278696
1143926,858677
1143926,1012795
1143926,997350
1143926,918941
1143926,399108
1143926,908417
1143997,312710
1144088,386464
1144088,511899
1144088,994336
1144115,154284
1144115,1058281
1144115,152533
1144115,1125194
1144115,1101368
114416,1056230
114416,668368
1144196,781852
1144196,871390
1144196,1037705
1144237,41146
1144289,393512
1144385,485108
1144385,47608
1144385,642205
1144385,119051
1144385,494412
1144385,920949
1144385,149832
1144425,422961
1144490,499052
1144557,386870
1144557,1161613
1144557,290017
1144557,843335
1144557,13751
1144557,531413
1144563,1114638
1144563,646576
1144563,68093
1144563,408346
1144563,129857
1144563,1114274
1144563,333931
1144563,237540
1144563,909773
1144563,1075593
1144563,386117
1144617,1005895
1144656,116523
114469,1050201
114469,841661
1144699,38269
1144699,775970
1144699,77173
1144719,717625
1144733,236088
1144733,556507
1144733,966235
1144733,695365
1144733,162823
1144871,269175
1144871,1113736
1144886,470516
1144886,943967
1144886,304843
1144886,604828
1144886,651613
1144886,384846
1144886,1149283
1144886,94816
1144886,1016615
1144975,239507
1144975,667934
1144975,345917
1145018,283637
1145018,46982
1145018,1078241
1145018,998936
1145018,994717
1145018,1071514
1145018,185683
1145140,1150503
1145140,243054
1145166,76670
1145242,792655
1145279,1131896
1145305,481579
1145305,686954
1145401,423087
1145401,382588
1145401,189872
1145401,348769
1145401,97768
1145401,377438
1145401,489637
1145431,86967
1145450,546429
1145459,47185
1145459,899374
1145459,88405
1145459,114090
1145459,696929
1145476,216407
1145476,226250
1145476,300396
1145476,478353
1145594,141109
1145594,842871
1145594,418885
1145727,632458
1145727,862104
1145738,1123245
1145738,1041325
1145738,1072492
1145738,442567
114579,168402
114579,959092
114579,15691
114579,386870
1145940,518361
1145958,285044
1145982,1157376
1146131,1062222
1146131,1080383
1146131,791216
114614,673538
114617,699706
1146342,21685
1146361,1043006
1146361,1100918
1146361,566369
1146423,932581
1146490,457928
1146490,383197
1146490,709941
1146515,290017
1146563,597466
1146563,1002947
1146563,450534
1146586,1691
1146592,453075
1146657,491823
114668,328170
1146770,80178
1146824,1073328
1146824,1691
1146824,976001
1146824,300353
1146824,1077318
1146848,488194
1146848,556920
1146848,361334
1146979,795029
1146979,480860
1146979,738681
1146979,503787
1146979,904051
1146979,999419
114700,433139
114700,282334
114700,406677
114700,519106
1147006,386870
1147006,15691
1147088,554382
1147088,646481
1147098,183327
1147098,899374
1147098,707900
114717,289039
1147184,801866
1147238,604828
1147238,786492
1147238,102228
1147238,696628
1147246,290017
1147246,1129204
1147282,1062880
1147282,942802
1147282,981849
1147282,333931
1147282,991635
1147282,370281
1147282,408346
1147282,11620
1147311,958349
1147311,401211
1147311,588106
1147317,615848
1147363,921158
1147411,1159376
1147411,146884
1147411,938599
1147425,601309
1147451,750535
1147451,779220
1147451,902860
1147486,1126948
1147486,611534
1147486,869468
1147548,155861
1147569,79655
1147569,494156
1147569,667274
1147586,444000
11476,1066848
11476,794801
11476,436157
11476,849620
1147617,1127412
1147617,509793
1147620,564710
1147626,651613
1147626,58984
1147648,833673
1147648,635808
1147670,502355
1147670,886073
1147670,1064371
1147686,488448
1147699,1098695
1147699,433187
1147699,1118769
1147707,992224
1147707,1069899
1147781,657702
1147781,812341
1147839,1066481
114790,94024
114791,277216
114791,151444
114791,220239
114791,433139
114791,1040078
114791,896314
1147910,1106025
1148036,317849
1148036,246580
1148049,1058848
1148049,988066
1148049,488194
1148145,529405
1148145,624476
1148230,871334
1148324,845264
1148324,742461
1148324,420921
1148337,1102969
1148339,827580
1148339,967077
1148339,158937
1148339,392739
1148359,748696
1148371,370139
1148407,243582
1148407,444231
1148448,704763
1148448,577982
1148448,156101
1148448,914594
1148448,1044258
1148448,267227
1148448,635661
1148448,128319
1148482,461155
1148482,141465
1148482,679966
114857,735867
1148571,775108
1148571,48599
1148571,577778
1148571,151444
1148571,505507
1148571,275433
1148571,433139
1148571,1072048
1148571,594846
1148571,65154
1148676,1082884
1148718,299191
1148718,663234
1148718,581411
1148718,65
1148718,473355
1148776,378522
1148776,228154
114881,528177
114881,250223
114881,596863
1148828,290017
1148828,937442
1148828,685541
1148828,1124817
1148828,903347
1148828,13751
1148828,474152
1148828,1161613
1148834,533224
1148905,159831
1149032,180275
114916,372361
1149175,530639
1149185,534994
1149185,599334
1149185,804585
1149185,841482
1149219,1135518
1149219,1149219
1149219,347047
1149219,757135
1149219,841661
1149219,652544
1149219,33605
1149219,579863
1149219,980451
1149235,952921
1149235,119936
1149250,275170
1149261,168465
1149264,844058
1149264,403436
1149264,122828
1149264,84460
1149264,149052
1149264,357775
1149283,216297
1149283,1016615
1149283,1165523
1149283,943967
1149283,651613
1149283,1053061
1149283,257890
1149283,687676
1149283,480481
1149283,866814
1149283,155164
1149283,604828
1149283,447837
1149283,970969
1149283,879246
1149283,852485
1149283,459528
1149283,852717
1149318,266194
1149318,831441
1149318,863837
1149318,1093877
1149318,625591
1149318,314834
1149333,326481
1149396,489681
1149413,122949
1149413,801013
1149453,938489
1149453,69319
1149453,70827
1149478,610308
1149490,329327
1149490,16012
1149506,468933
1149506,1150452
1149506,812341
1149506,779664
1149506,768327
1149506,910984
1149506,155440
1149506,68926
1149506,1066000
1149506,128122
1149506,54522
1149506,603785
1149506,998936
1149506,1162826
1149506,685545
1149506,781451
1149506,626694
1149647,475581
1149647,888071
1149816,811571
114983,712726
114983,885102
114983,306031
114983,916990
114983,1052392
114983,479167
114983,168402
114983,187827
114983,69210
114983,1102276
114983,229089
114983,650874
114983,949466
114983,261962
114983,621712
114983,374050
114983,840148
114983,905646
1149848,390511
1149853,335079
1149853,610418
1149853,912649
1149853,806051
1149853,705598
1149853,169584
1149875,357075
1149875,943793
1149875,531573
1149889,550332
1149908,486351
114991,925511
114991,809141
1149922,719334
115000,647627
115000,1104990
1150054,850036
1150054,509635
1150054,879246
1150054,866814
1150054,604828
1150054,943967
1150104,645953
1150104,126347
1150104,920882
1150104,851470
1150104,787432
1150137,740289
1150137,932063
1150137,42645
1150137,743650
1150137,34476
1150137,919044
1150142,778288
1150142,762374
1150142,1110832
1150160,1122778
1150160,531413
1150160,749325
115026,136231
115026,159768
115026,385407
1150288,1116795
1150288,295500
1150316,152098
1150316,347199
1150316,358569
1150316,642205
1150316,821167
1150316,946654
1150316,257917
1150341,892691
1150361,148725
1150361,682914
1150361,1024755
1150361,559943
1150361,888756
1150361,610418
1150361,456471
1150361,843918
1150361,744439
1150382,765450
1150382,480445
1150382,262260
1150382,420903
1150382,976457
1150382,54972
11504,195486
1150452,1149506
1150452,464580
1150460,1053411
1150460,435435
1150460,527501
1150460,148491
1150460,702555
1150460,980854
1150503,386870
1150503,1012113
1150503,166595
1150506,715046
1150506,439191
1150506,764505
1150506,809141
1150506,201765
1150612,534224
1150654,604203
1150669,1049559
115067,805214
115067,173814
1150674,142461
1150683,463670
1150683,718945
1150683,543425
1150683,411516
1150683,172470
1150689,554382
1150689,173346
1150689,291227
115074,94816
115074,903347
115074,734505
115074,73844
115074,386827
115074,616920
115074,413672
115074,865674
115074,723436
115074,929510
115074,1159868
115074,737774
115074,843335
1150761,485598
1150761,77920
1150761,112292
1150761,289894
1150761,1083950
1150761,840366
1150789,353036
1150805,1066078
1150805,843335
1150805,464580
1150805,852624
1150902,133947
1151015,272698
1151093,358580
1151093,494152
1151093,710683
1151118,465608
115113,997487
115113,674445
115113,216223
1151144,21416
1151144,712684
1151144,502238
1151144,76883
1151246,15935
1151246,612500
1151246,979196
1151246,381018
1151246,996691
1151246,341215
1151246,373597
1151256,778324
115128,1092924
115128,33131
115128,1057074
115128,668368
1151285,29433
1151285,981849
1151285,942802
1151285,370281
1151285,408346
1151315,159002
1151336,1055227
1151349,554382
1151349,273472
1151349,775268
1151349,843335
1151469,853945
1151469,678748
1151482,962993
1151482,288914
1151482,413397
1151525,895603
1151525,745790
1151548,1098344
1151548,322266
1151548,918900
1151548,26827
1151548,1111111
1151548,744917
1151548,4306
1151548,790837
1151548,276307
1151548,917270
1151548,901758
1151548,312691
1151548,843335
1151548,40970
1151548,640202
1151548,1151548
1151548,951155
1151548,800596
1151548,394969
1151548,121742
1151548,155017
1151548,861314
1151548,1118769
1151548,866402
1151548,226812
1151548,114333
1151548,654963
1151548,338980
1151548,848752
1151567,980363
1151567,1082418
1151581,853945
1151613,980854
1151613,870054
1151613,183969
1151613,744097
1151613,435435
1151665,353231
1151665,233515
115171,559943
1151726,708581
1151726,1133334
1151726,109304
1151726,388925
1151726,304992
1151726,592045
1151726,532578
1151752,816221
1151797,505575
115181,1035671
115181,62271
115181,846553
115181,355827
115181,152533
115181,284549
115181,555360
115181,62246
115181,898169
115181,12275
115181,497939
1151851,513818
1151860,899578
1151860,44364
1151860,416554
115194,327524
115194,977565
1152035,1007322
1152035,409956
1152035,27781
1152035,481579
1152164,465360
1152164,575830
1152183,39168
1152183,257048
1152228,678821
1152228,725340
1152228,789126
1152228,660601
1152228,583007
1152228,271991
1152387,1094228
115253,124471
1152539,697138
1152539,559943
1152539,287495
1152539,48087
1152554,652386
1152554,179620
1152554,779220
1152554,575807
1152554,354082
1152554,778267
1152554,1155750
1152554,559943
1152554,340479
1152554,705766
1152554,498212
1152554,352315
1152554,1093995
1152564,1006403
1152564,27781
1152564,400550
1152564,1071636
1152564,256532
1152564,764084
1152575,862551
1152613,41574
1152613,956358
1152639,480034
1152639,854355
1152759,753182
1152765,310295
1152765,232630
1152765,95099
1152765,907308
1152765,129034
1152765,523834
1152765,204645
1152767,921608
1152767,754703
1152767,207880
1152767,459848
1152767,208669
1152767,70827
1152785,134694
1152886,341556
1152915,112450
1152915,39168
1152915,642205
1152915,220155
1152915,1071093
1152927,265126
1152927,470715
1152930,1152930
1152992,982416
1152999,272326
1152999,1062222
1152999,564685
1153041,332663
1153066,1065145
1153196,458523
1153196,420178
1153196,529961
1153196,739274
1153196,307902
1153205,365048
1153205,273620
1153205,556637
1153205,567178
1153205,546145
1153205,725142
115323,932581
115323,594678
115323,1129978
115323,273671
115323,68035
115323,734157
115323,362172
115323,53623
115323,412960
115323,847881
1153299,474218
1153299,1089176
1153299,40495
115330,554576
115330,554382
115330,683124
115337,547103
1153407,993334
1153426,620893
1153435,292306
1153435,317061
1153435,207880
1153435,975890
1153435,535720
1153435,339379
1153435,635701
1153435,867720
1153435,271563
1153435,683124
1153435,65216
1153435,864041
1153436,656853
1153436,781852
1153456,216803
1153456,523396
1153469,811632
1153469,595858
1153469,544760
1153469,1104990
1153469,852140
1153469,865623
1153478,711046
1153478,684362
1153478,77920
1153478,289894
1153546,327047
1153563,1062222
1153621,620581
1153701,386061
1153701,271790
1153703,933560
1153703,149052
1153703,559943
1153703,136231
1153703,1071972
1153703,454350
1153703,164494
1153703,709196
1153703,826937
1153703,361391
1153703,65360
1153703,573012
1153703,930369
1153703,357775
1153703,1016029
1153703,533224
1153703,1128112
1153710,645132
1153710,443354
1153784,973242
1153875,528270
1153875,486093
1153875,607605
1153875,483620
1153875,262906
1153875,559943
1153875,241173
1153906,1109936
1153934,991789
1153934,97984
1153934,432069
1153934,491150
1153934,659499
1154011,426337
1154011,693296
1154011,518885
1154011,1002956
1154011,1013688
1154011,762798
1154011,1050954
1154138,123021
1154174,685085
1154174,809970
1154174,765464
1154174,105722
1154174,637587
1154174,81474
1154200,837604
1154325,1091683
1154346,672234
1154346,1050051
1154355,554382
1154356,750108
1154374,798506
1154374,150574
1154391,333077
1154391,408381
1154461,763245
1154461,370922
1154461,699070
1154461,1033832
1154501,683212
1154601,650942
1154602,845354
1154602,71567
1154647,813506
1154647,468960
1154685,1050126
1154697,151252
1154697,249665
1154700,938599
1154719,457063
1154719,35238
1154719,605211
1154719,132168
1154719,79094
1154719,504247
1154760,1137130
1154809,240350
1154809,1065810
1154809,267074
1154890,610856
1154890,781773
1154890,813186
1154890,674510
1154890,547869
1154890,620626
1154891,470226
1154891,762374
1154891,529648
1154891,249259
1154891,287157
1154891,711281
1154940,404228
1155003,845354
1155008,1161613
1155008,290017
1155008,820169
1155008,479851
1155008,74771
1155008,665516
1155008,354545
1155008,1107233
1155018,729255
1155044,604828
1155077,826283
1155077,777028
1155077,981849
1155077,408346
1155077,256218
1155077,39221
1155078,61316
1155102,988002
1155102,385059
1155102,878788
1155102,793940
1155111,960278
1155111,989753
1155111,1163786
1155111,819555
1155111,777670
1155111,94816
1155111,731087
1155111,193583
1155111,150316
115520,638924
115521,187848
115521,975890
115521,969177
1155240,470740
1155260,743380
1155273,1009682
1155273,1046409
1155399,740606
1155399,94584
1155399,549259
1155399,242951
1155399,329027
1155403,642967
1155403,290017
1155403,683124
1155403,339945
1155403,1000780
1155407,438671
1155441,1153161
1155549,408736
115558,827580
115558,602698
115558,753469
1155636,210330
1155636,168402
1155636,420178
1155657,962058
1155665,896342
1155665,123810
1155665,854851
1155665,613992
1155670,359934
1155670,491970
1155690,64999
1155694,610316
1155694,82077
1155750,779220
1155750,405535
1155750,559943
1155750,354082
1155750,155916
1155750,479851
1155750,229567
1155750,1094415
1155750,498212
1155750,734505
1155750,1152554
1155750,620374
1155750,913028
1155750,778267
1155750,600199
1155750,652386
1155760,731896
1155760,328515
115581,890620
1155814,702613
1155814,77809
1155819,517498
1156048,5629
1156048,609002
115610,567178
115610,997184
115610,884911
115610,134736
1156120,294124
1156271,1040541
1156271,517491
1156330,18497
1156337,193419
1156344,479851
1156344,33605
1156344,843335
1156397,603552
1156397,1024350
1156412,170731
1156428,747227
1156441,832524
1156441,547653
1156441,681017
1156441,374793
1156441,1109528
1156441,1098525
1156441,689047
1156441,94971
1156458,529253
115647,399478
115647,826323
115647,528177
115647,1092957
115647,647703
115647,679966
115647,13281
115647,95099
115647,191934
115647,328082
115647,1089865
1156616,693828
1156621,390244
1156651,895603
1156651,745790
1156731,300694
1156731,29530
1156731,526308
1156731,113841
1156731,664426
1156731,1125612
1156731,90193
1156731,545335
1156759,719737
1156759,938573
1156759,736450
1156759,888539
1156759,847352
1156810,195858
1156810,627406
1156830,1082418
1156845,51265
1156845,758123
1156845,897168
1156845,958978
1156845,653746
1156907,963719
1156907,1013294
1156907,301270
1156911,371727
1156911,988002
1156911,62512
1156911,844122
1156911,792597
1156911,182682
1156911,763932
1156911,42645
1156911,816899
1156911,793940
1156911,216134
1156911,878788
1156911,792932
1156911,1037627
1156911,730928
1156911,642205
1156911,548805
1156911,65677
1156911,973615
1156911,685013
1156911,858767
1156911,832046
1156911,195811
1156953,710556
1157006,386402
1157006,554962
1157006,204249
1157047,338575
1157049,231007
1157070,1093877
1157103,780901
1157103,1134235
1157103,548389
1157103,89919
1157103,230253
1157130,604828
1157181,944355
1157185,150574
1157185,508145
1157185,459702
1157185,54221
1157242,289039
1157242,772795
1157242,531413
1157311,129988
1157334,928344
1157369,555282
1157369,767033
1157376,506626
1157376,855858
1157376,1145759
1157376,1095233
1157376,1145982
1157376,563887
1157376,746614
1157376,1000202
1157376,875193
1157376,852601
1157376,1024577
1157376,168525
1157376,862662
1157376,662966
1157376,423461
1157376,156835
1157438,370139
1157438,165837
1157438,1110711
1157438,907094
1157438,316099
1157438,558867
1157438,384780
1157438,976522
1157438,611921
1157440,357378
1157440,1026948
115746,1073209
115746,672522
115746,959414
1157464,111877
1157495,197813
1157495,288214
1157495,843335
1157536,719758
1157536,206060
1157555,506017
1157599,88641
1157599,833545
1157599,281584
1157599,101442
1157599,232345
1157632,1148776
1157632,813141
1157632,577118
1157632,825985
1157632,722842
1157632,515024
1157632,654654
1157651,982225
1157651,510856
1157651,157349
1157663,892536
1157663,162580
1157663,855633
1157663,924426
1157720,1079759
1157720,549653
1157720,71357
1157720,461344
1157720,490151
1157720,610418
1157751,441963
1157751,549259
1157751,766948
115779,329321
115779,94628
115779,211914
1157868,652145
1157880,130759
1157882,1092786
1157882,73155
1157882,533893
1157882,573487
1157882,832724
1157901,107595
115793,792590
1157930,479167
1157930,1074540
1157930,1072492
1157962,812288
1157962,602793
115797,561435
115797,1085949
115797,522185
1157972,95344
1157972,792590
1157972,567692
1157972,1042601
1158003,510856
1158003,933810
1158003,976522
1158020,741185
1158027,5336
1158059,765833
1158059,1009099
1158103,136208
1158120,411535
1158120,1040078
1158181,193419
1158181,1039219
1158181,781852
1158181,875887
1158181,1054797
1158181,313716
1158181,727170
1158181,1079730
1158193,222839
1158193,469736
1158193,635651
1158193,504802
1158207,525429
1158207,848545
1158207,883177
1158207,342786
1158216,368073
1158216,26018
1158216,690422
1158254,651575
1158254,527501
1158254,320752
1158266,114090
1158266,691228
1158266,1013277
1158266,47185
1158266,837699
1158266,345371
1158274,3961
1158302,58783
1158310,473756
1158310,41574
115844,473398
115844,1043388
115844,538891
115844,1074649
1158488,384846
1158559,614766
1158559,354267
1158559,637221
1158559,681330
1158559,479851
1158559,284673
1158559,920082
1158559,843335
1158559,302051
1158559,1034682
1158559,554382
1158559,610404
1158559,772139
1158648,1118769
115865,1095311
115865,536600
1158658,679644
1158658,668503
1158658,806867
1158658,1082884
115866,1005176
115866,527166
115866,640099
115866,1162434
115866,602140
115866,569568
115875,675257
115875,43200
1158801,221321
1158846,1086501
1158846,1068008
1158846,994947
115892,1095233
115892,18152
115892,435747
115892,468933
1158948,936296
1159062,774218
1159073,596158
1159073,799709
1159073,1133448
1159073,264840
1159076,467053
1159076,843335
1159076,559943
1159076,593352
1159079,359384
1159079,542214
1159092,70827
1159136,978817
1159180,1072292
1159206,766948
1159206,975890
1159206,437949
1159206,549259
1159206,269842
1159206,559943
1159206,929701
1159220,1118769
1159220,756881
1159220,660512
1159220,581120
1159220,640463
1159220,938824
1159220,577778
1159220,994364
1159220,946281
1159220,668368
1159220,847373
1159220,559943
1159220,716335
1159220,950939
1159220,860980
1159220,620653
1159220,338575
1159220,640021
1159220,1111328
1159220,8426
1159220,775108
1159220,341281
1159220,677142
1159220,116404
1159220,699087
1159220,352631
1159220,974089
1159220,43636
1159220,365354
1159270,843335
1159270,116404
1159291,1108106
1159291,168402
1159291,190301
1159291,777533
1159342,904691
1159372,1007196
1159372,590126
1159376,1147411
1159376,938599
1159383,566262
1159383,796605
1159383,971791
1159426,346767
1159437,771352
1159437,1113582
1159548,698683
1159548,930278
1159572,846949
1159596,747690
1159596,56507
1159596,334720
1159596,906329
1159596,905564
1159596,240350
1159596,81699
1159628,141465
1159628,1027050
1159672,21416
1159701,389711
1159714,682756
1159714,94816
1159714,843335
115972,398293
1159741,527102
1159808,1065193
1159808,780435
1159865,908462
1159865,97413
1159865,836833
1159865,762151
1159868,600199
1159868,115074
1159868,332646
1159868,1091124
1159868,319666
1159868,1094415
1159868,457928
1159868,477777
1159868,354082
1159868,778267
1159868,864527
1159868,3771
1159868,956188
1159868,463181
1159868,229567
1159961,137783
1159961,213328
1159966,655234
1159966,821854
1160011,1002058
1160011,242522
1160037,1118769
1160037,855633
1160037,892536
1160037,60241
116009,652545
116009,973039
1160109,313615
1160109,168402
1160109,1052873
1160127,605516
1160127,77991
1160127,374066
1160159,768327
1160242,195858
1160272,432676
1160272,906050
1160272,100868
1160272,1079377
1160272,731316
1160273,93895
1160273,1103349
1160273,1129204
1160273,415333
1160273,572080
1160273,599349
1160273,256120
116031,219634
1160479,900955
1160479,975890
1160479,1021872
1160526,277503
1160526,922769
1160526,560085
1160544,1064989
1160544,310912
116055,677090
1160582,368550
1160582,873983
1160623,92891
1160623,812341
1160623,895028
1160623,995215
1160623,1139598
1160623,768327
1160646,651613
1160646,1149283
1160646,604828
1160670,822732
1160671,734673
1160671,840180
1160671,422935
1160671,586008
1160738,226812
1160738,975355
1160738,1007183
1160738,958697
1160738,4306
1160738,807085
1160738,18319
1160738,566084
1160738,335314
1160738,901758
1160738,570310
1160738,100059
1160738,322266
1160738,1009232
1160738,97229
1160738,155017
1160738,26827
1160738,1151548
1160738,654963
1160870,1002482
1160870,330828
1160870,792590
1160870,871368
1160951,736485
1160951,550384
1160951,386870
1160955,399348
1161012,320761
1161075,248395
1161075,595515
1161075,716843
116109,959058
1161107,483843
1161107,511457
1161107,232685
1161113,800069
1161113,953579
1161113,1162170
1161113,21141
1161113,822501
1161113,722188
1161157,397539
1161157,362551
1161157,542305
1161157,311349
1161157,469127
1161157,27384
1161157,848588
1161157,896381
1161157,1052398
1161161,243267
1161168,262260
1161194,723703
1161194,159349
1161194,1044597
1161194,903347
1161194,50043
1161194,737774
1161272,207077
1161272,830416
1161302,1011728
1161302,22385
116137,1135613
116137,1114807
1161491,136776
1161559,394997
1161559,282286
1161613,216691
1161613,843335
1161613,74771
1161613,903347
1161613,386870
1161613,508454
1161613,290017
1161613,531413
1161613,646481
1161613,671272
1161613,94816
1161613,407003
1161613,380040
1161613,482066
1161613,932763
1161613,610095
1161613,195445
1161672,409257
116175,647799
1161753,67644
1161753,714848
1161753,581325
1161753,244818
1161753,34032
1161753,1061699
1161753,174924
1161753,1090693
1161753,259117
1161753,119440
1161753,873111
1161753,283497
1161753,685545
1161753,213493
1161753,226966
1161753,404351
1161801,314930
1161858,351297
1161943,441142
1161966,779932
1161966,542023
1161986,603785
11620,408346
11620,991635
11620,713973
11620,942802
11620,981849
11620,370281
11620,1062880
116206,148557
116206,1104353
1162063,554382
1162063,1081225
1162063,843335
1162063,846160
1162063,33605
1162063,689053
1162063,512149
1162167,825985
1162167,1157632
1162170,764335
1162170,51334
1162170,1010252
1162170,822501
1162170,25296
1162170,722188
1162170,800069
1162178,846944
1162178,165589
116218,895738
116218,149520
1162196,378232
1162196,158866
1162224,768247
1162304,58737
1162304,557262
1162311,890259
1162311,638087
1162311,394437
1162339,346482
1162339,571882
1162339,901795
1162339,145447
1162339,227972
1162339,919967
1162339,1131607
1162354,465170
1162354,719427
1162362,975890
1162362,208669
1162362,843103
1162363,554382
1162363,559943
1162363,114384
1162363,312408
1162420,844385
1162420,348422
1162420,468243
1162434,783528
1162434,740880
1162434,1137367
1162434,602140
116252,967739
116252,43200
1162605,872858
1162633,959790
1162633,222160
1162633,1023461
1162633,840020
1162673,909498
1162673,706982
1162673,948198
1162673,620581
1162673,1131460
1162687,695652
1162705,76669
1162705,488194
1162705,812339
1162726,1117850
1162726,433854
1162726,29320
1162726,291963
1162726,117832
1162726,1122669
1162729,889301
1162731,240350
1162731,189789
1162731,81699
1162731,64617
1162731,545200
1162750,653185
1162755,1008301
1162755,151444
1162755,233130
1162755,139748
1162755,852601
1162755,846413
1162755,982020
1162755,1046598
1162755,1166415
1162755,685545
1162755,581794
1162755,17664
1162755,935901
1162755,696305
1162755,668368
1162755,524262
1162755,232132
1162755,1017256
1162755,76698
1162821,833475
1162826,1149506
1162826,651051
1162826,4070
1162826,957056
1162850,518429
1162850,1052865
1162850,470960
1162891,636255
1162891,912998
1162891,606725
1162891,524239
1162982,633097
1162982,922544
1162982,1133106
1162982,436316
1162982,706586
1162982,744067
1163061,750595
1163061,285935
1163061,668503
1163061,1126894
1163090,864601
1163117,170398
1163117,88954
1163130,578656
1163130,968850
1163130,897873
1163139,959092
1163139,805092
1163139,94728
1163139,637544
1163139,615577
1163139,782337
1163139,671272
1163139,87263
1163139,386402
1163139,878788
1163139,642205
1163139,497636
1163139,249797
1163139,8850
1163139,90691
1163139,13751
1163139,771352
1163188,131053
1163188,625823
1163188,914407
1163188,98297
1163188,825985
1163188,787139
1163193,618644
1163193,1047902
1163244,276193
1163244,141465
1163373,600191
1163373,218551
1163373,1013688
1163373,608309
1163373,1103745
1163373,334460
1163373,1098695
1163373,262277
1163373,39890
1163373,478031
1163393,301370
1163393,971223
1163399,1057255
1163399,1136229
1163440,1095560
1163440,135688
1163440,699326
1163440,755054
1163440,176582
1163440,753535
1163440,323175
1163558,20866
1163558,629403
1163558,110624
1163563,658012
1163563,438162
1163563,1100121
1163563,498258
1163563,388960
1163563,719758
1163563,382326
1163563,766948
1163563,277432
1163563,772255
1163587,171936
1163587,390244
1163587,46574
1163587,540690
1163587,477104
1163587,823934
1163587,228676
1163587,326141
1163587,1115765
1163587,867592
1163786,22845
1163786,1127813
1163786,129305
1163786,1059673
1163786,1129934
1163786,750293
1163786,777670
1163786,590228
1163786,989753
1163786,695091
1163786,310680
1163786,639790
1163790,1107368
1163802,380617
1163802,549521
1163864,266101
116389,273700
1163912,749482
1163947,430805
1163964,680119
1163964,824803
1163964,1026121
1163972,158985
1163979,303010
1163979,326437
1163979,13281
1163979,328082
1163979,600078
1163979,667295
1163979,339892
1163980,323865
1163980,457880
1163986,606782
1163986,164756
1163986,611848
1163986,29622
1163993,497371
1163993,476344
1163993,192228
116400,548
116404,890259
116404,1073209
116404,551683
116404,958349
116404,962058
116404,757243
116404,732029
116404,1044442
116404,168402
116404,1166573
116404,559943
116404,781814
116404,577778
116404,841523
116404,812341
116404,1080006
116404,1161753
116404,642700
116404,1078241
116404,475904
116404,720148
116404,894460
1164050,1076418
1164050,234137
1164050,1038331
1164074,771352
1164074,479851
11641,601309
1164199,193822
1164315,599217
1164315,110752
1164315,593104
1164315,289641
1164315,297845
1164315,463242
1164315,238181
1164315,869606
1164315,582055
1164328,511329
1164328,782337
1164369,403698
1164377,305374
1164377,961474
1164377,190691
116446,988002
1164526,478648
1164534,9241
1164534,947117
1164536,235747
1164557,599986
1164557,554104
1164602,550645
1164614,1020212
1164614,129988
1164686,1160918
1164713,192228
1164713,571113
1164775,359997
1164775,976337
11648,469742
1164846,823817
1164856,919269
1164867,544170
1164867,36953
1164982,723860
1164986,46545
1164986,848547
1164986,207572
1164997,413397
1164997,1075180
1164997,831124
116500,51234
116500,219351
1165025,772756
1165025,747492
1165025,535484
1165039,1163139
1165092,1131841
1165092,273358
1165106,488194
1165112,677477
1165112,1058287
1165112,848909
1165112,559943
1165119,366681
1165176,310752
116523,1144656
116523,428397
116523,838681
1165407,1147773
1165416,386402
1165463,1005802
1165523,1016615
1165523,193583
1165523,284997
1165523,491830
1165523,1149283
1165523,806960
1165523,509635
1165523,393351
1165523,832824
1165523,651613
1165523,604828
1165523,693828
1165523,954460
1165523,1154494
1165523,575830
1165523,970969
1165523,76700
1165523,926394
1165523,216297
1165542,546145
1165542,276805
1165542,884911
1165542,424459
1165542,567178
1165669,786492
1165705,1107554
116577,554382
116577,843335
116577,114079
116577,779220
116577,374476
116577,108424
116577,302051
116577,1115281
1165796,182373
1165796,1108534
1165807,1136943
1165807,308053
1165886,805454
1165886,164972
1165886,557372
1165886,614662
1165886,229220
1165886,1003331
1165887,445765
1165963,618176
1165963,912843
1166021,779884
1166055,594404
1166055,258723
1166217,808076
1166217,736724
1166217,279569
1166241,370139
1166261,676893
1166261,868666
1166281,704801
1166281,1094217
1166281,1072492
1166281,386059
1166281,356784
1166293,398224
1166329,734157
1166329,68035
1166329,932581
1166329,501434
1166381,114090
1166381,235336
1166381,759667
1166385,430798
1166385,115468
1166385,352877
1166385,1099829
1166385,166893
1166385,21971
1166385,70406
1166385,156648
1166385,627565
1166385,177048
1166385,143985
1166385,232641
1166385,228626
1166385,1020169
1166385,496379
1166385,1109960
1166385,518860
1166385,770589
1166385,215696
1166385,579177
1166385,129309
1166385,634126
1166385,733006
1166385,606894
1166388,536600
1166388,882866
1166388,464580
1166388,862641
1166388,1104341
1166388,674510
1166388,810629
1166388,47575
1166388,786094
1166415,1044597
1166415,507558
1166415,1018105
1166415,1091878
1166415,846413
1166415,354206
1166415,200273
1166415,344657
1166415,1077849
1166415,1162755
1166415,857601
1166491,474218
1166508,491823
1166512,216356
1166512,1082884
1166573,375313
1166573,116404
1166573,1160119
1166573,604672
1166574,847352
1166574,999737
1166574,498258
1166615,1118769
1166615,1082418
1166696,469127
1166706,532622
1166706,1105921
1166706,231020
1166711,479851
1166711,746477
1166711,468331
1166711,580690
1166711,435670
1166711,170046
1166711,772795
1166711,771352
116674,762300
116674,342216
1166766,741898
1166817,608615
1166817,1072492
1166817,963674
1166817,823456
1166930,860965
1166930,839392
1166930,355286
1166930,728354
1166930,824351
1166930,630486
1166930,771352
1166930,739579
1166930,858767
1166930,772795
1166930,637019
1166930,353054
1166930,661803
1166930,558946
1166930,54972
1166930,256876
1166930,440478
1166930,450090
1166930,609002
1166930,93723
1166930,163211
1166930,94816
1166930,782337
1166930,567143
1166930,585716
1166930,398186
1166930,1114375
1166930,621910
1166930,29522
1166930,1007771
1166930,531413
1166930,386402
1166930,290017
1166930,1150503
1166930,386827
1166930,533495
1166930,805092
1166930,779783
1166930,1115765
1166930,1064452
1166930,671272
1166994,833907
1167012,286678
1167032,1036800
1167046,173853
1167046,724886
1167051,372724
1167051,817347
1167051,244226
1167051,812288
1167066,847352
1167066,663220
1167066,949667
1167066,938573
1167091,1110582
1167125,155405
1167125,321014
1167147,600199
1167147,1093995
1167147,549991
1167147,8529
1167160,192150
1167160,909773
1167160,879153
1167160,974348
1167160,334177
1167160,104333
1167160,691305
1167160,1075593
1167160,242648
1167163,231876
1167163,145511
1167170,1055997
1167170,1049711
1167170,993795
1167170,658994
116744,516370
116744,612500
116744,1005176
116744,977933
116750,1059208
11676,809534
11676,935030
11676,1131051
11676,552950
11676,925426
116763,209534
116763,550917
116763,181770
116763,747492
116763,760449
116793,450137
116793,879246
116793,1016930
116837,580483
116837,288914
116877,536263
116877,313512
116877,685545
116887,427224
116887,956083
11691,928044
11691,762374
11691,350542
11691,2256
11691,984332
11691,1137458
116926,519369
116926,441637
116926,1049865
116926,769655
116926,524904
116926,550295
117036,183509
117036,73981
117036,971293
117059,622407
117059,235305
117059,843335
117059,962971
117059,840135
117059,685432
117059,883923
117059,888219
117059,202585
117098,387782
11713,164502
11713,1020956
117159,938487
117159,981849
117159,449278
117159,1050276
117159,826283
117159,408346
117160,73155
117160,832724
117160,32674
117165,853945
117172,905221
117201,762374
117201,224447
117201,772795
117201,655234
117201,1028762
117201,656944
117201,647671
117201,870873
117201,18461
117224,399884
117224,840135
117224,806515
117224,628248
117274,942802
117274,981849
117274,709918
117274,1121309
117274,29433
117274,1106747
117274,573326
117274,205490
117274,723421
117274,408346
117274,370281
117274,676271
117274,365842
1173,312728
1173,118242
1173,78286
117315,1082884
117315,418885
117390,781854
117443,804252
117443,601132
117443,816540
117446,634504
117446,91469
117496,593251
117496,980215
117506,1066078
117506,180667
117525,520363
117532,368177
117552,1096429
11756,455740
117620,588589
117624,930278
117797,372227
117797,257786
117832,433854
117832,710950
117832,1117850
117861,103317
117908,447988
117908,1531
117917,186078
117917,1059673
117917,1070311
117931,621419
117942,106446
117942,745790
117948,996978
117948,379423
11800,852035
11801,333270
11801,903825
11801,35267
11801,585218
11801,1100346
11801,547404
11801,176386
11801,223261
11801,72536
11801,772316
11801,118859
11801,755833
11801,967612
11801,1027995
11801,111302
11801,281300
11801,130751
11801,113998
118048,511457
118048,857956
118048,997879
118156,628218
118156,774970
118156,321824
118156,665796
118189,896214
118189,1109175
118189,884911
118189,435435
118189,88053
118189,113407
118189,1102423
118189,104957
118189,1166930
118189,669235
11819,734157
11819,525476
118271,803171
118271,349307
118271,850138
118271,294001
118271,208771
118272,1042107
118334,18669
118381,756148
118381,410300
118381,578841
118392,1134946
118440,216223
118440,663882
118440,36337
118440,157504
118464,962589
118534,809280
118540,683124
118540,559943
118540,843335
118540,1057145
118540,10143
118567,1130903
118579,138732
11864,560566
118657,525726
118672,81474
118680,240502
118680,322391
118680,866656
11871,946975
11871,664987
11871,349204
118718,847352
118733,1044597
118733,454350
118733,312408
118735,811812
11875,958832
11875,318744
118831,16668
118839,952458
118859,585218
118859,1027995
118859,1100346
118859,72536
118859,113998
118859,11801
118859,903825
118859,130751
118859,755833
118859,176386
118859,281300
118859,967612
118859,111302
118859,333270
118859,35267
118859,772316
118859,223261
118859,547404
118864,90040
118881,408102
118881,155417
118929,768327
118929,197813
119051,609002
119063,401065
119063,346257
119063,945482
119085,950939
119085,1118769
119159,750556
119159,968227
119161,642205
119202,637656
119252,775108
119252,433139
119252,475271
119261,103032
119261,904262
119261,1116789
119262,1023999
119262,975655
119262,848027
119289,750636
119335,224973
119355,855817
119355,1029721
119355,1142121
119355,168402
119372,1149283
119440,1161753
119440,386605
119440,702783
119440,875887
119440,749482
119440,348738
119440,193419
119440,1005262
119440,411679
119440,657192
119440,397486
119440,512857
119440,1095233
119440,1061373
119440,781852
119440,165651
119440,718634
119489,528177
119498,534224
119498,468729
119498,667297
119498,828367
119538,920706
119538,678536
119553,236976
119553,988151
119553,1057259
119553,1010090
119553,1039854
119555,850699
119555,488194
119621,479851
119621,386870
119621,1103349
119642,1008302
119658,1103415
119658,461303
119658,973522
119665,427359
119665,714538
119665,370139
119665,384780
119697,569085
119724,421871
119726,448646
119732,724493
119732,827161
119732,993661
119732,529232
119732,477643
119732,906354
119732,971372
119850,976956
119850,903455
119936,952921
119936,1149235
120010,368177
120010,1118914
120036,111892
120036,509793
120036,1087989
120036,195253
120036,841847
120036,968068
120122,239083
120122,17187
120122,386402
120171,901787
120171,797800
120171,1115765
12019,186911
120198,120198
120227,559943
120227,683124
120227,221080
120227,705766
120227,556429
120227,1028134
120227,302051
120227,645379
120228,893825
120228,845614
120228,497552
120228,566369
120228,633626
120277,207880
120277,307035
120295,216117
120295,1038488
120334,1073209
120334,60685
120334,311995
120334,642082
120344,647885
120344,316702
120344,29553
120344,843335
120344,238892
120378,843335
120378,610418
120456,22251
120456,1143912
120456,208306
120456,894010
120456,448054
120475,433139
120483,150574
120614,750595
120614,1126894
120614,68280
120614,179878
120614,668503
120644,813680
120644,785935
120644,353912
120644,1068684
12067,1064004
12067,1124080
12067,244716
120691,1118769
120691,918154
120691,1053354
120691,668503
120815,458609
120815,703922
120815,547291
120831,87077
120870,957872
120870,987518
120915,109815
120915,514841
120915,884911
120915,999365
120915,128752
120915,304251
120915,870765
120915,216139
120915,72573
120915,312710
120915,585930
1210,1062222
1210,230202
1210,290017
1210,311359
1210,210814
1210,349007
1210,715976
1210,640099
1210,432906
1210,1021132
1210,678609
1210,679966
1210,271544
1210,724767
1210,267790
1210,361195
121030,699706
121030,937930
121030,830747
121030,532297
121089,420647
121095,957959
121136,309920
121136,322604
121141,311216
121141,1019393
121141,177745
121148,1161302
121148,70240
121148,1123466
121148,893692
121148,975540
121148,128937
121148,455994
121148,22385
121148,7451
121148,1140499
12118,212864
12118,1107554
121180,386827
121180,945575
121180,479851
121180,40273
121180,800390
12121,101831
121212,1163979
121212,497692
121293,801013
121302,1073286
121331,670136
121331,386402
121331,842282
121331,577982
121339,428697
121339,267655
121396,231020
121413,96375
121456,312393
121464,161154
121464,736644
121464,379893
121464,58973
121464,7176
121464,452050
121567,70253
121567,39603
121567,109773
121567,353259
121567,1017710
121567,300252
121574,772505
121574,357775
121574,454350
121620,17224
121715,266656
121715,558867
121715,155675
121719,168402
121719,1139102
12172,309910
12172,414090
12172,855341
12172,172959
12172,193993
12172,1063405
12172,512766
12172,800044
12172,736004
12172,654065
12172,355827
121769,155417
121769,760991
121769,1047621
121769,940114
121769,70788
121769,661958
121797,64678
12182,1095311
12182,1150452
121830,172357
121830,1012016
121830,1094217
121830,386059
121835,1143926
121835,679870
121835,552133
121835,1012795
121835,1729
121835,918941
121835,671272
121835,688765
121835,399379
121835,702383
121835,478977
121835,619200
12185,180880
121889,442399
121920,499176
121920,306117
121920,465043
121920,830917
121920,906095
121920,1053620
121920,140266
121975,275783
121975,484797
122055,551499
122123,262042
122123,451766
122123,668821
122123,810629
122123,520564
122123,464580
122123,7963
122165,1123245
122165,1072492
122198,95099
122219,998760
122219,120261
122219,133249
122219,772881
122244,1120831
122244,700540
122247,122247
122247,13838
122265,685743
122265,334720
122265,32354
122265,240350
122265,81699
122265,910679
122275,540418
122275,182509
122275,418885
122275,299850
122275,657522
122275,204656
122275,386402
122275,1082884
122275,671272
122297,1088491
122318,899545
122327,981143
122327,228240
122338,804262
122338,1166930
122338,968437
122495,1118769
122502,1018697
122502,1105921
122502,532622
122502,192465
122588,1069884
122588,532997
122588,2765
122588,33131
122588,1017256
122588,76698
122588,17664
122588,335708
122588,1162755
122676,84285
122676,699654
122676,1031377
122676,633823
12270,1047719
12270,203857
122708,658014
122723,1087539
12275,424644
12275,792590
12275,355827
12275,1035671
12275,6890
12275,812288
122757,481708
122757,1073209
122757,372424
122757,14786
122757,416112
122757,274128
122757,614563
122770,339773
122770,727492
122770,1002115
122787,553465
122787,1005604
122787,526308
122787,735514
122787,539887
122787,492716
122787,76718
122787,1125612
122828,547979
122828,149052
122828,989767
122828,1149264
122853,861090
122853,248017
122853,762374
122853,20697
122853,1129819
122862,846782
122862,695910
122862,858767
122862,878788
122862,691221
122862,386402
122862,763932
122862,291909
122862,776123
122862,1057929
122862,471271
122862,699706
122862,830747
122862,1112044
122862,220155
122862,56989
122862,642205
122862,42645
122876,502238
122949,243054
122949,1149413
122949,631807
122949,465160
12300,79971
12300,103317
12300,401217
123050,871968
123050,111391
123050,843335
123053,249665
123053,863421
123131,496945
123131,134780
123131,847256
123134,654441
123134,132032
123134,509600
123134,1130342
123181,1108760
123181,70791
123202,576004
123202,375734
123202,853432
123237,930278
123253,479851
123253,843335
123253,39047
12352,554382
123534,270187
123534,853998
123534,1011854
123534,842752
123534,737418
123588,643194
123588,805092
123588,1113051
123588,871737
123588,162580
123588,827574
123601,532382
123683,861459
123717,686447
123717,386870
123717,415333
123717,327037
123717,843335
123717,309920
123717,663173
123757,960436
123757,1139962
123773,922897
123773,103685
123773,3894
123780,303243
123810,1155665
123810,896342
123827,1143278
123827,1108515
123827,835071
123930,975890
123943,878788
123943,559927
123943,642205
123943,195630
123943,763932
123943,859372
123943,92097
124003,35997
124013,529048
124013,312896
124016,195253
124016,861059
124016,384144
124016,111892
124016,841847
124053,59498
12418,27781
12418,238460
124313,1070515
124313,1048092
124313,124313
124367,135688
124420,397918
124420,943208
124429,103032
124465,182373
124471,284577
124471,610418
124471,1045915
124503,976337
124503,450397
124503,1040047
124559,145822
12456,492448
12456,1134587
12456,894099
124590,845531
124590,583603
124590,388933
124590,223264
124590,77069
124590,975890
124590,554382
124661,685541
124661,859502
124661,1016396
124690,705843
124721,463670
124724,384643
124741,530983
124741,9858
124741,1032494
124827,436306
124827,610456
124827,502005
124827,641157
124857,1137988
124857,730928
124857,772323
124857,275632
124857,795168
124857,213255
124857,207552
124857,873224
124857,683340
124872,36337
124872,841016
124878,883029
124888,721174
124888,679966
124888,271544
124927,611088
124927,54537
124927,911960
124930,756648
124930,245110
125017,779999
125017,71357
125053,692907
125053,522612
125053,827193
125053,105720
125053,575871
125053,671391
125053,1103415
125053,639972
125053,457928
125053,659833
125053,917063
125146,843335
125161,792590
125161,554382
125161,345508
125161,843335
125161,268745
125161,610095
125305,959414
125305,169407
125305,1073209
125305,495205
125320,476572
125337,304958
125337,831124
125337,96375
125337,1002351
125337,855007
125337,236864
125419,860965
125419,168402
125419,890623
125440,13751
125440,838987
125483,780435
125500,386402
125517,97970
125618,430840
125618,223613
125660,632594
125660,709541
125660,784827
125661,377709
125661,13555
125699,1008257
125699,279942
125711,1068169
125711,264840
125777,800663
125777,688148
125777,818564
125874,967739
125874,43200
125884,1122946
125894,578431
125915,370748
125915,695456
125978,364591
126044,559943
126044,443641
126057,337773
126059,565421
126059,584653
126071,1014164
126071,886579
126143,517553
126143,448646
126207,204814
126266,182644
126266,464565
126266,676028
126304,1081159
126304,110402
126326,227821
126387,573292
126387,153504
126387,952382
126387,63264
126400,920960
126418,522889
126418,689733
126418,438246
126418,765464
12643,265549
12643,346293
12643,566369
126434,122757
126443,1059358
126443,27781
126443,126443
126443,993767
126443,1062222
126458,297015
126458,83795
12652,135688
12652,47185
12652,1095560
12652,994669
12652,114090
126542,892744
126545,613105
126545,311995
126545,64054
126545,335708
126545,120334
126545,60685
126545,649184
126545,433363
126545,1066674
126545,626338
126545,813080
126545,1073209
126613,887043
126613,1118821
126671,1047932
126678,310144
126678,257282
126739,377201
126742,17187
126796,1054634
126810,1151548
126810,4306
126854,962058
126854,759667
126854,20874
126854,243054
126854,472208
126854,1166381
126854,898903
126854,771352
126854,1036486
126854,651734
126854,403512
126854,114090
126854,805092
126854,47185
126854,430632
126854,418885
126854,899374
126854,555303
126854,400542
126854,329327
126854,172632
126854,724218
126854,701174
126854,479851
126854,772795
126907,307135
126924,553416
127016,943699
127016,206379
127016,47116
127016,622974
127016,689012
127016,32626
127016,514900
127016,50378
127016,305839
127016,962419
127016,411779
127016,456436
127016,185225
127016,1135613
127016,210330
127016,443622
127016,389809
127016,520191
127016,1026121
127016,58737
127016,72265
127049,968336
127049,513405
127049,387307
127049,479851
127049,494315
127049,150896
127049,121443
127049,1074658
127049,313249
127049,676077
127049,646600
127049,734829
127049,529543
127049,299809
127049,253433
127111,760377
127111,487992
127111,295464
127111,279525
127111,593491
12713,992034
12713,650218
127156,1093914
12721,831372
12721,550295
12721,687676
12721,627805
127256,95676
127256,191623
127277,410524
127339,796432
127339,679966
127339,484916
127382,196411
12743,848587
12743,937884
12743,352991
12743,849537
12743,805442
12743,1013274
127462,991654
127462,762374
127462,239507
127469,302965
127469,895439
127469,99443
127494,1012610
127494,667582
127556,402822
12765,635511
12765,375320
12765,105874
12765,22234
12765,1028557
127676,641510
127676,856863
127676,610930
127687,566262
127690,465602
127714,408346
127714,662633
127714,629009
127714,39221
127714,68093
127714,471350
127714,942802
127714,205490
127714,1131436
127714,262753
127714,1092100
127714,660442
127714,10608
127714,1024669
127714,981849
127714,271282
127830,610930
127830,244226
127830,1032729
127830,503031
127890,864400
127895,668503
127895,776976
12791,87371
127945,1082884
127945,624221
127945,178129
127945,734157
127948,422452
128019,643923
128024,985264
128029,560456
128122,631061
128122,910984
128122,68926
128122,110752
128122,214894
128122,1162826
128122,983510
128122,1074193
128122,943876
128122,1149506
128122,957056
128167,500110
128167,256897
128203,70253
128203,992743
128203,962049
128203,300252
128203,1017710
128317,362123
128317,468109
128408,332756
128444,293368
128464,1091554
128485,566049
128485,36337
128536,616049
128536,803946
128578,611921
128578,132577
128578,704519
128578,266656
128578,510339
128578,976522
128578,256876
128578,558867
128578,247261
128578,860965
128586,168525
128586,662966
128614,646481
128614,611430
128614,859940
128631,737418
128631,403248
128631,1011854
128631,376783
128631,842752
128631,277693
128631,624858
128636,827574
128663,200311
128663,157504
128679,1103215
128703,66917
128703,48944
128752,120915
128752,312710
128784,1166930
128784,884911
128784,1043280
128801,604959
12881,690525
12881,990333
128890,181066
128890,421871
128890,438519
128895,407709
128895,192536
128895,606255
128895,1045119
128895,959251
128895,218207
128895,572147
128916,627998
128916,1027442
128937,22385
128937,70240
128937,893692
128962,370281
128962,205490
128962,408346
128962,942802
128962,981849
128972,323980
128972,404137
128972,256876
128972,1120251
128972,316099
128986,141121
128986,361334
128986,488194
128986,695978
128986,556920
128986,818365
128988,835437
128997,927264
129034,447988
129073,882866
129073,685545
129073,916996
129073,403612
129073,468933
129073,830390
129073,464580
129073,536600
129073,1095233
12911,812341
129117,754355
129117,855798
129117,1115637
129117,877276
129172,609873
129192,294531
129192,624241
129201,107734
129201,81474
129201,403858
129262,938181
129262,777670
129262,579108
129263,1058995
129263,895761
12928,932581
129301,630039
129302,16051
129302,438246
129305,1127813
129305,695091
129305,199781
129305,80736
129305,893675
129305,777670
129305,1163786
129309,166893
129309,627565
129309,176049
129309,1166385
129309,673470
129309,700661
129309,143985
129309,430798
129309,634126
129309,664389
129309,215696
129309,8001
129309,21971
129309,1032500
129309,845074
129309,770589
129309,733006
129309,352877
129309,452110
129309,177048
129309,228626
129309,606894
129309,175659
129309,1060236
129309,84651
129309,1099829
129309,920119
129309,496379
129309,579177
129309,70406
129309,1043522
129386,962957
129386,657074
129399,24199
129399,33131
129399,310392
129399,891102
129399,846413
129399,668368
129404,821960
129404,1114807
129404,959625
129404,853194
129404,647886
129441,772795
129507,642205
129672,106670
129672,735599
129672,442047
129672,878873
129672,918059
129672,769553
129672,154755
129672,883207
129672,908452
129672,587775
129697,214675
129714,1138017
129745,762374
129750,96375
129750,893825
129750,852035
129750,948308
129752,609517
129752,898327
129752,95099
129780,439994
129780,903180
129780,493926
129780,758244
129780,355827
129815,544321
129815,479851
129857,1016236
129857,1114274
129857,1114638
129857,26859
129857,70406
129857,765413
129857,532035
129860,262260
129860,26122
129878,657341
129878,479851
129878,36337
129878,512149
129878,549182
129878,386827
129878,856776
129878,840467
129878,843335
129878,554382
129878,827066
129878,592169
129878,983103
129878,870765
129912,31227
129921,864068
129921,670753
129921,604828
129921,35599
129921,1016615
129921,10749
129939,965578
129988,878788
130036,212387
130036,216223
130041,685097
130041,851966
130041,1125088
130041,1147679
130041,423841
130045,1134524
130045,241339
130045,1122475
130045,1005802
130045,387147
130045,960553
130045,1089176
130045,998703
130059,957654
130078,906564
130078,1027791
130078,591822
130078,550645
130078,834629
130078,1008092
130078,792762
130078,1032729
130078,592674
130089,574590
130089,923582
130089,580551
130102,668469
130120,668678
130125,785586
130125,818564
130263,253885
130263,886073
130263,894575
130263,842843
130267,189738
130267,906050
130281,152493
130281,33728
130281,465953
130281,688578
130281,89540
130281,216223
130324,916996
130327,49349
130413,314918
130413,67393
13047,1023999
13047,169729
130475,60241
130495,784141
130616,563172
130678,870559
130678,256772
130678,63508
130678,189150
130678,964326
130678,353187
130751,967612
130751,547404
130751,118859
130751,223261
130751,755833
130751,281300
130751,1100346
130751,585218
130751,111302
130751,333270
130751,176386
130751,311533
130751,1027995
130751,72536
130751,903825
130751,16816
130751,772316
130751,35267
130751,11801
130751,113998
130757,949554
130757,388960
130759,576366
130759,515108
130759,518218
130759,314834
130759,178816
130759,949154
130759,954254
130805,257139
130807,1074540
130807,608615
130807,886696
130813,957056
130813,1086357
130813,547869
130813,610856
130813,1118769
130813,1107333
130813,806568
130813,744929
130813,10143
130813,672794
130813,674510
130813,620626
130833,433172
130833,169093
130906,441459
130906,18669
130906,877541
130906,933141
130906,668368
130906,189272
130906,688056
130966,517553
130966,693828
130966,528177
130966,976112
130966,255908
130966,1062222
130966,1089707
130966,1210
130966,27781
130993,339322
130993,554382
130993,780056
131053,973065
131053,983019
131053,977945
131053,1083782
131053,565374
131053,113550
131053,526871
131053,450290
131053,231757
131053,853
131053,804899
131053,378522
131053,923559
131053,114090
131053,98297
131053,56973
131053,376483
131053,700358
131053,772795
131071,943967
131071,450137
131071,564056
131071,163473
131071,76700
131153,762374
131194,168402
131248,81474
131273,993767
131273,570262
131296,576444
131314,1130903
131314,1136593
131314,1078801
131314,481810
131314,544362
131329,519813
131339,1153703
131339,454350
131339,635078
131366,714638
13141,559943
13141,683124
131450,803087
131450,39603
131450,338012
131459,541738
131529,1034754
131529,26018
131596,779487
13164,831124
13164,994730
13164,97401
13164,703718
13164,1094759
13164,963944
13164,964633
13164,498733
13164,668714
13164,933516
13164,557999
13164,901918
13164,745839
13164,1126948
13164,290017
13164,762374
13164,1126364
13166,1075482
13166,776728
13166,1083782
13166,64678
13166,913537
13166,1101953
13166,683124
13166,772795
13166,131053
13166,526871
13166,130475
13166,207430
13166,677347
13166,298232
13166,505342
13166,647671
131667,179648
131667,806867
131667,36953
131672,48909
131696,1023461
131696,222160
131696,739398
131696,840020
131738,827580
131738,467906
131738,762374
131738,432510
131738,1115765
131760,723237
131820,987761
13197,158985
13197,968962
132032,946338
132032,1014164
132032,968632
132032,1050155
132032,123134
132032,1022859
132032,140390
132032,741195
132032,939489
132032,1143071
132032,593673
132032,875071
132032,1083848
132032,16325
132032,75622
132032,595864
132032,199572
132069,58984
132073,1094247
132073,148725
132148,85502
132148,967739
132148,386402
132148,43200
132163,1030899
132168,1081159
132168,1033388
132168,820660
132168,843335
132168,204645
132168,443144
132168,22845
132168,79094
132168,1154719
132186,212639
132215,763480
132264,1081159
132264,1096557
132264,775386
132264,260333
132264,604828
132270,436643
13239,843335
132483,841661
132483,836153
132483,675257
132516,232132
132516,1048968
132516,151075
132516,905564
132544,87676
132544,592674
132544,168402
132544,195093
132544,747405
132544,486763
132544,236864
132577,128578
132577,976522
132612,750131
132804,1023999
132804,138058
132804,954908
13281,339179
13281,95099
13281,339892
13281,1163979
13281,693749
132857,123780
132878,402684
132878,1009969
132899,295337
132966,317061
132966,980631
132966,239390
133003,561517
133003,240350
133009,625932
133009,500149
133009,141347
133054,792590
133087,116404
133120,274844
133152,396454
133194,701174
133237,772795
133249,355224
133249,379680
133249,799875
133259,843335
133259,39047
133259,415333
133259,380040
133259,1044597
133259,848909
133275,469742
133275,392588
133277,228642
133277,312408
133301,895603
133301,745790
133301,848846
133301,675862
133309,198841
133309,879153
133309,237540
133309,542590
133309,994566
133309,412540
133309,522474
133309,274374
133309,1167160
133309,533860
133364,490166
133445,1095560
133445,135688
133484,379452
133484,1004388
133484,446947
133484,766948
133495,862813
133495,457326
133495,577982
133495,154016
133495,303927
133495,386402
133495,654639
133495,914590
133495,1009806
13350,843335
13350,380040
13350,1115281
13350,903347
13350,211639
13350,683124
13350,954289
13351,897168
13351,549259
13351,817716
13351,862107
13351,847352
13351,658012
133563,561746
133563,856897
133563,554382
133596,906050
133596,1147997
133596,758570
133596,604688
133596,198278
133596,818324
133628,95099
133628,1163979
133628,13281
133639,552998
133683,843335
133683,792590
133739,849620
133739,1066848
133739,374878
133777,1113736
133777,46545
133777,248028
133777,191530
133777,558259
133777,194888
133777,848547
133777,224973
133777,586229
133779,747492
133779,790721
133779,451574
133779,1165025
133854,416650
133854,726782
133854,639783
13394,863951
13394,313869
133947,338666
133947,136676
133947,1103415
133947,1150902
134011,690627
134011,846723
134081,767792
134081,13166
134172,211965
134172,394579
13421,1026304
13422,254687
134224,355803
134224,1004556
134224,951697
13432,394526
13432,787287
13432,522354
13432,455994
13432,7451
134333,531505
134333,976788
134386,1163587
134386,540690
134386,1079776
134386,171936
134398,937639
134406,1046598
134445,852717
134448,651486
134493,689012
134503,523865
134503,81699
134503,905564
134536,1155018
134536,1013638
134536,1054232
134536,680921
134536,749639
134561,576915
134566,186262
13463,914594
13463,268914
13463,1125654
13463,190987
13463,538533
13463,168402
13463,871897
13463,386402
134652,838681
134652,48169
134670,981777
134670,46545
134670,1075556
134694,1152785
134736,115610
134736,997184
134736,884911
134736,567178
134763,661652
134763,949517
134763,798963
134763,878788
134763,627406
134763,630310
134763,893756
134780,212443
134780,27781
134780,123131
134780,847256
134788,10268
134788,650399
134788,13751
134788,1149283
134788,531413
134788,789171
134788,959092
134788,381525
134788,1123714
134788,669893
134788,503449
134788,386870
134788,1144557
134788,386402
134810,594686
134810,989753
134856,549554
134856,155861
134856,627138
134857,677494
134857,709192
134861,245622
134861,336365
134861,680339
134861,1017710
134861,735145
134861,332756
134861,772371
134861,70253
134886,561293
134901,564133
134901,531413
134901,1008748
134901,791216
134901,890377
134942,478694
135057,614653
135057,615481
13507,36202
13507,190656
13507,359140
13507,729112
13507,851973
135084,46545
135084,502240
135158,770288
135158,159049
135216,633033
135216,845354
135216,550982
135237,704006
135237,494022
135237,528177
135271,518913
135271,371089
135271,457928
135271,544762
135286,658012
135286,664680
135286,549259
135377,242514
135388,70434
135388,129750
135388,96375
13547,429499
13547,277539
13547,411589
13547,212524
13547,802718
13547,751706
135474,812265
135474,594217
135494,60737
135494,893948
135499,10143
135499,176382
135499,409611
135499,547869
135499,886036
135499,1019680
135499,593533
135499,625742
135537,945408
135545,453340
13555,234733
13555,377709
13555,386776
13555,519822
13555,454350
13555,534224
13555,497866
13555,393405
13555,224442
13555,1013623
13555,28521
135562,491150
135562,635511
135562,1122844
135562,63696
135562,906819
135562,991789
135562,490981
135584,479851
135584,33605
135593,1100581
135593,42645
135593,1062222
135593,843335
135593,386402
135593,527889
135593,853432
135593,903433
135593,699706
135593,635173
135593,898768
135593,421430
135649,1062222
13567,993786
13567,113378
13567,303551
135671,772795
135671,98297
135671,529648
135671,241926
135671,659611
135671,649087
135688,1036486
135688,1118030
135688,114090
135688,47185
135688,552465
135688,1095560
135688,1163440
135688,898903
135688,444168
135688,528508
135688,683124
135736,342045
135736,634878
135799,627304
135833,148825
135833,1032729
13588,112450
135923,491391
135923,1166930
135923,965672
135923,64054
135923,846413
135923,764551
135923,1066674
135923,1006354
135923,113496
135923,1017699
135925,386827
135925,995215
135925,693828
135925,94816
135925,594553
135925,848909
135925,843335
136083,136083
136163,889817
136163,1100908
136163,964343
136163,772140
136163,53526
136163,984889
136163,582842
136163,795503
136203,895691
136203,190691
136203,884911
136203,1091651
136203,920397
136206,143435
136208,145908
136208,994364
136208,827580
136208,301700
136208,836234
136208,853657
136208,591349
136208,561977
136208,77920
136208,525814
136208,479851
136208,46215
136208,49516
136208,734157
136208,1103326
136208,268800
136208,786492
136208,757279
136208,572147
136208,1038331
136208,530107
136208,68788
136208,1079058
136208,1142663
136228,777356
136228,94024
136231,888360
136231,115026
136231,989767
136231,218720
136231,72004
136231,159768
136231,361391
136277,656571
136277,884911
136305,610404
136305,679676
136305,630825
136305,803946
136305,143461
136305,1036378
136305,370006
136318,1009380
136345,819474
136349,557486
136349,1038579
136387,200583
136387,904505
136387,292101
13639,773993
13639,411016
13639,812341
13639,768327
13639,400089
136436,103054
136436,1148036
136470,742134
136539,140383
136539,374563
136539,809603
136559,471889
136573,911386
136573,26005
136573,124590
136573,94583
136573,995215
136573,962058
136573,948776
136573,975890
136598,818707
136598,668471
136598,764084
136676,992710
136676,1103415
136676,457928
136676,416533
136676,125053
136681,864400
136707,633626
136766,307523
136768,214065
136772,570286
136772,1050201
136772,432676
136772,906050
136776,1161491
136776,668368
136911,673397
136923,326660
137028,355770
137028,422163
137047,132544
137047,937274
137047,600381
137047,173626
137047,1120952
137100,881021
137100,979
137100,353054
137100,861552
137105,790869
137178,31036
137178,171598
137178,800257
137178,807863
137237,656343
137237,486880
137237,438316
13724,134081
137254,222972
137254,237542
137255,616208
137255,428945
137265,42181
137265,1092505
137278,90786
137306,260855
137306,467729
137306,677396
137306,359848
13731,722963
13731,211965
137323,381409
137334,852140
137334,1104990
137381,150316
137381,1043655
137381,810197
137381,1052210
137399,68262
137435,1077960
137435,857725
13751,386870
13751,432906
13751,420274
13751,843335
13751,959092
13751,239083
13751,541648
13751,1062222
13751,49252
13751,679966
13751,735650
13751,786918
13751,474152
13751,867473
13751,531413
13751,74771
13751,386402
13751,42645
13751,731872
13751,911071
13751,386827
13751,642205
13751,945575
13751,528006
13751,1149283
13751,879690
13751,1089756
13751,1113582
13751,1163139
137518,531537
137518,427919
137518,105528
137518,474702
137518,81474
137518,169673
137518,549232
137518,495341
137518,635071
137518,290892
137518,369456
137518,750504
137518,554382
137518,473305
137518,550827
137518,819555
137518,1097340
137518,452623
137518,558844
137518,222620
137518,590272
137518,866814
137518,259042
137518,251027
137518,19984
137518,149581
137518,494241
137518,777670
137518,695422
137518,63935
137518,1119347
137544,674304
137544,209752
137595,774218
137608,841016
137655,661652
137655,354234
137666,298336
137666,772139
137666,46560
137666,884483
137674,565421
137674,357873
137674,212236
137719,773518
137719,932253
137719,9058
137719,950201
137719,1048683
137719,56973
137719,1053400
137719,372200
137719,363795
137719,206664
137719,531209
137719,716427
137719,1112948
137783,98123
137783,479851
137783,1159961
137808,361215
137849,479851
137849,34776
137849,859940
137849,1021483
137849,329680
137849,903617
137937,243054
137937,551499
137937,621499
137937,801013
137937,321824
137937,665796
137957,201041
137957,637666
138058,132804
138111,805678
138143,708912
138143,144013
138143,186798
138174,386402
138192,362815
138192,667756
138192,812341
138192,930278
138192,1095620
138192,435670
138207,1103326
138335,654441
138335,423751
13837,554382
13837,559943
13838,986240
13838,122247
138387,1053289
138387,214783
138387,70791
138396,655234
138396,530618
138396,821854
138433,390957
138433,901787
138433,294391
138433,960125
138433,792590
138451,152564
138451,797779
1385,675771
138524,681313
138524,890005
138524,69748
138599,4306
138599,901758
13867,744929
13867,427256
13867,803721
13867,746614
13867,586032
13867,1070515
13867,417904
138684,97391
138723,300252
138723,1017710
138723,70253
138732,878323
138732,1126894
138732,386402
138732,668503
138732,226250
138732,771909
138789,269831
138789,933224
138862,558404
138862,1025545
138871,210973
138871,953113
138871,31093
138871,268856
138871,462817
138871,386605
138871,981345
138871,140930
138871,973812
138926,871368
138931,615127
138931,1080006
138931,800049
138932,1073209
138994,707836
139039,183397
139100,1115640
139200,853128
139208,559662
139208,680252
139209,454123
139228,596087
139248,359788
139248,1133448
139351,22845
139351,132168
139351,843335
139351,72442
139351,204645
139376,965578
139422,33728
139422,216223
139422,486093
139422,771352
139422,22947
139422,379452
139428,813389
139428,581106
139462,521748
139466,55765
139520,174109
139520,190578
139520,318435
139542,574392
139542,632758
139542,77768
139542,756264
139542,37487
139542,964277
139575,574064
139575,413522
139597,876052
139597,260239
139606,586537
139606,204645
139606,559943
139672,936806
139672,516931
139748,232132
139748,403709
139748,1091878
139748,76698
139748,64054
139748,37604
139748,667275
139748,436152
139748,1166415
139748,813080
139748,549728
139748,796846
139748,1143293
139748,7231
139748,679955
139748,868350
139748,846413
139748,424541
139748,1125855
139748,1162755
139748,935901
139748,189936
139748,491391
139748,396818
139748,1095498
139779,189704
139779,236934
139830,394441
139830,657126
139830,89297
139830,1114375
139830,409143
139830,809154
139840,83795
139840,600304
139840,517235
139840,1129295
139955,187487
139955,420921
14001,443622
14001,1117259
14001,32626
14001,520191
14001,689047
14001,689012
14001,1026121
14003,458523
14003,1068668
14003,1116866
14005,1104026
14005,213695
14005,895269
140072,624144
140072,29460
140072,389395
140072,774840
140072,82497
140072,95099
140072,860329
140168,1113592
140168,975890
140168,211965
140168,683619
140168,408477
140180,359892
140180,483806
140216,401062
140216,538093
140216,512417
140216,1032459
140216,309936
140216,828143
140216,974221
140259,779220
140259,41638
140266,82490
140266,666741
140266,499176
140266,121920
140266,465043
140266,958164
140302,707994
140302,1139891
140310,410842
140310,660906
140310,354395
140310,95099
140328,1058995
140383,1063842
140383,668368
140383,775108
140383,746984
140383,581325
140383,870765
140383,658012
140383,516217
140390,806399
140390,132032
140430,224765
140430,1114375
140476,683525
140476,584426
140476,775108
140476,1104015
140615,843335
140615,248147
140615,14879
140619,398293
140662,577982
140664,954460
140664,517553
140664,16990
140741,538508
140741,948284
140741,11406
140741,968678
140741,1112044
140741,386402
140741,184462
140741,725747
140741,329895
140741,587276
140775,1033006
140775,204249
140775,1016500
140775,284577
140775,89447
140831,294392
140831,259215
140854,225058
140854,128890
140854,327191
140901,654639
140901,914590
140901,154016
140901,577982
140901,285802
140901,133495
140930,138871
140930,1059392
140930,483048
140930,372227
140930,139840
140930,358145
140930,781852
140930,656853
14094,647662
14094,289641
14094,488592
14094,375313
14094,775527
14094,163533
14094,297845
14094,582055
14094,245110
14094,1058287
14094,593104
14094,179185
14094,1072033
14094,609002
14094,690704
14094,386827
14094,116404
14094,599217
140959,473921
141027,370139
141044,424459
141044,604915
141044,1073328
141044,1077318
141044,897144
141044,884911
141044,350253
141044,546145
141064,524374
141064,910723
141064,559943
141064,554382
141064,512600
141106,841591
141106,246514
141109,1145594
141109,808094
141109,315146
141109,418885
141109,842871
141121,877024
141121,488194
141128,686807
141128,321315
141136,1128504
141148,734157
141189,1139891
141201,711913
14123,743341
14123,281960
141251,441229
14130,638846
14130,491823
14130,443177
141306,771352
141306,810882
141306,129192
141306,294531
141306,842181
141321,531413
141347,970249
141347,500149
141347,133009
141347,576866
14140,1128431
141413,1062222
141413,870866
141438,543524
141462,709527
141462,609873
141462,504627
141465,1159628
141465,1148482
141465,1163244
141465,619200
141620,706586
141638,500343
141656,679674
141696,239083
141696,841016
14177,651613
14177,1149283
141794,90622
141794,1075020
141817,1017717
141957,56973
141957,365844
141957,772795
141957,697260
141994,82490
141994,388575
141994,24370
141994,547326
142002,257336
142064,430377
142127,651613
142127,679500
142127,328082
142127,864068
142174,84094
142174,1124374
142174,1042250
142203,552872
142246,1005176
142246,391900
142246,720081
142246,19984
142246,149581
142246,590272
142246,473305
142246,815408
142461,1150674
142461,152223
142461,809897
142461,484916
142461,714368
142461,425132
142461,33605
142475,898398
142560,1104990
142560,852140
142579,481708
14258,139840
14258,650218
14258,28019
14258,140930
142585,1018316
142606,594000
142606,890005
142613,1115765
14264,142144
14264,1126364
142668,350542
142701,976788
142701,484797
142701,956205
142701,230006
142701,772795
142718,992792
142718,1031322
142723,71357
142723,401831
142723,956188
142723,1161613
142723,667420
142723,771352
142760,457928
142760,562961
142760,360933
142760,575871
142760,1045231
142811,1025631
142811,816086
142823,633963
142823,604828
142823,628248
142823,750636
142823,48044
142823,756117
142823,269345
142823,849987
142823,694801
142823,594027
142823,402898
142823,312393
142823,756690
142837,216277
142837,257890
142837,384846
142837,157605
142837,428748
142837,797356
142837,1074922
142837,81474
142837,1149283
142837,651613
142857,948898
142883,378951
142883,774218
142883,893825
142910,319606
142910,576215
142910,110802
142910,795667
142910,244934
142910,709541
14293,254875
14293,457757
14293,417628
14293,1093167
14293,936346
14293,870409
14293,553526
14293,274989
14293,106466
14293,948738
14293,747377
142962,1064004
142962,128890
142984,286452
143012,534469
14314,1130903
143151,1128431
143151,760954
143168,727084
143168,643923
143168,665463
143168,90786
143168,287071
143168,345348
143175,97768
143205,186261
143205,699706
143205,691221
143239,187827
143239,447410
143239,466412
143239,1061055
143244,1082619
143244,1108515
143246,206316
143322,1079637
143461,1009682
143461,803946
143461,590088
143461,963941
143461,610404
143461,1115281
143461,554382
143461,630825
143461,1036378
143461,980429
143461,843335
143470,171634
14372,1046224
143763,1139377
143833,347023
143870,842149
143980,1000532
143985,84651
143985,21971
143985,215696
143985,129309
143985,1060236
143985,8001
143985,430798
143985,579177
143985,175659
143985,228626
143985,673470
143985,733006
144,338554
144,841661
144,827643
144013,138143
144013,327083
144082,108449
144153,870765
144153,889817
144153,380040
144174,178412
144185,809072
144185,86121
144224,1001292
144224,621248
144224,757135
144230,1073209
144314,192702
144432,1111891
144604,851673
144604,517553
144604,693078
144608,102923
144608,421397
144608,1026988
144609,604828
144609,202956
144609,551298
144609,70497
144609,1062222
144635,549259
144679,469438
144733,1031024
144733,400175
144765,763557
144765,912442
144765,386776
144765,773993
144765,206310
144765,1073209
144765,10674
144765,812341
144770,441026
144792,220627
144822,1007334
144845,729112
144845,1080414
144845,682448
144866,163282
144866,777345
144900,1000435
144910,1029079
144910,354189
144977,506610
144977,155178
144977,429995
144977,563841
145108,539161
145108,403512
145155,1108515
145155,557486
145155,253454
145159,1081159
145183,842752
145189,762059
145189,547381
145189,853194
145189,292833
145189,1159686
145189,512568
145189,658057
145189,1114807
145189,1117007
145189,959625
145209,698859
145269,967479
145411,195445
145411,70398
145447,555972
145447,1131607
145447,1162339
145499,967429
145499,526871
145499,762374
145499,56973
145511,920968
145543,856638
145543,199330
145543,1042280
145568,1068187
145623,49710
145636,668503
145639,667003
145687,371727
145687,42645
145687,853432
145687,352787
145687,859372
145724,1035227
145724,95099
145724,759595
145724,94816
145822,207552
145822,124559
14586,890071
145908,246551
145908,771352
145908,165675
145908,96152
145908,904140
145908,386827
145908,656820
145908,715109
145908,136208
145908,994364
145908,10957
145908,64942
145908,76669
145908,151444
145908,190988
145908,1092490
145908,530107
145908,479851
145908,274989
145908,642205
145940,252573
145940,852035
145974,975311
145974,730379
145974,1110304
145974,163473
145974,4049
146011,1101284
146011,627866
146011,575444
146011,659740
146011,493819
146011,577827
146011,870765
146011,315167
146011,1061928
146011,656107
146011,433139
146011,703922
146011,33270
146047,721174
146047,271544
146047,788603
146047,1038784
146047,679966
146047,27781
146053,623236
146056,572147
146056,1013405
146092,4306
146092,1105396
146128,760377
146128,667756
146128,308408
146129,644251
146129,1036234
146129,768464
146129,795667
146138,826283
146221,663220
146221,620961
146221,881520
146221,577982
146221,1118839
146221,847352
146221,832195
146232,224973
146249,359140
146385,765343
146428,60412
146428,372424
146452,454350
146452,826937
146501,668368
146501,10143
146501,508880
146501,685545
146501,536263
146501,17664
146501,524262
146501,254251
146501,313512
146501,1016091
146535,527747
146535,329191
146535,74721
146535,797925
146535,124463
146535,822188
146535,757243
146535,294215
146535,843317
14654,94024
14654,741870
146753,565507
146753,620581
146859,405470
146859,537498
146884,646238
146884,1071101
146901,33111
146901,362203
146901,230043
146901,1115765
146922,913028
146922,433139
146977,707900
146977,965055
147071,154325
147168,1094759
147228,306076
147311,938599
147311,816540
147311,766464
147311,1000038
147329,936058
147490,841856
147539,376927
147539,1056116
147563,1031538
14766,1027876
14766,830984
147667,559943
147667,335321
147679,774218
147691,77920
147691,145908
147700,549259
147732,812102
147843,943967
147852,600078
147852,27781
147852,528177
147852,82497
147852,517553
14786,629950
147871,80621
147906,973955
147906,745790
147906,37907
147914,100656
147914,136208
147968,427256
147972,599911
147980,681555
148002,654441
148004,613027
148004,775169
148039,214065
148091,85502
148091,635030
148092,428839
148092,1112115
148092,322523
148104,11307
148120,709700
148120,452201
148120,764084
148120,526039
148120,1107045
148120,1071636
148134,975890
148134,826729
148134,651361
148134,583603
148134,391554
14816,855633
14816,60241
14817,732029
14817,167847
14817,501160
14817,351406
14817,718393
14817,539406
148187,593104
148187,289641
148187,488592
148187,858994
148197,174567
148197,191008
148197,1020390
148197,1009134
148268,1013040
148268,877639
148268,895609
148268,361234
14829,728636
14829,830747
14829,699706
14829,937930
14829,42645
14829,121030
14829,988002
14829,642205
148419,667934
148419,901914
148419,727093
148419,635228
148419,464291
148491,107732
148491,1086583
148491,933330
148491,527501
148491,1091699
148491,480445
148491,651575
148491,1150460
148509,241077
148509,666991
148510,428133
148510,1120342
148510,574064
148510,62179
148510,603354
148510,743341
148620,744407
148620,686807
148670,557486
148670,1108515
148670,1050868
148687,250559
148687,793940
148687,627406
148687,792655
148687,661652
148687,1155102
148687,642205
148687,878788
148687,798963
148687,497374
148687,195858
148687,385059
148687,496716
148687,1082884
148687,988002
148687,1043449
148687,380707
148716,163473
148725,1150361
148725,147698
148729,962058
148729,1002482
148729,792590
148729,832516
148776,729601
148776,648981
148776,497976
14879,280192
14879,692333
14879,924784
148825,3436
148825,135833
148825,260430
148825,314918
148825,297139
148836,334720
148836,880963
148836,450823
148947,482995
148980,67316
149009,943412
149009,474911
149010,1127002
149010,189488
149010,255280
14903,1107975
14903,966235
14903,281360
149052,10143
149052,454350
149052,403436
149052,486354
149052,610856
149052,685545
149052,683124
149052,333297
149052,1000371
149052,433139
149052,420476
149052,79701
149052,264320
149052,989767
149052,204645
149052,338575
149052,230606
149052,667756
149052,1153703
149052,863
149052,541110
149052,1118769
149052,357775
149052,357737
149052,449246
149052,554382
149052,712642
149052,386776
149052,831740
149052,175915
149052,803946
149052,1154947
149052,721580
149052,549182
149228,877276
149294,531602
149294,583567
149294,788857
149351,604828
149351,879246
149469,1016032
149477,566452
149494,71357
149494,386827
149494,333841
149494,1045915
149494,956188
149494,1076079
149494,891279
149494,610418
149494,302051
149494,946425
149516,1128312
149516,464179
149516,716335
149516,446252
149520,116218
149520,861498
149581,1005604
149581,391900
149581,137518
149581,142246
149581,19984
149581,473305
149581,590272
149581,222620
149632,33605
149632,250195
149632,565610
149660,840180
149660,586008
149812,734157
149832,650482
149832,609002
149832,485108
149832,642205
149832,698450
149832,1073716
149832,577244
149856,714638
149856,779967
149877,606255
149877,1026963
149877,809544
149877,738670
149877,407709
149877,526910
14988,414090
14988,1063405
14988,267913
14988,12172
14988,650215
14988,193993
14988,736004
14988,800044
14999,1147910
150046,96375
150065,868666
150065,494497
150065,1101585
15011,1094415
15011,74771
15011,1033388
15011,1103890
15011,1139928
15011,771352
15011,342216
15011,483914
150116,681330
150240,626079
150263,1066350
150263,576801
150263,205015
150264,277216
150316,1043655
150316,693828
150316,61316
150316,70774
150316,730310
150316,1016615
150316,193583
150348,372424
150544,136208
150557,993650
150557,518398
150574,798506
150574,159049
150574,1154374
150574,355770
150574,1082418
150583,689733
150583,895251
150624,714368
150624,206000
150624,146240
150624,869076
150624,746691
150624,13141
15071,1074378
15071,681819
15071,591887
15071,843335
15071,1118769
15071,499202
15071,677452
15071,762092
15071,312085
15071,117400
15071,1012127
150756,1014014
150756,413397
150756,1055785
150815,580400
150815,489925
150815,944185
150815,944357
150815,566452
150876,101711
150876,1016571
150889,967739
150889,43200
150896,127049
150896,734829
150896,253433
150896,494315
150989,639263
150989,424512
150989,505086
150990,39221
151000,775108
151000,645049
151000,668368
151000,1095233
151000,736011
15104,1081159
15104,554382
151075,578242
151075,289983
151075,81699
151075,334720
151075,132516
151114,352173
151114,100256
151114,864268
151114,524262
151114,497866
151114,243054
151114,801013
151140,498451
151140,563841
151140,657355
151140,83144
151153,597284
151169,614653
151169,295623
151252,277693
151252,1154697
151252,1011854
151252,1141622
151252,1700
151252,1093985
151252,987536
151252,371040
151252,761176
151265,623271
151265,538978
151265,1117007
151332,533792
151376,733239
151381,1051163
151430,51593
151430,768414
151444,538978
151444,433139
151444,945594
151444,256876
151444,675834
151444,721532
151444,370671
151444,610095
151444,944751
151444,733399
151444,870556
151444,1056172
151444,257890
151444,818368
151444,94816
151444,488502
151444,817957
151444,798878
151444,166795
151444,208816
151444,302926
151444,1124931
151444,771352
151444,60154
151444,114791
151444,403156
151444,679599
151444,165837
151444,274989
151471,207552
151471,516767
151471,853432
151730,145974
151730,877554
151730,364948
151813,517540
151823,72221
151823,248989
151843,761787
151843,401524
151843,492448
151897,941658
151897,910401
151989,309910
151989,253637
152052,86985
152052,163981
152052,515298
152052,626189
152141,316070
152223,142461
152223,1105220
152251,240350
152251,880963
152337,807523
152337,657833
15234,453510
15234,920968
152367,306076
152376,404351
152376,224067
152376,371158
152376,124463
152378,899502
152379,473002
152379,913202
152379,629586
152379,517553
152379,528177
152435,1018413
152478,33605
152478,237477
152478,160501
152478,848909
152478,674768
152478,221080
152478,843335
152478,500137
152488,1063617
152488,899578
15249,323050
15249,195996
15249,393986
152493,130281
152493,216223
152493,955467
152493,239083
152493,493782
152493,205318
152494,501005
152494,93836
152533,732303
152533,18027
152533,1032729
152533,410778
152533,165097
152533,799242
152533,1144115
152533,360742
152538,83523
152538,829050
15257,619778
15257,984393
15257,402834
15272,890623
152733,643923
152733,166935
152733,906113
152733,980906
152733,438783
152733,90786
152733,755757
152733,945526
152733,608865
152733,240692
152733,665463
152760,777345
152776,359492
152776,32683
152846,991478
152846,197964
152869,187290
152869,798539
153015,1034375
153015,1082418
153015,485385
153015,986812
153015,1011927
153015,842469
153015,204749
153015,1089692
153015,559943
153026,465466
153026,949215
153026,868171
153093,1122994
153093,422961
153093,36392
1531,341556
153226,100924
153226,777533
153226,168402
153319,423915
153319,1002106
153361,236864
153361,573558
153361,421871
153387,531333
153387,119538
153387,1118301
153422,367888
153429,1021802
153429,165589
153429,459346
153429,189549
153429,372200
153429,31123
153429,1135187
153429,808552
153429,645529
153429,178163
153443,762374
153474,1118769
153474,1082418
153474,680314
153474,717315
153474,610308
153474,255065
153474,433139
153474,1129384
153474,220054
153488,571931
153488,675257
153504,1104990
153504,126387
153508,1163373
153508,218551
153508,1013688
153508,334460
153508,478031
153508,436197
153516,190691
153534,246465
153534,21416
153534,271097
153534,313323
153534,184442
153534,80646
153550,989753
153618,714986
15362,372894
15362,181964
15362,374215
15362,652314
153786,550299
153786,159989
15382,868734
15382,808094
153828,9393
153828,1073209
153828,168402
153828,1099189
153828,898137
153828,406842
153829,351297
153829,558946
153829,970206
153829,471452
153850,817716
153850,498126
153850,766948
153855,1068439
153916,97668
153916,1002956
153916,693296
153916,543655
154000,265314
154000,1104990
154018,554538
154018,271140
154018,195000
154018,578520
154018,444337
154018,729601
154018,497976
154231,33440
154284,992034
154284,475469
154284,1144115
154293,210866
154308,858352
154308,515210
154325,147071
154325,998572
15438,627206
15438,57052
154392,643912
154392,396988
154392,46545
154407,660504
154407,437949
154407,320401
154407,650336
154407,975890
154407,745418
154407,1050159
154407,478215
154452,290017
154452,473520
154452,810141
154452,222620
154452,994962
154452,549269
154452,386870
154452,74771
154452,789688
154507,770343
154507,1086501
154507,758691
154507,467065
154507,27781
154507,1112044
15453,386776
154567,164532
154599,325782
154599,537174
154599,1027039
154599,529471
154652,364166
154665,893060
154704,312408
154704,67668
154805,13166
154805,207430
154877,1116789
154877,103032
154918,1118769
154918,633274
154918,680314
15493,1078248
15493,484797
154986,611201
155017,322266
155017,554382
155017,433139
155017,338980
155017,226812
155017,1151548
155018,135688
155018,444168
155018,856092
155018,47185
155018,114090
155018,280429
155053,180295
155053,78981
155053,318804
15516,161769
155164,196193
155164,604828
155178,5327
155178,506610
155178,144977
155178,465160
155178,58241
155178,429995
155178,997331
155187,642205
155187,946975
155203,286913
155263,1011521
155336,593755
155336,833542
155374,660745
155391,65095
155391,585648
155405,1167125
155405,321014
155417,591191
155417,1082884
155417,353231
155417,274989
155417,479851
155417,1036860
155417,370139
155417,940114
155417,376972
155417,676526
155417,762794
155417,549259
155417,527461
155417,525165
155417,257336
155417,62512
155417,524262
155417,679948
155417,324367
155417,1047621
155417,874745
155433,231325
155433,381985
155440,248912
155440,1149506
155440,579843
155440,274989
155440,812341
155440,780037
155440,54522
155440,884911
155440,779664
155440,113407
155440,503391
155557,682266
155557,1069991
155576,155576
155638,534047
155638,870556
155638,1001889
155638,30582
155638,170091
155638,1047719
155638,758230
155675,121715
155675,593533
155675,200685
155675,342426
155851,688489
155861,742391
155861,598076
155861,1131051
155861,1082418
155861,683212
155861,610095
155861,397114
155861,214111
155861,1043801
155861,525796
155861,187930
155861,134856
155861,981188
155861,627138
155861,831124
155861,962058
155861,935030
155861,559943
155861,588871
155861,604828
155916,354082
155945,782260
155945,159049
156030,324352
156030,647703
156030,708581
156030,700163
156030,248582
156033,681444
156046,204093
156046,774218
156046,852035
156050,576822
156050,792590
15608,526871
156088,479801
15609,203505
15609,1024755
15609,211914
15609,744439
15609,1101290
15609,571850
15609,1055258
15609,61934
15609,1117314
15609,765942
15609,374795
156101,553778
156101,190987
156101,1057929
156142,534224
156158,682253
156182,997590
156182,1103415
156182,346616
156267,300694
156267,763367
156291,968770
156416,1008226
156432,345458
156432,820169
156432,1095093
156432,75619
156432,1068169
156494,377012
156494,860965
156494,907094
156573,596158
156573,809141
156573,962971
156573,806515
156648,1060236
156648,21971
156648,975422
156648,663112
156648,1109960
156648,387100
156648,474767
156648,496379
156648,515806
156648,1105155
15665,790516
15665,972754
156835,1000532
156835,662966
156835,744929
156857,435825
156857,733623
156857,526871
156857,782073
15691,290017
15691,114579
15691,63010
15691,531413
15691,959092
15704,1089176
15704,1134524
15704,1136943
15704,433786
15704,1008714
157124,693032
157124,929737
157124,1094830
157213,902866
157213,824931
157244,1056230
157319,692130
157349,90040
157349,119002
157396,18400
157396,722251
157426,1143387
157432,1048695
157488,315634
157488,713215
157488,759987
157488,994660
157504,963674
157504,127945
157504,216223
157504,493782
157504,43636
157504,89540
157504,33728
157504,36337
15760,222691
157605,866814
157605,852717
157605,651613
157605,797356
157605,604828
157605,1149283
157615,952519
157615,688578
157615,653610
157641,564896
157653,1017744
157653,43200
157653,1105583
157664,1133106
157664,209972
157664,57526
157708,257770
157708,878207
157732,942007
157732,940114
157758,421430
157758,635173
157822,938599
157822,646238
157857,151444
157857,756148
157857,456593
157859,1015841
157859,448215
157859,172223
157925,1150316
157986,605516
158026,53123
158086,976318
158118,422121
158118,924784
158118,306363
158118,622366
158118,50256
158118,517521
158118,199287
158118,481935
15826,325139
15826,242343
158272,1044597
158272,312408
158277,4306
158277,1151548
158298,222972
1583,625670
1583,266286
158309,691602
158422,515108
158422,314834
158511,168402
158511,1151860
158511,522630
158511,918846
158546,875802
158546,83795
15855,339715
15855,914594
15855,156101
15855,587775
158638,931489
158638,1003331
158638,547869
158638,642547
15869,743387
15869,275021
15869,1020959
15869,259998
15869,92029
15869,709700
158693,48625
158693,479851
158693,868174
158788,792590
158788,1042601
158788,95344
158803,423321
158803,488099
158803,872017
158824,748773
158824,75546
158866,302306
158866,378232
158866,1107074
158866,339750
158890,669235
158890,940927
158890,198920
158891,1027749
158891,604828
158891,671468
158910,1132821
158910,497128
158910,836633
158910,393629
158911,681254
158911,83795
158911,964922
158929,941798
158929,747227
158936,847373
158937,157504
158937,1117850
158937,802346
158937,1023254
158937,554382
158937,493782
158937,827580
158937,1148339
158937,299334
158937,728301
158937,307990
158937,601309
158937,33605
158937,612871
158937,288339
158937,683124
158937,137608
158937,537330
158946,17271
158946,386605
158946,1034457
15895,28019
15895,139840
158985,362616
158985,1163972
158996,770982
159002,1089176
159002,559943
159023,1062222
159023,679966
159023,27781
159049,150574
159049,53587
159049,479851
159049,252414
159049,355770
159049,335572
159049,1082884
159049,782260
159049,248912
159049,155945
159049,398186
159049,642205
159049,130475
159049,33605
159116,631906
159229,378851
159229,878858
159229,627406
159229,213174
159229,195858
159229,602716
159229,661652
159229,641621
159229,938824
159229,54278
159349,369922
15935,381018
15935,88229
15935,612500
15935,1005176
15935,290017
15935,427919
15935,386870
15935,905962
15935,373597
15935,379200
15935,1151246
15935,948768
15935,222620
15935,452623
15935,28149
159416,890259
159416,401514
159489,83795
159522,930278
159549,415977
159599,528319
159599,906050
159646,601231
159646,1144115
159646,1101368
159668,21416
159672,522474
159676,652049
159676,705766
159676,361317
159676,848909
159676,1096557
159676,482102
159676,312408
159726,271544
159729,988534
159729,571230
159737,637101
159737,389079
159737,22845
159737,71357
159764,193704
159764,993289
159764,797066
159768,65360
159768,115026
159768,524907
159768,136231
159768,218720
159768,672910
159768,573012
159768,385407
159768,72004
159768,678204
159816,634732
159816,454632
159816,72220
159870,374948
159870,1153456
159881,1000649
159881,162580
159881,827574
15992,305374
15992,79091
15992,173709
15992,190691
159959,438316
159959,652289
159959,390052
159986,213255
159986,207552
159986,42645
159986,635173
159989,29460
159989,153786
159996,213255
159996,772312
159996,207552
160073,522889
16012,1149490
16012,898903
16012,199341
16012,489392
160147,727422
160147,1097443
160147,1115765
16017,551489
16017,171980
16017,843335
16017,495749
16017,578701
160237,482680
160237,637337
16024,168402
16024,1035142
16024,763389
16024,686875
16031,553229
16031,825342
16031,986240
16031,837221
16031,862247
160357,497866
160357,210866
160377,962163
160377,980975
160398,1098246
160398,916996
160398,45207
160398,789918
160410,305175
160410,1082108
160410,17155
160410,1007925
160410,369426
160450,854092
160450,394620
160450,948883
160450,706586
160450,1079375
160501,152478
160501,456002
160501,292306
160501,843335
160501,309920
160504,552411
160504,779350
160504,420274
160504,376525
160504,771352
16051,129302
16051,438246
16051,602486
160532,957694
160532,1017699
160532,976522
160581,335613
160635,39336
160635,551566
160635,605967
160635,656853
160635,140930
160752,400471
160752,5512
160752,182682
160816,1053400
160831,637221
160831,702509
160844,744270
160885,647961
160885,622495
160885,964520
16092,831124
16092,63901
160928,632541
160977,179085
160977,604828
160977,459528
160977,852717
161063,930016
161063,1032729
161063,42283
161080,389395
161080,82497
161080,1110875
161080,76700
161104,797888
161106,853945
161138,599886
161154,1135448
161154,7176
161154,577982
161154,121464
161154,452050
161154,802582
161154,699706
161200,194793
161200,510042
161300,949286
161402,337403
161402,510448
161424,1072492
161424,327653
161447,600839
161447,657192
161447,781852
161447,539505
161447,102093
161478,511636
161478,70375
161478,664389
161478,215696
161478,584040
161478,893577
161478,488777
161478,21971
161478,629116
161478,770589
161478,606894
161478,1060236
161478,401408
161478,104439
161478,1075890
161478,70406
161478,951226
16148,596758
16148,778288
161544,581307
161563,812341
161563,144765
161611,22438
161611,911783
161611,1027750
161611,943557
161611,821145
161622,486351
161622,184795
161624,324352
161624,16974
161624,1133334
161624,156030
161641,405739
161642,601309
161653,757067
161682,202394
161684,680981
161684,1056026
161684,777356
161700,1115654
161709,241062
16176,631193
161769,597614
161790,735377
161818,256231
161818,306757
161818,1158559
161842,487035
161842,663164
16185,479851
161911,697138
161911,559943
161942,509434
161942,51468
161942,710200
161942,834424
161953,268914
161953,168402
161953,824059
162055,718393
162055,654303
162055,674734
162055,250197
162055,255561
162055,833443
162055,624283
162057,193419
16207,355200
162078,559943
162133,691348
162133,65360
162133,149052
162133,1040792
162149,674716
162149,329992
162158,1082418
162158,1118769
162158,1007493
162159,569337
162206,859975
162206,479851
162206,776550
162234,1101348
162252,73844
162252,386827
162252,319450
162252,617496
162253,652794
162274,712307
162284,622869
162284,134406
162284,1145928
16231,817716
162356,318735
162356,211965
162356,394579
162356,9645
162437,954254
162450,442465
162450,290017
162474,413397
162474,13164
162474,1126948
162474,880727
162474,523511
16258,711092
162580,123588
162580,805092
162580,159881
162580,455161
162580,827574
162580,643194
162686,818697
162696,945384
162705,897168
162705,525726
162705,737757
162806,682625
162806,630825
162806,669450
162806,386870
162806,290017
162806,13751
162806,1042381
162806,790516
162806,443641
162823,51351
162823,1144733
162823,32294
162988,94816
162988,386827
162988,73844
162988,33605
162988,479851
162988,771352
162993,1070958
162993,722251
163158,916996
163158,269378
163158,983510
163174,241312
163211,1166930
163211,585716
163211,93723
16325,87077
16325,132032
163273,802304
163273,359727
163273,1012876
163273,1103415
163282,468064
163282,144866
163282,135688
163282,835913
163282,114090
163282,1095560
163282,899374
163282,47185
163336,949148
163352,980356
16336,411589
163361,88083
163371,595951
163371,129309
163371,452110
163371,606894
163371,518860
163371,70406
163371,770589
163371,740470
163371,903173
163371,491648
163371,496379
163371,634126
163371,778958
163371,887056
163379,1062222
163379,558867
163396,1142271
163396,105130
163408,508348
163408,497290
163422,1020158
163422,786749
163423,359892
163473,145974
163473,450137
163473,568436
163473,1110304
163473,285205
163473,975311
163473,879246
163473,238020
163473,687676
163473,148716
163473,57889
163473,830588
163497,967254
1635,651613
1635,193641
16353,95099
16353,389395
163533,410843
163533,916603
163533,315517
163533,657583
163533,632285
163533,396155
163533,270956
163533,582055
163533,1080006
163533,463242
163533,404351
163537,403698
163543,559943
163546,50256
163546,158118
163546,481935
163546,517521
163546,422121
163546,622366
163546,924784
16355,801013
16355,1009682
16355,559943
16355,479851
16355,848909
16355,1005262
16355,554382
16355,980926
16355,696216
16357,983019
16358,743650
163818,554382
163879,150316
163879,563024
163916,737526
163931,953894
163933,580205
163981,152052
163981,1106632
163981,477781
163981,626189
163992,45065
163992,754355
163992,877276
164006,766434
164071,776529
164086,451620
164102,787287
16416,670516
164247,300651
164287,383077
164287,1210
164287,40518
164287,1062222
164287,168402
164287,376280
164287,93150
164317,259237
16438,45086
16438,747334
164494,197375
164494,149052
164494,804229
164494,930369
164494,1128112
164494,136231
164494,1153703
164494,1115257
164494,357775
164494,933560
164502,11713
164502,1020956
164602,1003859
164619,1001104
164636,168658
164636,1033388
164636,559943
164636,542239
164661,1163563
164661,879793
164661,277432
164661,766948
164721,521271
164756,223138
164756,490608
164756,1163986
164809,772795
164809,1083782
164809,355277
164826,586008
164870,577982
164870,1112044
164870,104798
164870,699706
164870,42645
164885,315607
164885,173814
164953,1691
164953,1125065
164953,976001
164956,658012
164972,377012
164972,938964
164972,406254
164972,1120251
164972,805454
164980,256876
164980,1070515
164980,868566
164980,457713
164980,615164
164980,151444
164980,168525
164980,441176
164980,969972
164980,506626
164980,828949
165023,554496
165023,76577
165023,623557
165023,247137
165023,784003
165029,284283
165029,715969
165029,359736
16503,479851
16503,33605
16503,94816
16503,771352
165082,936806
165178,258854
165178,1097077
165178,47666
165189,964633
165189,799223
165189,627271
16520,381511
16520,64531
165264,393405
165264,1061216
165264,1108515
165264,190527
165317,918970
165328,934515
165328,1075460
165328,82161
165328,933375
165341,257890
165341,178288
165356,39908
165356,670456
16536,13166
16536,366644
16536,913537
16536,350542
16536,613000
165368,232511
165436,883762
165436,942802
165473,852441
165473,193419
165478,574392
16553,1078801
165563,853297
165563,198720
165563,363784
165563,129172
165563,472211
165563,1034327
165589,853984
165589,808552
165589,1046099
165589,965126
165589,846944
165589,1162178
165589,103032
165589,697841
165589,1021802
165594,31575
165594,847352
165594,556381
165594,9060
165647,73712
165647,452632
165647,293900
165647,919044
165647,42645
165647,655915
165647,946975
165647,919042
165651,119440
165651,642955
165651,773031
165651,102093
165651,193419
165651,844232
165651,918596
165651,875887
165651,1005262
165651,457827
165651,1073965
165651,1095233
165651,386605
165651,85836
165651,1059392
165651,191919
165667,949215
165667,277819
165675,721541
165675,558946
165675,48659
165675,531413
165675,145908
165675,37308
165675,438653
165675,76669
165675,715109
165690,377436
165718,575831
165718,437708
165718,21636
165718,949554
165727,959128
165756,465262
165756,558157
165756,94024
165762,1151751
165782,1149283
165831,309936
165837,370139
165837,744929
165837,522250
165837,544596
165837,1118769
165837,1157438
165837,1095233
165837,409611
165837,996479
165837,781773
165837,650261
165837,1086357
165837,625742
165837,1000371
165837,806568
165837,593533
165837,642205
165837,547869
165837,957056
165837,151444
165851,53671
165913,1037616
165913,253414
165913,877288
165923,34507
165923,752095
165923,1007925
165923,985433
165923,473682
165923,1102958
165923,1158310
165923,743380
166077,36337
166190,635091
166190,813080
166207,1017710
166207,351558
166207,70253
166207,300252
166308,123588
166340,559943
166340,1093995
166340,1167147
166340,549991
166363,497552
166363,687415
166363,853945
166363,125337
166363,96375
166381,13281
166381,115647
166410,550645
166451,89944
166451,381052
166451,528241
166453,1113582
166453,533495
166453,792590
166453,290017
166453,671272
166453,610095
166453,33605
166453,549182
166453,1166930
166453,1062222
166453,13751
166453,531413
166453,386402
166491,660745
166491,830416
166491,207077
166595,910765
166595,935419
166647,945635
166647,463547
166654,550295
166654,812809
166654,134901
166654,332140
16668,220658
16668,526438
16668,392020
166729,964343
166729,1044597
166729,813220
166729,843335
166729,6176
166748,797232
166794,271740
166794,24405
166799,889585
166799,928372
166799,225459
166799,710473
166799,671272
166799,955859
166807,531925
166807,754261
166807,99354
166838,167665
166838,349574
166838,621419
166838,1047719
166838,590674
166882,231746
166882,901014
166893,215696
166893,84651
166893,1060236
166893,177048
166893,770589
166893,1166385
166893,70406
166893,634126
166893,175659
166893,1020169
166893,496379
166893,352877
166893,129309
166893,606894
166901,287217
166901,47473
166901,1073209
166901,884232
166901,516223
166901,774218
166901,62524
166935,345348
166935,152733
166974,174567
166974,969817
166985,386776
166985,287938
166985,443144
166985,1003504
166985,841426
166985,375412
166985,675170
166985,363784
166987,297865
166987,901787
166987,294391
167027,2080
167027,637066
167027,1070821
167053,611955
167053,329407
167053,624595
167056,317743
167056,722251
167056,234111
167101,296770
167101,747405
167131,240350
167131,81699
167131,189789
16714,608691
167151,781378
167151,1012528
167165,978540
167167,586700
167167,355285
167173,781852
167173,1049559
167179,822188
167179,858978
167179,608775
167198,554382
167198,547706
167198,1101675
167198,541955
167198,352981
167260,770982
167260,504566
167320,776550
167320,524374
167320,186911
167320,485598
167320,248912
167320,386827
167320,246979
167415,1118773
167415,739894
167415,352215
167415,233515
167432,498258
16747,776550
167479,432707
167479,455455
167555,145908
167555,76669
167608,113251
167608,479851
167608,1152539
167608,1079759
167608,945107
167637,843532
167665,399854
167665,534047
167665,364805
167665,1047719
167726,1005342
16776,841016
16776,387882
16776,653610
16776,157504
16776,43636
16776,688578
16776,493782
16776,775268
167764,644464
167764,712515
167839,920612
167839,800619
167839,1101755
167847,136208
167847,549182
167847,1000371
167847,37095
167847,128427
167847,89966
167847,361215
167847,797800
167847,853657
167847,635330
167847,746984
167898,95963
167898,501160
1679,474384
168001,160149
168001,155861
168001,627138
168025,354065
168066,1103415
168115,1026304
16816,953265
16816,771352
16816,626189
16816,1150503
168191,826305
16820,886069
16820,376483
16820,265607
168291,809324
168292,773651
168292,625823
168292,597411
168315,470960
168315,518429
168315,300730
168315,1162850
168323,1050201
168323,375622
168323,570286
168323,65605
168379,402202
168379,725517
168379,736464
168379,88538
168402,458523
168402,359997
168402,1039538
168402,976337
168402,268914
168402,905646
168402,282410
168402,450397
168402,953579
168402,204249
168402,959414
168402,1052392
168402,466412
168402,27648
168402,597172
168402,916990
168402,955332
168402,110543
168402,885102
168402,716007
168402,409011
168402,114983
168402,187827
168402,386402
168402,712726
168402,913952
168402,1026546
168402,169407
168402,42645
168402,855817
168402,729255
168402,1073209
168402,239452
168402,306031
168402,201073
168402,414148
168402,236864
168402,635228
168402,777533
168402,13463
168402,1062222
168402,592235
168403,105042
168403,225791
168403,494468
168403,179138
168403,976340
168403,449246
168465,1149261
16847,666991
16847,1164846
168486,580465
16851,527501
16851,1150460
16851,435435
16851,763711
16851,980854
168522,610418
168525,128586
168525,569324
168525,969972
168525,1070515
168525,1157376
168525,506626
16853,853801
168556,254048
168556,306052
168556,1011676
168556,696652
168556,386402
168556,314146
168586,1130650
168586,382147
168586,42133
168596,671272
168596,606370
168658,1033388
168658,920885
168658,984393
168707,1065145
168707,337739
168765,430273
168765,229722
168765,291516
168773,431784
168773,635030
16881,29460
16881,95099
16881,1092957
16881,284295
16881,389395
16881,647703
16881,339892
168836,905720
168836,337585
168836,568630
168851,375312
168851,878788
168851,642205
168851,450727
168851,468385
168851,63114
168851,747492
168851,87733
168851,116218
168851,427836
168851,827909
168851,1122795
168851,195407
168895,1109298
168895,465953
168895,1113539
168895,239083
168924,361965
168993,824533
168993,88801
168993,104167
169036,106566
169093,757135
169093,815895
169093,52623
1691,884911
1691,856739
1691,976001
1691,1146586
1691,569145
1691,673255
1691,1131266
1691,546145
1691,695808
169113,335314
169113,856860
169113,1098344
169120,449074
169120,28019
169120,755138
169172,573171
169172,601309
169172,115581
169194,836297
169194,563811
169194,98233
169194,296605
169194,460885
169194,850113
169194,311096
169203,302926
169203,757140
169205,501160
169251,355420
169274,297186
169283,1057145
1693,594322
169320,843335
169320,415333
169323,952159
169323,604710
169323,574900
16933,891804
169356,984199
169360,975224
169360,510313
169360,844542
169407,168402
169407,120334
169407,898137
169407,268914
169407,60685
169407,105004
169407,1073209
169407,282410
169407,484278
169407,236864
169407,314427
169421,498258
169428,355770
169433,717102
16948,84860
169491,519227
169526,43914
169573,716843
169584,957822
169584,421098
169584,798963
169584,1149853
169617,117955
169650,766948
169673,265380
169673,695422
169673,222620
169673,713327
169673,259042
169673,819555
169673,810141
169673,549232
169673,531537
169673,1005176
169673,1005604
169713,1049412
169729,13047
169737,789119
169761,868166
169761,1016571
169761,485040
169873,402834
169873,113915
16990,448646
16990,693828
16990,574353
16990,29460
16990,528177
16990,517553
169959,657376
169959,168402
169959,958451
1700,935207
1700,151252
1700,961705
1700,1105832
170040,278323
170040,442558
170040,989739
170040,709541
170055,427334
170055,197811
170055,1138439
170055,1000123
17007,176725
17007,669176
170091,426764
17010,656343
17010,288675
17010,193120
170178,747987
170178,870264
170178,916868
170178,883300
170200,821356
170214,527166
170214,27781
170214,1162434
170214,720162
170214,569568
170261,126854
170261,430632
170261,172632
170261,701174
170261,114090
170261,80274
170261,724218
170262,1139736
170262,693051
170262,987475
170357,1034334
170357,88243
170387,171218
170398,623151
170398,1163117
170398,749045
170403,448646
170416,533629
170416,976522
170416,256876
170416,547869
170416,903622
170416,611921
170416,247261
170416,860965
170501,603354
170501,361184
170501,60144
170501,476862
170501,152224
17054,764458
170576,187487
170576,95099
170576,139955
170627,1139928
170627,765343
170627,334720
170627,81699
170627,880963
170627,272398
170689,943967
170689,694960
170689,852717
170689,179085
170689,101711
170731,1156412
170731,41854
170749,268800
170749,438774
170749,87919
170749,267204
17075,903180
17075,945988
17075,684374
17075,212236
17075,521312
170750,879246
170837,1033445
170885,1062222
170915,771979
170928,598329
170972,309086
170972,179648
170972,1118769
170976,565374
171006,1073538
171070,448646
171128,1102943
171218,558140
171218,1022196
171220,1076079
171220,646481
171220,473597
171220,559943
171363,438246
171385,386870
171385,756717
171402,60241
171402,855633
171402,954725
171421,174567
171421,453075
171451,676147
171451,817957
17148,601309
17148,719499
17148,573171
171564,676382
171585,707901
171585,1056030
171597,1111355
171598,137178
171634,143470
171658,217142
171658,29460
171658,731896
171668,558179
171676,419822
171676,543682
17171,736011
17171,605516
17171,69594
17171,1118769
17171,492448
171797,375933
171797,260531
171797,741116
17185,1122424
17185,676028
17185,769595
17187,1027986
17187,804318
171916,490965
17197,42645
171980,16017
172039,685545
172039,71955
172039,1113410
172039,908154
172095,264148
172095,688056
172095,750108
172107,32006
172107,353345
172107,240350
172107,206014
172107,339779
172107,81699
172107,781814
172107,547869
172211,301449
172211,1043627
172223,157859
172223,1071055
172223,206644
172223,673110
172223,657126
172223,450827
172223,769846
172223,210365
172223,391973
172223,448215
172223,676526
172223,423333
172223,988047
172223,648532
172223,251958
172223,811022
172223,642184
172223,873983
172223,1052450
17224,862578
17224,551499
17224,121620
172336,116404
172352,679966
172357,704801
172357,475971
172357,386059
172357,987768
172357,229690
172357,989492
172357,421361
172365,651734
172365,47185
172365,101964
172365,899374
172365,114090
172365,467140
172435,852922
172470,718393
172470,118242
172513,511457
172513,800585
172513,186277
172558,674716
172558,438094
172632,1095560
172632,114090
172632,126854
172632,701174
172640,582055
172640,163533
172640,404351
172660,873983
172669,390271
172679,30582
172679,19154
17271,413938
17271,766157
17271,386605
17271,268856
17271,799004
17271,193419
17271,158946
17271,516506
17271,953113
17271,94196
17271,368177
172792,838445
1729,702383
1729,555842
1729,121835
1729,468625
1729,688765
1729,197692
1729,399379
1729,1035138
1729,66777
172920,427997
17293,1142475
17293,363378
17293,607373
172959,414090
172959,1123425
172959,550645
172959,736004
172959,12172
172959,439994
172959,747405
172959,1144115
172959,705089
172959,1058281
17296,5902
17298,543319
17298,295464
17301,667756
17301,1126388
17301,830433
17301,196474
17301,435670
173014,85081
173033,483361
173038,338554
173132,47185
173132,88405
173132,135688
173132,694283
173132,899374
173132,1095560
173132,1070127
173132,417577
173132,835913
173145,1050159
173244,1106025
173244,1095093
173345,739562
173346,1150689
173424,498258
173424,471044
173424,1076835
173424,938573
173424,975890
173424,772255
173424,931820
173431,643215
17344,789440
173452,386827
173452,192771
173452,26072
173515,953579
173529,381887
173529,355754
173529,780901
173529,1104157
173592,192228
173626,137047
173626,204017
173670,204789
173670,184986
173670,875573
173670,585248
173670,310144
173709,352481
173709,15992
173709,305374
173709,190691
173709,79091
173709,77173
173709,375138
173709,395186
173709,1078963
173814,164885
173814,315607
173814,907962
173814,643501
173814,805214
173814,115067
173853,682485
173853,32500
173853,207305
173853,96375
173853,236864
173853,880855
173853,1167046
173853,1025626
173853,762374
173853,882120
173866,673772
173899,560794
174095,1042601
174095,158788
174109,402609
174109,74523
174109,199323
174109,190578
174109,746093
174109,139520
174109,397528
174109,702785
174153,486578
174177,238254
174200,537341
174200,755484
174227,174227
17434,304551
1744,558946
1744,559943
174440,376483
174440,369192
174534,954823
174534,905564
174534,881864
174534,880963
174534,702012
174544,1106025
174544,682341
174544,663679
174544,48099
174567,124590
174567,592792
174567,847352
174567,276770
174567,211965
174567,489681
174567,668270
174567,498258
174674,50043
174674,204645
174674,378380
174674,115074
174682,528177
174682,27781
174682,312436
174766,202394
174805,552959
174805,911960
174805,941777
174808,781153
174808,547869
174808,557331
174863,281591
174863,884007
174863,958903
174863,19862
174872,835913
174872,107927
174872,135688
174872,1095560
174872,114090
174872,899374
174872,73943
174873,488926
174873,238460
174873,273067
174890,1068040
174890,648161
174890,168402
174890,747313
175044,845354
175054,1037669
175094,1081507
175094,617496
175106,899374
175106,47185
175106,553196
175106,126854
175106,114090
175106,280429
175106,468064
175106,497902
175177,855133
175177,423563
175177,255697
175299,771352
175349,1004517
175349,582055
175368,378304
175379,168402
175379,582463
175429,228757
175429,785477
175429,528177
175429,361035
175429,1028244
175429,883887
175444,998435
175501,1009969
175501,489681
175501,632746
175501,174567
175505,718837
175505,208610
175536,807591
175536,24370
175547,391885
175547,152987
175547,792590
175550,770589
175550,70406
175550,408346
175629,850642
175659,215696
175659,129309
175659,920119
175659,951226
175659,84651
175698,1112044
175698,42645
175698,890623
175698,306031
175698,764458
175698,168402
175698,466412
17570,1123771
17570,819422
175861,906778
175898,888360
175915,989767
175915,1153703
175915,454350
175915,149052
175922,300682
175922,1073572
175979,693875
175979,310365
175979,227809
176027,898828
176027,258856
176027,231020
176049,634126
176049,70406
176049,129309
176049,887056
176049,87862
176049,936733
176049,673470
176049,1060236
176049,1166385
176049,496379
176049,579177
176049,328823
176049,778676
176049,606894
176049,1032500
176049,770589
176174,750866
176227,852742
176367,831124
176367,13164
176367,1113090
176380,549150
176380,1133106
176380,1064758
176380,526536
176382,135499
176386,903825
176386,113998
176386,35267
176386,772316
176386,118859
176386,72536
176386,755833
176386,130751
176386,223261
176386,1100346
176386,547404
176386,585218
176386,967612
176386,11801
176386,333270
176386,1027995
176386,111302
176386,281300
176466,690627
176466,168402
176466,480409
176555,438685
176555,328771
176555,270519
176555,553179
176582,755054
176582,84142
176582,176582
176582,699326
176582,1163440
176595,1073209
17664,581794
17664,849023
17664,685545
17664,33131
17664,122588
17664,1016091
17664,853840
17664,870765
17664,459174
17664,18669
17664,668368
17664,232132
17664,1162755
17664,877541
17664,697941
17664,310392
17664,524244
176656,749639
176656,1113852
176656,126545
176700,604828
176725,509434
176725,51468
176725,490610
176725,1116845
176725,710200
176725,483304
176725,59517
17677,843335
17677,1065232
176777,906131
176777,975890
176819,270173
176819,466787
176819,304989
176819,199272
176873,713428
176873,942180
176873,48659
176960,693251
176960,389711
176960,458975
176989,770177
177008,81474
177047,439009
177082,368058
177130,649251
177130,332140
17719,472394
17719,232630
17719,587115
17719,705766
17719,960278
17719,682458
177217,570508
177217,61103
17724,649856
177296,1080006
177384,1020285
177488,532762
177488,436519
177493,1150902
177540,177541
177552,634210
177552,312408
177552,384036
177552,485186
177565,62420
177565,851337
177565,824351
177565,530983
177565,1032494
17761,976956
17761,852485
17761,842911
177638,518429
177638,550982
177644,59195
177745,350617
177745,511745
177745,867300
177745,359711
17790,79260
17790,1100979
17790,488194
177908,718393
177908,853185
178001,413397
178001,1126948
178001,1126364
178070,90040
178070,786492
178070,322817
178070,673723
178070,1141295
178070,372680
178129,127945
178147,510313
178147,1073796
178147,975224
178147,610095
178147,650552
178163,762374
178163,931346
178163,740490
178163,846944
178163,603827
178163,866656
178163,933540
178163,1082019
178163,168856
178163,969548
178174,100080
178174,775100
178174,983657
178174,763449
178174,1115765
178174,389711
178194,397918
178203,1134524
178217,1066078
178217,404021
178288,640058
178288,165341
178301,321835
178335,475893
178335,29460
178335,389395
178357,852854
178370,787287
178412,780186
178412,144174
178436,320812
178436,633211
178458,1056239
178458,4361
178458,420178
178458,1033261
178480,386827
178500,211819
178571,559943
178594,797800
178594,846537
178646,363095
178646,223295
178646,701905
178663,453340
178668,403698
178711,763559
178810,805092
178810,1010798
178816,515108
178816,954254
178816,23895
178816,314834
178816,130759
178816,949154
178816,227315
17882,630825
17882,554382
17882,108052
178822,323057
178822,439342
178862,362108
178898,373520
178898,626001
178898,542288
178898,1033388
178898,345508
178898,559943
178898,989889
178910,178910
178910,336444
178930,1030137
178930,155440
178941,267074
178941,189789
178941,240350
178941,1154809
178983,189789
178983,906329
179085,604828
179085,304843
179085,694960
179085,459528
179085,852717
179085,1150054
179085,296715
179085,160977
179085,1149283
179085,1092957
179138,58347
179143,597614
179183,1047719
179183,41191
179185,539261
179185,313834
179185,14094
179185,178821
179185,238181
179185,297845
179185,289641
179185,457713
179185,593104
179248,482168
179248,739616
179248,1044597
179248,772140
179248,893675
179248,980078
179253,971765
179270,644109
179270,545746
179270,1031322
179270,981927
179330,1003859
179339,519349
179339,257166
179339,801013
179339,440259
179339,210866
179522,1149283
179522,1016615
179588,608615
17959,192823
179594,1003770
179594,213417
179594,260279
179594,114668
179594,682197
179594,6647
179620,913212
179620,559943
179620,779220
179620,1152554
179620,498212
179648,1040521
179648,1118769
179648,918154
179648,657522
179648,916046
179648,1082418
179648,309086
179648,334460
179685,1118769
179743,390115
179743,57889
179743,975311
179743,687676
179743,830588
179743,752536
179743,163473
179746,563752
179746,661958
179746,455803
179746,988892
179746,987314
179746,312564
179746,1036860
179746,750464
179746,215804
179746,1082418
179746,1162692
179746,358181
179746,216886
179746,874745
179746,460243
179746,559943
179746,523047
179746,715950
179746,477272
179746,1011003
179746,124756
179746,833728
179746,676526
179746,559816
179746,587775
179746,771979
179746,408102
179746,213546
179746,843335
179746,233515
179746,676901
179746,380016
179746,942007
179797,792590
179797,918663
179822,827574
179822,162580
179822,643194
179878,964510
179878,968770
179878,120614
179878,1126894
17989,1099128
17989,415452
179942,938599
179942,1089176
179942,168402
17995,572453
17995,165475
179990,565870
179990,699331
179990,784003
179993,113967
179993,108837
180029,1082884
180029,390052
180029,656343
180029,984236
180029,430273
180029,599986
180029,644040
180029,1138839
180088,138797
180088,1119546
180088,385737
180088,600381
180097,222691
180132,1140967
180132,1161302
180132,22385
180136,231020
180136,907730
180229,720151
18027,898169
18027,355827
18027,399461
18027,497939
180295,318804
180295,155053
180377,392020
180387,175861
180387,977341
180480,957056
180480,338575
180480,677142
180480,775108
180511,999599
180568,346953
180568,468404
18057,1082884
18057,1121609
180584,141109
180584,1145594
180584,842871
180584,418885
180609,484060
18066,882275
180661,421397
180667,117506
180667,948883
180667,375790
18073,647961
18073,160885
180766,715046
180766,138789
180807,745094
180937,632095
181029,1118769
181029,792590
181029,418885
181029,1067225
181029,168402
181029,1117898
181029,884911
181029,69859
181066,20786
181066,128890
181066,909498
181066,433404
181092,579589
181092,678740
181110,47185
181156,1019590
181196,233807
181257,446346
181297,457928
181326,989889
181326,540594
181326,357288
181326,373520
181339,248109
181339,726782
181339,740362
181339,468430
181339,1108792
181339,687614
181339,189150
181339,639783
181423,22839
181423,1134946
181423,554153
181423,152478
181423,479851
181423,296553
181423,637101
181423,94816
181423,221080
181423,877141
181456,157504
181485,1050201
181485,299328
181490,1111111
18152,115892
18152,1095233
18152,1040074
18152,474218
181562,357736
181564,920997
181564,692333
181564,559943
181599,856347
181599,481504
181599,1103415
181599,457928
181695,1100918
181695,216099
181699,1049865
181699,633911
181770,116763
181770,428133
181770,535484
181770,209534
181770,74857
181770,747492
181913,287877
181913,529877
181913,963539
181913,829822
181913,821356
181964,636443
181964,999599
181964,652314
181964,374215
181964,28762
181989,830747
182009,195153
182009,547638
182009,36337
182071,954262
182071,874226
182071,1141266
182071,563125
182117,578701
18217,1047719
18217,706181
18217,1024045
18217,41191
182190,1021138
182194,1156043
182194,690704
182217,419535
182296,843392
182296,793429
182296,962164
18233,479031
182373,1165796
182373,604828
182373,124465
182373,1016615
182408,791002
182408,1076079
18242,454350
182423,1092786
182423,32674
182423,73155
182423,797066
182423,832724
182449,694047
182509,671272
182509,797537
182509,386402
182509,635030
182509,194173
182509,1087424
182509,40968
182667,155513
182682,195858
182682,661652
182682,1156911
182682,627406
182682,642205
182682,497205
182682,160752
182682,578740
182682,650599
182682,1033112
182682,601501
182682,527102
182682,519093
182682,938824
182764,42238
182764,8001
182764,579177
182764,1092420
182764,70406
182764,1060236
182793,520317
182793,711380
182793,924664
182793,390433
182793,1099558
182813,1118769
182813,564219
182910,776705
183,792685
183,638621
183,460166
183,696305
183,668368
183,877541
183,569852
183,923045
183004,873983
183007,938489
183144,491823
183176,435435
183176,821332
183176,88053
183186,405470
18319,1151548
18319,4306
183194,208052
183194,1005802
183194,1089176
183194,393499
183194,1134524
183194,1122475
1832,1040570
1832,827580
1832,460363
1832,651486
1832,746984
1832,771352
183284,1054432
183327,80058
183327,958446
183327,899374
183327,114090
183327,707900
183327,468064
183327,552465
183358,859940
183358,652464
183358,115074
183358,436306
183358,875825
183358,771352
183358,773353
183358,658291
183358,879690
183358,966235
183358,186911
183358,461314
183358,641157
183358,773668
183397,114090
183472,451207
183509,631061
183509,910435
183509,384612
183509,263980
183528,514023
183528,1073209
183574,228416
183574,948883
183574,394620
18358,68633
183601,865900
183601,577982
183601,83661
183601,1088986
183601,560979
183601,386402
183688,422724
183761,580037
183761,882866
183761,916996
183761,126324
183761,807779
183782,341040
183782,216223
183782,36337
183782,43636
18380,202394
183806,812341
183806,7333
183806,359603
183806,340678
183806,788410
183839,1141266
183839,258683
183839,1098126
183839,789126
183839,488805
183839,725340
183839,678821
183855,524878
183855,806409
183893,689285
183893,1073209
183893,441459
183893,484278
183940,57224
183940,945635
183969,649443
183969,54972
183969,336794
183969,561746
183969,435435
183969,320752
18400,234111
18400,722251
18400,338645
18400,193583
184086,638846
184086,491823
184086,837709
184331,1052613
184382,732591
184382,1089176
184442,246465
184442,21416
184442,654673
184442,1151144
184442,89302
184442,502238
184442,153534
184462,699378
18447,767843
18447,608753
18447,1139344
184504,219599
184504,243054
184505,48076
184505,877141
184518,15289
184518,812288
184518,602793
184543,331040
18461,117201
18463,729806
18463,631061
184645,216223
184679,1002947
184679,99766
184679,597466
184777,549314
184777,681263
184777,277635
184777,558135
184777,964613
184777,268357
184788,63558
184788,1107430
184788,647925
184795,161622
184795,486351
18483,899140
184919,1069991
184919,575251
184955,949678
184955,494548
184955,718455
18497,982139
18497,676028
18497,84973
18497,838445
18497,501005
18497,1046363
18497,257336
18497,46545
184986,534469
184986,786492
184986,1057226
18500,236837
18500,397095
18500,905564
18500,880963
18500,897747
185038,465262
185038,835084
185038,70248
185087,579569
185108,697941
185108,685545
185108,668368
185108,1143796
185108,457713
185128,1111509
185128,815871
185225,58737
185225,210330
185225,185358
185225,282410
185225,127016
185225,681076
185259,912204
185278,280112
185278,390060
185278,1081058
185344,611534
185416,671272
185480,792590
185546,250118
185546,215195
185546,712642
185591,196386
185591,317241
185627,1062752
185627,923810
185627,1002743
185683,715110
185683,1071514
185683,957056
185683,374739
185683,484476
185683,119440
185683,898449
185683,316323
185683,1162755
185683,1145018
185743,191062
185743,808794
185794,687248
1858,549259
185800,596578
185861,983114
185861,220817
185872,781773
186078,69676
186078,971193
186078,1027039
186078,720481
186078,1005176
186078,804954
186078,695091
186078,856638
186078,1163786
186078,1059673
186078,222620
186078,960278
186082,321824
18612,652464
18612,767711
18612,646481
18612,1089694
18612,757788
186154,246370
186203,1034299
186208,315607
186208,27212
186261,830747
186261,691221
186261,143205
186262,134566
186277,796839
186277,168402
186277,511457
186290,11676
186290,1131051
186290,155861
186290,624728
186290,1131896
186290,507869
186290,679693
186290,310143
186290,73236
186298,89935
186298,791552
186298,1103415
186298,457928
186369,604833
186369,1139891
186393,547869
186393,309335
186393,370139
186393,610856
186393,342426
186393,653607
186397,532578
186397,257890
186397,450137
186397,773356
186416,688275
186473,476171
186473,654048
186473,216650
186473,411589
186473,843335
186473,480445
186473,282414
18649,549554
186532,1131051
186532,89144
186532,649643
186532,1043801
186562,443144
186562,778267
186562,329322
186562,792590
186562,734505
18661,557448
18661,1117389
18661,233288
18661,815697
18661,648970
186642,232785
186642,223248
186642,383913
186642,927247
186666,916395
186667,860633
186681,420155
18669,232132
18669,747434
18669,849023
18669,668368
18669,685545
18669,1016091
18669,877541
18669,559943
18669,17664
18669,460166
18669,130906
18669,249582
1867,214694
18675,988200
18675,853432
186798,708912
186798,138143
1868,125660
1868,709541
1868,479097
186817,474218
186817,1134524
186817,1089176
186846,1059511
186855,1003859
186895,366591
186911,859940
186911,848019
186911,1161613
186911,1008920
186911,407003
186911,183358
186911,773668
186911,1011282
186911,652464
186911,554382
186942,215023
186942,574022
186942,422939
187036,260239
187036,735569
187036,531022
187036,628248
187036,735223
187036,1013040
187036,692832
187036,730928
187074,573320
187113,603937
187181,772881
187181,540024
187181,252007
187197,764742
187197,500149
187210,349955
187210,314688
187222,554382
187222,843335
187222,13837
187222,442632
187222,549182
187222,208444
187222,848909
187222,1098249
187257,162580
187257,827574
187262,827580
187262,738942
187262,247172
187262,1090020
187290,922233
187290,881021
187290,361730
187290,798539
187381,145908
187381,333297
187381,76669
187381,843335
187381,96152
187487,81474
187487,420921
187487,139955
187490,457928
187490,948433
187490,1103415
187504,386827
187537,1103415
187537,84940
187537,270989
187537,846554
187540,257917
187540,1163139
18757,228586
18757,456509
187729,646634
187777,1107140
187800,150583
187827,414148
187827,374050
187827,779477
187827,885102
187827,916990
187827,980492
187827,466412
187827,621712
187827,240776
187827,582463
187827,168402
187827,1043395
187827,1052392
187827,481969
187827,114983
187827,306031
187827,1102276
187844,479851
187848,115521
187848,969177
187857,242496
187857,246900
187857,793241
187857,386175
187857,431855
187857,78071
187857,808124
187885,1155077
187885,826283
187925,518398
18793,1092305
187930,1043801
187930,609002
187930,525796
187930,1131051
187930,155861
187964,1135674
187964,1136202
187964,911960
188010,599307
188010,252059
188010,54916
188010,1092698
188175,920633
188175,362619
188175,682013
18820,94026
18820,1006496
18820,737560
18820,853432
18820,1070535
18820,859372
18820,790721
18820,80949
18820,220155
18820,699706
18820,371727
188215,90209
188215,576548
188215,1050806
188300,976522
188309,374350
188309,286528
188339,43323
188339,1123428
188339,791552
188339,7677
188339,465608
188339,395302
188400,1091651
188432,729356
188432,815697
188432,1117389
188432,18661
188457,96757
188457,726753
188600,558259
188630,21650
188630,299419
188651,904262
188687,193073
188725,340798
188730,846266
188730,435104
188735,642205
188735,577982
188735,386402
188735,1088827
18885,359997
188984,248580
188984,94768
188984,83795
188984,292099
188999,1114153
188999,596380
188999,177217
188999,856296
189041,30801
189075,363151
189075,295586
189104,56973
189150,687614
189150,1108792
189150,740362
189150,248109
189150,256772
189150,353187
189150,726782
189150,181339
189150,639783
189150,964326
189150,468430
189150,130678
189272,685545
189272,1112834
189272,933141
189272,1162755
189272,536263
189347,677142
189347,64531
189434,754051
189439,968336
189488,1036184
189488,900530
189488,631701
189488,149010
189488,41887
189549,758353
189549,570508
189549,385484
189632,800107
189704,1033230
189704,1136943
189708,1022175
189708,44502
189708,1143064
189708,612237
189710,806953
189710,317082
189729,461262
189729,916996
189738,222972
189789,391973
189789,476136
189789,259852
189789,1082418
189789,559943
189789,81699
189789,843335
189789,257166
189789,830592
189789,231723
189789,549395
189789,545200
189789,240350
189789,775108
189789,1122900
189789,941581
189789,386776
189789,38377
189789,654105
189789,1079562
189789,638924
189789,334720
189789,325772
189789,10143
189789,1112367
189789,224719
189789,747690
189789,195000
189789,362815
189789,1159596
189789,56507
189789,342127
189789,714638
189789,869907
189789,272398
189789,683124
189789,1071958
189789,906329
189823,232088
189823,310365
189872,489637
189872,423087
189872,976930
189872,776732
189936,455026
189936,340435
189936,458637
189936,139748
189936,250879
189936,846413
189960,368247
189975,520828
190042,1088827
190099,711046
190099,1023059
190099,112292
190191,455337
190237,711842
190237,662113
190237,893562
190273,1151613
190273,920706
190273,54972
190273,339531
190273,204980
190273,744097
190273,435435
190273,940392
190301,204249
190389,484713
190389,1143120
190389,1108234
190389,777659
190457,601132
190457,736714
190457,239088
190465,339379
190497,358586
190527,165264
190527,810303
190527,517979
190527,1108515
190527,334509
190578,746093
190578,174109
190578,139520
190578,74523
190578,397528
190578,912998
190578,95099
190607,938599
190656,1074736
190656,13507
190665,112450
190665,262520
190665,238396
190675,748133
190675,301221
190691,395186
190691,34995
190691,734157
190691,775970
190691,534224
190691,634020
190691,1118769
190691,79091
190691,352481
190691,173709
190691,843335
190691,1048701
190691,761257
190691,895401
190691,677812
190691,153516
190691,1009789
190691,305374
190691,895691
190691,950380
190691,136203
190691,445430
190701,1032529
190766,147719
190774,837033
190774,1032459
190774,401062
190774,309936
190849,168402
190860,37771
190910,1158207
190910,759765
190910,1133682
190920,934439
190920,691221
190920,70868
190987,156101
190987,988892
190987,324367
190987,477272
190988,145908
190988,165675
191008,730015
191008,148197
19103,676861
19103,393870
19103,532380
19103,437763
19103,526696
191053,762374
191053,559943
191093,598273
191114,384244
191139,81474
191139,1143861
191175,52748
191342,1021642
191342,449646
191342,884102
191374,54288
191447,787947
191447,418224
191530,329041
191530,46545
19154,172679
19154,30582
19154,60154
191544,1016183
191584,555141
191584,989939
191623,414534
191623,95676
191623,334720
191623,294435
191623,103317
191623,240350
191623,346532
191623,685509
191627,197559
191632,984180
191640,110752
191640,894460
191640,396155
191640,313220
191640,475904
191640,841523
19166,108959
19166,1123174
191696,1119588
191726,477064
191726,615581
191757,1140768
191757,1071629
191757,844385
191757,917320
191763,276770
191763,682597
191784,526871
191797,688037
191840,834207
191891,24175
191891,843335
191891,476719
191891,1135327
191891,534505
191897,151989
191919,479283
191919,529692
191919,158946
191919,201585
191919,781852
191919,344543
191919,1131461
191919,462817
191934,339892
191934,693828
191934,1092957
191934,647703
191984,1021957
192065,909498
192091,1085162
192091,411516
192100,59958
192108,1118769
192108,336627
192108,745790
192108,416571
192108,37907
192145,314834
192145,863837
192145,402541
192145,857692
192145,266194
192145,108875
192145,940979
192150,198841
192150,1167160
192150,237540
192150,104333
192150,533860
192150,242648
192203,977983
192203,380617
192203,383513
192228,173592
192334,665806
192389,990316
192389,1125228
192414,1110241
192414,231020
192414,532622
192414,1105921
192465,231020
192483,46545
192483,813220
192483,6176
192483,320360
192483,945260
192492,604828
192536,218207
192536,1166415
192536,149877
192536,572147
192536,192625
192536,407709
192598,110708
192598,369260
192598,984141
192598,735900
192602,968408
192602,386827
192602,290017
192602,386870
192602,531413
192602,402834
192609,127945
192609,202394
192609,145413
192609,965010
192617,168402
192625,192536
192625,572147
192654,1062222
192688,531413
192688,536125
192688,19984
192688,74771
192688,1005604
192688,834917
192688,222620
192688,659465
192688,735514
192688,710662
192688,810141
192702,144314
192771,54731
192771,443641
192771,173452
192779,423164
192779,288914
192779,963944
192779,523511
192802,387598
192802,882253
192802,273245
192802,514441
192802,1056810
192802,567558
192802,1133793
192802,983358
192802,550645
192802,3436
192802,99769
192819,885968
192819,1118224
192823,79674
192823,427806
192823,641626
192878,767809
192885,43200
19294,482114
19294,60152
19294,666164
19294,870964
193046,991
193073,256120
193093,431972
193093,421005
193111,104235
193111,347959
193111,1092917
193111,426081
193120,17010
193120,647202
193162,778288
193169,862662
193169,852601
193191,248674
193191,346616
193191,973522
193194,82413
193194,1095560
193194,468064
193194,47185
193194,899374
193194,386446
193194,495434
193194,528508
193194,135688
193194,833138
193194,835913
193194,594096
193216,643830
193292,522450
193292,708371
19332,606905
193383,210842
193383,416678
193383,94728
193383,890272
193419,656853
193419,953113
193419,550645
193419,348738
193419,247793
193419,668368
193419,446512
193419,386605
193419,986638
193419,401264
193419,768987
193419,632677
193419,576801
193419,773031
193419,910495
193419,140930
193419,754486
193419,1050736
193419,205015
193419,749482
193419,480532
193419,875993
193419,333297
193419,811231
193419,3215
193419,1059392
193419,988899
193419,1080006
193419,102093
193419,229690
193419,1066350
193419,1072492
193419,365348
193419,1073965
193419,351028
193419,1094217
193419,781852
193419,859297
193419,386059
193419,875887
193419,843335
193419,1095233
193419,96727
193419,1005262
193419,119440
193419,165651
193459,387720
193459,786986
193494,840020
193494,683291
193494,222160
193494,1023461
193524,455455
193524,897551
193558,1008703
193583,604828
193583,1029580
193583,681254
193583,651613
193583,83795
193583,329402
193583,1149283
193641,476685
193641,934916
193641,1635
193704,159764
193749,457928
193761,77920
193761,918970
193761,112292
193761,711046
193764,310147
193769,1109629
193769,810141
193769,11879
193769,77544
193769,612482
193774,983019
193774,838365
193774,438736
193774,772795
193822,1164199
193841,106664
193841,202645
193846,928605
193875,421185
193875,1040807
193875,980025
193875,505688
193875,774665
193890,649184
193890,580161
193890,51842
193890,371896
193890,1073209
19392,526039
19392,217615
19392,259998
19392,711907
19392,707479
193940,1000371
193940,429202
193940,1157070
193940,295734
193953,603785
193993,736004
193993,835761
193993,565441
193993,1063405
193993,1066266
193993,650215
193993,565421
194046,399810
194046,851974
194046,702613
194046,212204
194046,9963
194083,362405
194083,645903
194083,315167
194083,458609
194083,703922
194086,141817
194086,207880
194086,921608
194086,307035
194086,918555
194155,760622
194155,1044597
194173,577982
194173,355800
194173,842282
194173,40968
194173,1086501
194173,1087424
194173,182509
194173,671272
194173,386402
194173,1081639
194173,944185
194173,805092
194173,531413
194271,1111579
194354,530983
194432,435670
194433,952711
194433,1126948
194433,527685
194437,621034
194449,484797
194449,500570
194449,61103
194449,210195
194449,1114153
19450,216425
194541,845354
19460,1005802
194667,47568
194725,997630
194725,870497
194725,81699
194725,240350
194793,161200
194793,54341
194928,471271
194928,1130276
195000,577982
195000,729601
195000,1130650
195000,688578
195000,334720
195000,189789
195000,272398
195093,827580
195093,592674
195093,747405
195093,887956
195095,693439
195113,762374
195126,572453
195126,10143
195146,58955
195146,1148145
195146,10143
195146,1092621
195146,1003331
195146,808009
195146,529405
195153,812341
195153,206310
195163,953579
195163,434012
195163,1005710
195163,168402
195163,630125
195163,102228
195163,204249
195163,1109721
195163,187827
195163,528177
195163,42645
19517,874272
195175,903885
195176,419241
195253,469239
195253,1032269
195253,111892
195253,124016
195253,841847
195343,723811
195343,93895
195407,891884
195407,943252
195407,137655
195421,929270
195445,1081159
195445,776529
195445,893130
195445,83502
195445,92378
195445,456471
195445,148557
195445,554382
195445,483
195445,679676
195445,843335
195445,1158559
195445,66334
195445,1113409
195445,1049344
195445,559943
195463,595841
195463,293319
195463,248912
195464,173346
195464,610289
195486,11504
195486,900683
195486,241408
195494,500962
195522,1139928
195522,610418
195522,1065991
195527,47076
195555,1058043
195555,907308
195555,1077960
195555,361828
195555,581486
195571,763367
195571,209449
195630,685013
195630,816899
195630,529586
195630,642205
195649,408346
195649,695524
195649,826283
195649,539761
195649,909773
195663,402684
19573,460363
195811,421098
195811,385059
195811,642205
195811,878788
195811,58537
195811,216134
195811,730928
195858,627406
195858,292561
195858,385059
195858,878788
195858,858767
195858,661652
195858,554382
195858,602716
195858,973615
195858,505529
195858,701313
195858,763599
195858,843335
195858,730928
195858,250559
195858,747492
195858,58537
195858,148687
195858,52077
195858,1007906
195901,357059
195901,202769
195901,736011
195903,730046
195990,39336
195990,413901
195991,568141
195991,24895
195992,193419
195992,214694
195994,1105396
195994,1006804
195994,257444
195994,4306
195994,26827
195996,1123835
195996,397918
195996,803946
195996,654766
196005,591732
196005,318450
196005,197813
196005,118929
196036,13047
196072,335510
196072,1096036
196072,997184
196072,546145
196072,762102
196072,654048
196072,884911
196072,353332
196072,369938
196105,549259
196105,871370
196105,999737
196105,719758
196105,1036567
196143,843335
196143,377566
196143,729323
196143,772140
196143,899909
196166,998760
196166,1112044
196185,1009116
196185,573369
196185,273700
196215,963958
196215,328321
196215,685545
196215,877541
196254,604672
196254,81076
196254,477393
196254,249724
196254,375313
196254,1080006
196254,47608
196299,448074
196299,984704
196386,730804
196386,208987
196386,60494
196391,1115281
196405,586673
196474,435670
196474,792910
196474,667756
196474,1107807
196474,4095
196502,13751
196721,977983
196765,192228
196765,203339
196765,171966
196765,489025
196765,386402
196773,383197
196889,738472
196908,920968
196908,801748
196936,609800
196936,414265
196936,870264
197068,603311
197093,1082418
197093,444502
197210,431972
197247,926394
197247,693828
197247,865674
197264,1036917
197265,642961
197287,637493
197287,920612
197287,46545
197332,505510
197337,448646
197337,604828
197337,528177
197354,857588
197354,1119546
197354,722188
197354,790449
197375,533224
197375,454350
197375,989767
197375,1153703
197375,164494
197375,1068570
197375,118012
197375,595071
197375,357775
197399,150904
197433,247868
197433,432906
197433,346342
197433,1062222
197433,33605
197433,248481
197433,843335
197447,461427
197447,848909
197447,341556
197447,391605
197447,903347
197447,297186
197447,792590
197447,52774
197447,640296
197474,905653
197504,847352
197504,975890
197504,658012
197505,74771
197581,311722
197614,1068439
197619,557486
197619,248405
197653,290662
197653,711842
197653,882614
197653,652265
197653,676526
197653,312564
197653,920968
197653,455803
197653,835006
197653,92103
197653,157732
197653,267586
197653,936037
197653,465644
197653,309190
197666,565348
197692,478977
197692,1729
197692,555842
197692,68985
197692,907370
197692,991347
197750,271084
197750,902082
197785,134670
197811,427334
197813,795529
197813,318450
197813,1137367
197813,834278
197813,284274
197813,730568
197813,1157495
197813,843335
197813,341556
197813,630825
197813,695365
197813,956188
197813,559943
197813,778267
197813,273472
197913,350106
197913,663580
197913,879246
197913,1135127
197913,707528
197940,1132829
197940,390236
197940,81566
197940,760449
197940,785946
197940,60144
197940,550917
197940,626059
197940,209534
197964,152846
197964,1026514
197964,991478
198023,987314
198023,521568
198023,1003176
198023,408102
198023,620992
198023,233515
198023,807029
198023,786094
198023,940114
198023,1011211
198023,312564
198023,514505
198023,167415
198166,853945
198260,1007327
198260,962900
198273,997487
198312,268745
198352,386827
198352,386402
198423,409611
198442,1028138
198459,386870
198459,432906
198459,290017
198527,649443
198527,480445
198527,262260
198527,654759
198527,32083
198553,634378
198553,492448
198579,860725
19862,174863
198620,633963
198620,719358
198706,501407
198720,1034327
198790,280401
198803,320401
198803,605919
198803,437949
198803,401677
198803,658012
198841,1024669
198841,237540
198841,909773
198841,526696
198841,412540
198841,994566
198841,262520
198855,353259
198866,855000
198866,355200
198879,854905
198879,549259
198879,1159092
198879,635701
198879,658012
198879,207880
198879,975890
198879,277432
198906,868291
198920,158890
198920,789589
198937,362563
198937,584091
198937,236864
199001,542263
199025,364527
199094,401819
199094,267748
199243,166190
199243,635091
199243,524262
199272,574064
199272,176819
199287,306363
199287,658291
199287,158118
199287,310295
199323,402609
199323,397528
199323,746093
199323,174109
199330,674361
199330,145543
199330,1042280
199330,960278
199330,848909
199341,472208
199366,953579
199366,800069
199392,607560
199409,313869
199482,1105921
199482,532622
199482,231020
199497,848909
199497,483432
199497,676717
199497,989753
199497,304240
199497,485702
199497,654177
199497,300694
199497,877141
199497,722651
199537,636503
199541,503391
199541,911667
199555,807549
199572,509600
199572,132032
199648,989767
199676,124721
199702,478499
199702,491823
199702,638846
19976,31008
199832,1028487
199832,404874
19984,1142251
19984,222620
19984,369456
19984,415738
19984,590272
19984,290017
19984,427919
19984,713327
19984,531413
19984,1097340
19984,1161613
19984,1009663
19984,1001341
19984,391900
19984,72761
19984,1005176
19984,657502
19984,879300
19984,555253
19984,452623
19984,911330
19984,819555
19984,137518
19984,909959
19987,1019848
19987,491823
19994,651613
19994,1065582
19994,604828
199957,393499
199977,428463
199977,381475
199977,706504
199994,321512
199994,849346
200115,396692
200115,328170
200177,425985
200182,280429
200182,528508
200182,663284
200197,232630
200197,882581
200273,524262
200273,668368
200311,769965
200311,128663
200314,974392
200355,995759
200355,681330
200368,603820
200368,610418
200368,442217
200368,948096
200368,831326
20039,781814
20039,21685
20039,502514
20039,97768
20039,577778
20039,76793
20039,776732
200406,938599
200543,624131
200583,853945
200583,304958
200668,340901
200685,611921
200685,155675
20071,1085949
200744,502339
200744,364936
200744,839750
200753,550982
200753,300730
200753,518429
200753,23188
200753,684865
200753,1052865
200753,71567
20076,27781
200787,568232
200795,97514
200795,793763
200795,230347
200834,877598
200834,597363
200834,818458
200849,366644
200849,207430
200849,64678
200849,13166
200849,597793
200849,298232
200857,377518
200857,34462
200857,101711
200857,867406
200857,384846
200935,22107
200935,730500
200935,145568
200935,238254
200935,551826
200935,588390
200935,1042380
200935,390210
200935,1046977
200935,390305
200991,547128
201055,611078
201055,135658
201073,764170
201073,479851
201073,885102
201073,168402
201073,777533
201073,33728
201073,779477
201073,976522
201073,187827
201073,204249
201073,965167
201139,791911
201139,1134087
201152,28749
201202,274989
201202,831124
201202,1126948
201202,1147486
201243,604828
201243,786968
201243,384846
201244,685545
201244,668368
201317,1141266
201322,849023
201322,458637
201322,459174
201322,146501
201322,560052
201322,1066674
201322,668368
201322,524262
201322,1038526
201322,310392
201322,297954
201451,255404
201451,862414
201459,1047719
201527,36337
201527,89540
201585,191919
201585,818633
201585,702783
201585,462817
201585,479283
201605,256201
201605,1118769
201605,747663
201605,1082418
201618,1094973
201618,327526
201629,116577
201629,1058559
201629,554382
201629,1003954
201629,859498
201629,479851
201629,564851
20164,651361
201648,858352
201659,847352
201687,406014
201687,248758
201687,393829
201687,948198
201687,1084569
201752,796159
201752,437471
201752,497529
201765,633963
201765,715046
201765,815697
201765,1042250
201765,1150506
201765,1068169
201784,204645
201784,662331
201784,683124
201784,1033388
201784,610418
201807,345508
201807,204645
201827,601309
201912,718837
201912,1024686
201994,862662
201994,395200
202066,825774
202066,1083848
202068,422893
202068,899140
202112,207880
202154,1160273
202169,290662
202169,121769
202169,283320
202169,940079
202169,396065
202169,978387
202169,1047965
202205,775108
202223,293900
202223,386402
202223,1118070
202239,644046
202327,736714
202327,307698
202327,989993
202327,451830
202327,41747
202327,239088
202327,938599
202327,549783
202327,583827
202327,999224
202327,646238
202332,1076750
202332,725084
202354,75564
202354,417083
202354,733771
202387,1122475
202394,127945
202394,65085
202394,112307
202394,368658
202394,174766
202394,192609
202394,827580
202394,1120262
202394,1118769
202394,931158
20240,853945
20240,886595
202440,1057929
202440,434418
202440,42645
202443,547869
202487,709700
202487,256532
202487,259998
202487,217615
202487,764084
202487,799864
202487,1006403
202487,668471
202487,1003207
202498,822819
202498,533848
202498,786492
202498,886799
202510,754461
202510,94583
202510,302051
202510,956007
202510,94816
202510,956188
20252,1064701
20252,386870
202530,573369
202530,1046316
202530,352166
202530,551841
202530,1130650
202530,822603
202585,371022
202585,493609
202585,806515
202585,628248
202585,742606
202585,117059
202585,563488
202585,718372
202585,925511
202585,346482
202585,399884
202585,633963
202585,312393
20260,476594
20260,668788
20260,632758
20260,990696
20260,87503
20260,756264
20260,469819
20260,964277
20260,1072858
202600,642205
202600,652467
202645,1126737
202645,800930
202673,1085153
202673,334100
202673,200795
202688,449959
202703,953579
202703,343665
202703,168402
202707,413397
202707,869468
202707,942950
202769,204211
202769,736011
202769,492448
202813,897324
202813,651613
202813,963767
202813,693828
202831,421879
202831,390060
202892,943116
202892,83795
202910,501398
202936,110478
202936,1065950
202956,144609
202980,403353
202980,159049
203029,468404
203029,287611
20303,116055
20303,701624
203051,971059
203094,398694
203094,21913
203143,686807
203172,492803
203172,490981
203172,761838
203220,854355
203220,942033
203220,782337
203220,847226
203265,433139
203265,760867
203265,1107964
203265,343292
203284,450721
203284,1141266
203284,407737
203312,714989
203312,899777
203339,121331
203339,171966
203339,196765
203339,1089828
203339,476344
203349,13751
203349,167167
203349,316463
203460,1016571
203460,467157
203470,963395
203474,60204
20349,852556
20349,942225
20349,711092
203504,754461
203505,61934
203505,682914
203505,554382
203505,15609
20358,497552
20358,711729
20358,693072
20358,870155
20358,96375
20358,852035
20358,853945
20358,236864
203590,585648
203590,23188
203590,155391
203843,923156
20385,131573
203857,388422
203857,349574
203857,1047719
203857,41191
203857,360207
203857,621419
203958,651613
203958,304843
203990,699982
204017,600381
204017,386827
204030,398444
204039,707937
204039,1032052
204039,626989
204054,86045
204093,893825
204093,156046
204093,1022896
204093,417000
204093,774218
204211,357059
204211,736011
204211,492448
204249,1026546
204249,953579
204249,1096235
204249,157349
204249,1142121
204249,1043395
204249,168402
204249,407221
204249,311722
204249,1079815
204249,1081841
204249,1062222
204249,239452
204249,386402
204249,855817
204249,299316
204249,418885
204249,885102
204249,563586
204249,980646
204249,414148
204249,777533
204249,201073
204249,791986
204249,268914
204249,976337
204249,187827
204249,1073209
204249,817393
204356,407249
204360,666163
204364,46545
204397,760377
204397,804872
204397,4095
204397,501398
204472,882224
204558,349589
204587,489754
204587,383098
204587,733454
204587,739110
204587,482146
204587,211705
204587,735771
204645,116577
204645,1019233
204645,731039
204645,479851
204645,606
204645,115074
204645,683124
204645,422961
204645,795494
204645,737774
204645,1125612
204645,1050126
204645,663049
204645,459845
204645,843335
204645,741096
204645,970155
204645,554382
204645,859940
204645,986148
204645,861543
204645,608311
204645,859498
204645,296840
204645,532453
204645,92378
204645,290017
204645,401264
204645,929510
204645,1044597
204645,903347
204645,385406
204645,1026981
204645,1135327
204645,559943
204645,803946
204645,302051
204645,341556
204645,723703
204645,909147
204645,610418
204645,848909
204645,261506
204645,630825
204645,386827
204695,95408
204743,225058
204743,353259
204749,615391
204749,1089692
204786,1023461
204786,384978
204789,847551
204789,173670
204789,16024
2048,854251
2048,69589
204814,764458
204814,87598
204814,94971
204814,480034
204814,960436
204814,508944
204814,345508
204814,449173
204814,779477
204814,673222
204814,850315
204814,433363
204814,11406
204814,577982
204873,908452
204873,688578
204873,988892
204873,460243
204873,477272
204907,288920
204907,515806
204907,70406
204907,579177
204907,1109960
204931,529543
204931,626989
204931,983274
204931,577926
204931,108875
204931,707937
204955,335205
205007,43636
205015,656853
205015,1004481
205015,1157376
205015,1131461
205015,852441
205015,150263
205015,266205
205015,973812
205015,413901
205015,351028
205015,39336
205015,402010
205015,403612
205050,480034
205053,854968
205231,197447
205231,73844
205231,1059673
205231,848909
205231,554382
205231,717569
205231,868059
205231,695091
205231,784729
205231,386827
205231,559943
205271,256876
205271,132577
205318,387882
205318,152493
205318,792590
205318,89540
205318,493782
205318,157504
205318,1166281
205318,216223
205318,953579
205319,480445
205366,1019393
205366,403698
205366,1164369
205376,827580
205380,407936
205407,878829
205407,731087
205443,1141410
205468,471409
205468,488368
205490,723421
205490,1106747
205490,942802
205557,349574
205557,1043449
205574,304683
205684,608753
205684,854092
205684,1066078
205684,627389
205707,566262
205707,673387
205707,816204
205765,1082418
205765,968770
205765,337973
205765,1118769
205765,559943
20583,560497
205904,20260
205979,988002
205979,110301
205979,42645
206000,878519
206000,150624
206000,901647
206001,914590
206001,476320
206001,642205
206001,791432
206001,805092
206001,386402
206001,70921
206014,928817
206014,146117
206014,740240
206014,32006
206014,172107
206014,560794
206014,1031538
206043,583036
206052,490608
206052,167198
206052,683124
206052,1011282
206052,524374
206052,1008920
206052,1121081
206052,554382
206052,803946
206052,646481
206052,186911
206052,1020680
206052,859940
206052,610456
206052,473811
206052,777301
206052,1081159
206052,641157
206052,588431
206052,831179
206060,1157536
2061,24918
206155,900546
206155,386402
206155,373159
206310,1073695
206310,144765
206310,378655
206310,588106
206310,672123
206310,18463
206310,195153
206310,768327
206310,734157
206310,576822
206310,812341
206310,1108562
206310,397577
206316,1084447
206316,641046
206316,558867
206316,647627
206316,989267
206316,452050
206316,976522
206316,886340
206316,1079509
206316,1123095
206316,662179
206316,237945
206316,222814
206316,143246
206316,952382
206353,393383
206353,112022
206364,4306
206379,944019
206379,520191
206379,962419
206379,1026121
206379,759765
206379,443622
206379,569085
206379,547653
206379,456436
206379,463248
206379,389809
206379,282410
206379,72265
206379,305839
206379,482420
206379,50378
206379,773158
206379,419878
206379,943699
206379,210330
206379,192350
206379,689012
206379,1117007
206379,658057
206379,901725
206379,1114807
206379,512568
206379,1135613
206379,689047
206379,40640
206379,127016
206379,94971
206379,47116
206379,282334
206379,881529
206379,555417
206379,681017
206385,772795
206385,68633
206385,56973
206385,563029
206399,663025
206417,434832
206510,887117
206510,615427
206510,189789
206510,397095
206510,1079643
206510,334720
206510,240350
206527,485554
206574,444404
206574,905646
206574,110543
206574,855817
206574,168402
206574,1109721
206574,729255
206574,967487
206644,537337
206644,1116795
206644,510313
206644,900080
206644,113068
206644,295500
206660,585927
206664,386402
206664,360773
206664,818696
206664,137719
206664,937322
206664,960839
206673,733654
206673,423915
206673,1002106
206716,819422
206716,468404
206716,311819
206726,27781
206726,537343
206781,953579
206822,361037
206822,468933
206822,1161753
206836,782688
206836,337040
206836,474218
206836,1089176
206876,1030026
206876,975238
206876,344007
206876,470269
206876,631807
206876,616049
206928,1013440
206928,943849
206928,1033173
206928,1064432
206928,60478
206928,695138
206937,1040078
206937,775108
206937,1107964
206937,665571
206937,1077959
206937,397486
206937,433139
20697,122853
207010,403612
207010,694570
207010,512623
207010,830390
207010,955614
207010,272330
207010,1095233
207010,910984
207010,685545
207017,596578
207025,513405
207074,931105
207074,952614
207074,962957
207077,830416
207165,453343
207165,895844
207165,1124826
207178,431397
207178,877141
207178,613667
207178,494296
207178,166732
207178,109927
207178,471407
207178,1047302
207178,903347
207178,4179
207178,1141834
207199,560794
207199,275058
207199,266519
207199,939829
207222,813962
207222,729601
207222,168402
207222,728522
207222,28115
207231,521045
207231,715950
207246,335205
207246,899374
207246,47185
207288,583425
20729,457928
207305,96375
207305,497552
207385,29060
207385,771352
207385,402813
207385,256120
207385,903347
207385,837038
207385,418807
207398,319559
207398,28115
207430,1053400
207430,13166
207430,366644
207430,526871
207430,376483
207430,735415
207497,149052
207505,231157
207505,309549
207505,761401
207505,378060
207505,498258
207509,465329
207509,777356
207509,49762
207509,558946
20753,384846
207552,527889
207552,90523
207552,853432
207552,260971
207552,795168
207552,275632
207552,898768
207552,1137988
207552,213255
207552,635173
207552,42645
207552,549182
207552,1134235
207552,21886
207552,843335
207552,427997
207552,307990
207552,159996
207552,421430
207567,34052
207572,1113736
207572,230347
207572,848547
207572,893786
207572,46545
207572,676028
207572,501005
207572,336542
207572,862159
207572,213013
207676,948883
207676,797143
207745,497636
207750,1149283
207750,1016615
207771,559943
207771,630825
207771,370006
207836,960278
207836,1124200
207836,754172
207836,1125612
207836,720481
20786,433404
20786,181066
207870,716805
207880,933572
207880,847352
207880,603207
207880,1152767
207880,832195
207880,549259
207880,994310
207880,754703
207880,459848
207897,13166
207954,698691
2080,1166480
2080,1066078
20801,538129
20801,635523
208108,249544
208108,833846
208187,890350
208187,381201
20821,350816
208306,396869
208306,894010
208306,1143912
208387,480442
208408,526871
208444,859940
208444,186911
208491,492448
208491,498051
208491,605516
208516,384846
208516,651613
208516,459528
208516,1016571
208516,76700
208516,870131
208525,1023461
208610,776302
208610,718837
20866,228903
208661,1079087
208661,540893
208661,451321
208669,771723
208677,1000202
208677,803721
20874,818426
20874,701174
20874,126854
208742,631061
208742,858869
208771,785118
208771,294001
208771,803171
208779,843335
208779,208779
208779,1023400
208816,598544
208816,781217
208816,743895
208816,299660
208816,681076
208816,955614
208816,818368
208816,151444
208825,1143829
208825,577856
208825,848843
208825,998076
208825,806051
208882,136208
208882,1142663
208882,994364
208987,293378
208987,60494
20902,1069720
2091,769915
209110,559943
209114,155017
209114,322266
209188,288230
209188,870497
209188,189789
209218,981849
209218,942802
209218,594404
209218,370281
209218,909773
209347,209347
209347,752908
209363,683890
209449,960278
209449,750472
209449,548544
209449,763367
209449,964343
209449,324703
209459,592674
209534,60144
209534,760449
209534,656839
209534,785946
209534,1132829
209534,390236
209534,81566
209534,116763
209534,197940
209571,1047433
20970,907499
20970,1157006
20970,8850
20970,249797
20970,840096
20970,469040
209705,439280
209752,627400
209752,601132
209752,179942
209752,674304
209777,843335
209784,813890
209831,920783
209831,509793
209838,398388
209838,950860
209862,112292
209972,157664
209972,1133106
209972,894004
209972,478330
210052,154918
210052,935460
210052,100683
210163,1096897
210163,699982
210163,855075
210185,600068
210185,421871
210185,433404
210185,20786
210195,489392
210195,538891
210195,688037
210195,701174
210195,275783
210195,856296
2102,956541
2102,1022896
210246,772756
210257,845767
210262,596758
210289,589828
210289,762798
2103,448646
2103,1165523
2103,693828
2103,819479
210330,58737
210330,1035842
210330,962419
210330,955332
210330,319726
210330,482420
210330,1023100
210330,569085
210330,278792
210330,516223
210330,185225
210330,1112044
210330,54323
210330,389809
210330,746630
210330,386402
210330,580997
210330,443622
210330,1073209
210330,598292
210330,168402
210330,1033261
210330,689196
210330,679966
210330,228676
210330,94971
210330,65271
210330,497825
210330,72265
210330,1155636
210330,1052392
210330,962504
210330,520191
210330,27781
210330,328855
210330,1062222
210330,127016
210330,1067647
210330,1026121
210330,689012
210330,456436
210330,1037679
210330,943699
210330,206379
210330,773158
210330,708929
210330,514900
210330,844078
210330,563388
210363,959414
210363,835985
210363,1073209
210363,1029305
210365,794465
210365,362815
210365,775966
210365,594081
210365,91045
210365,642184
210365,172223
210365,549360
210365,648532
210365,873983
210417,852717
210417,101711
210417,943967
210417,76700
210417,879246
210418,717210
210418,1131189
210418,484476
210419,36337
210419,208730
210427,411516
210427,834594
210427,498368
210427,1085162
210432,775108
210436,1095064
210436,693588
210439,802718
210473,606
210513,903144
210513,857320
210513,361690
210575,676000
210575,669107
210575,74857
210602,1067307
210602,550819
210603,737560
210603,853432
210603,527898
210603,988002
210708,442068
210708,961927
210808,844385
210808,583987
210814,1133628
210866,801013
210866,154293
210866,536600
210866,386827
210866,665796
210866,497866
210866,243054
210866,321824
210866,488415
210866,864268
210866,362815
210866,386776
210866,843335
210866,160357
210866,386512
210866,296684
210866,240350
210866,977815
210866,490610
210866,616325
210866,179339
210955,50043
210955,903347
210955,737774
210973,642955
210973,386605
210973,1072492
210973,413901
210973,629819
210973,613749
210973,600304
210973,1004824
210973,576801
210973,138871
210973,39336
210973,337585
210973,413938
210973,368177
210988,394969
21100,629131
21100,372857
21100,480445
21100,843335
21100,257920
21100,553079
211127,548192
211170,986921
21120,566452
21120,895398
211200,1113599
211200,550982
211200,845354
211248,740341
21125,311764
211285,81275
211285,916243
211294,21493
211294,1143861
211294,646489
211316,621889
211323,45280
21141,790449
21141,722188
211413,399648
211413,871368
211420,642205
211420,695910
211464,1139344
211464,948883
2115,29460
2115,965187
211528,559943
211528,683124
211528,33225
211528,71357
211565,852441
211622,1026206
211622,885691
211622,1050201
211622,570286
211622,448896
211622,65605
211622,895535
211630,723787
211630,981778
211639,526047
211639,554382
211639,1060773
211639,13350
211651,1096557
211651,290017
21167,697984
211685,935460
211685,1118769
211690,507510
211705,111014
211705,204587
211705,482146
211705,993076
211709,569124
211759,479150
211759,770521
211774,430384
211819,661251
211819,830984
211819,282108
211819,178500
211894,859498
211914,744439
211914,374795
211914,61934
211914,1117314
211914,1055258
211914,115779
211914,15609
211914,1101290
211931,674504
211965,44916
211965,1139857
211965,134172
211965,489681
211965,276770
211965,863044
211965,763934
211965,658012
211965,162356
211965,984180
211965,394579
211965,174567
211965,1139837
211965,489573
211965,1009969
211965,861207
211965,299458
212094,459929
212110,52779
212161,74637
212161,495001
212161,837148
212161,379391
212204,526205
212204,9963
212204,896342
212236,896643
212236,950079
212236,521312
212236,903180
212236,357873
212236,17075
212236,137674
212236,438608
212257,1046454
212257,14140
212257,619443
212257,260732
212257,283510
212257,1133106
212297,39168
212322,228586
212338,1149889
212387,771352
212387,216223
212390,968655
212390,875213
212390,1034511
212390,182509
212390,942551
212390,787798
212390,852742
212390,1087424
212390,306398
212390,796839
212390,577982
212390,409539
212390,309198
212390,635030
212390,507484
212390,85502
212390,1112044
212390,679485
212390,386402
212524,802718
212524,421351
212573,604828
212573,943967
212573,708224
212573,70774
212586,1043013
212586,331681
212586,447006
212595,627406
212595,633963
212595,587445
212639,475799
212639,132186
212639,610418
212671,827580
212671,36901
212671,1039627
212686,874116
212686,995137
212741,424459
212808,1097800
212856,1042250
212864,12118
212888,1034375
212888,870785
212888,759792
212888,550026
212888,876886
212888,661652
212888,204645
212888,559943
212888,672378
212911,533224
212911,65360
213174,159229
213174,641621
21318,652019
213232,983951
213255,214834
213255,627542
213255,1057134
213255,427997
213255,795168
213255,207552
213255,21886
213255,956474
213255,635173
213293,517324
213293,562769
213293,888624
213293,875684
213317,766352
213317,461797
213317,834652
213317,667756
213317,435670
213328,386827
213328,659964
213328,865674
213328,531413
213349,94816
213349,1110657
213349,399929
213417,1027275
213417,179594
213417,676269
213417,1003770
213417,682197
213417,805528
213454,216223
213454,688578
213454,89540
213454,693750
213493,983510
213493,68926
213493,744929
213493,172039
213493,33131
213493,957056
213493,1086357
213493,1095233
213493,775108
213493,830390
213493,1161753
213493,910984
213493,17664
213493,380733
213493,697941
213493,685545
213493,310392
213493,668368
213493,806568
213493,524244
213501,973812
213501,781852
213501,348738
213501,102093
213501,769351
213501,331202
213501,161447
213501,119440
213501,541265
213501,657192
213546,676901
213546,874745
213546,987314
213546,978387
213546,771979
213546,940114
213546,179746
213546,233515
213546,870765
213546,942007
213546,431888
213569,817136
213569,593403
213590,300396
213590,216407
213641,329505
213660,1113762
213663,347187
213663,193419
213663,221724
213663,386605
213663,749482
213663,613749
213663,546151
213663,675513
213663,1005262
213663,1059392
213663,1033265
213663,253157
213663,413901
213663,1131461
213663,875887
213663,768987
213695,707154
213695,1104026
213695,14005
21372,47076
213767,670339
213794,499967
213803,430384
213886,916996
213959,1141560
213980,1009003
213980,370023
214042,482995
214042,587687
214065,508640
214065,1124346
214065,863307
214065,136768
214065,526871
214065,362815
214065,1048496
214065,248017
214065,561435
214065,522185
214065,122853
214094,1065304
214094,399461
214094,731990
214094,47589
214105,982416
214111,155861
21416,777553
21416,89302
21416,363095
21416,734157
21416,46923
21416,1151144
21416,502238
21416,282481
21416,69748
21416,1021543
21416,509793
21416,313323
214166,5260
214166,99709
214173,607560
214189,1129708
214273,779220
214273,554382
214273,1058559
214289,453340
214289,990541
214307,1118224
214357,1007572
214357,533393
214357,52171
214357,90722
214426,776976
214426,605516
214426,961149
214426,492448
21457,69589
21457,47185
214618,677142
214618,362021
214620,931105
21465,789730
214655,61103
214655,837894
214655,484797
214655,84142
214657,544405
214657,1102969
214675,129697
214694,195992
214694,39336
214701,549885
214714,594303
214714,242813
214715,380353
214715,238181
214715,904285
214783,778677
214783,1053289
214783,504309
214783,486082
214783,70791
214783,138387
214783,910760
214801,751632
214801,775108
214801,1084515
214801,227972
214801,893068
214801,226988
214801,1131607
214801,981778
214834,213255
214834,1137988
214834,731442
214834,653641
214840,673723
214853,334720
214868,40970
214868,1151548
214894,128122
214894,957056
214894,1142768
214894,640765
214894,272330
214894,948898
214894,685545
214894,603785
214894,731667
214894,397486
214898,835202
21493,211294
21493,1143861
214953,1136077
214953,248170
214953,252652
214953,610472
214998,115323
214998,776840
214998,734157
214998,576575
215005,694801
215015,450905
215023,186942
215033,494412
215113,462434
215195,185546
215289,810629
215330,1072492
215330,1077568
215379,803856
215379,928639
215381,494412
215410,1108515
215410,689251
215410,1050868
215515,518913
215546,859372
215546,448313
215546,946975
215546,642205
215546,42645
215649,448215
215649,873983
215649,648532
215649,1015841
215653,920612
215653,257336
215653,889010
215653,994621
215653,399292
215653,324095
215653,381502
215653,483237
215671,225233
21568,1104990
21568,1095233
21568,339728
21568,849883
21568,393025
21568,36221
21568,918596
21568,685545
21568,536263
215696,21971
215696,161478
215696,8001
215696,627565
215696,84651
215696,143985
215696,175659
215696,430798
215696,579177
215696,129309
215696,951226
215696,70406
215696,1043522
215696,1060236
215856,586142
215867,815871
216047,110888
216047,225295
216047,338645
216099,181695
216117,120295
216120,476614
216120,282877
216134,701313
216134,385059
216134,824598
216134,195858
216134,973615
216134,763932
216134,1156911
216134,62512
216134,730928
216134,878788
216134,195811
216134,350923
216134,1007131
216139,168690
216139,120915
216139,312710
216163,1115765
216163,1071514
216166,1103415
216193,962042
216223,157504
216223,36337
216223,841016
216223,792590
216223,771352
216223,517758
216223,653610
216223,33728
216223,168402
216223,493782
216223,688578
216223,976522
216223,685313
216223,239083
216223,205318
216223,593574
216223,387882
216223,89540
216276,692854
216297,448646
216297,604828
216297,142837
216297,1016615
216297,101711
216297,1149283
216297,651613
216297,954460
216297,1165523
216297,1016571
216297,318413
216297,246370
216297,528177
216297,27781
216297,806960
216297,926394
216297,828996
216297,832824
216297,303549
216297,1032883
216297,1043164
216297,433661
216316,1106632
216316,399962
216316,909147
216316,110169
216344,158929
216345,897168
216345,957571
216345,77298
216345,688835
216345,962871
216345,931820
216345,761391
216345,975890
216354,37817
216354,792105
216356,805092
21636,51265
21636,165718
21637,1009327
216407,226250
216407,629950
216407,481708
216407,1145476
216407,372424
216407,786492
216407,300396
216407,774218
216407,661352
216407,478353
216425,656918
216425,654654
216425,914407
216425,291010
216425,825985
216433,624221
216433,339638
216433,551499
216448,309549
216491,675196
216491,249259
216491,772795
216491,149052
21650,248247
21650,331386
21650,188630
21650,792762
216524,772795
216524,762374
216524,740699
216524,74771
216524,123780
216524,438736
216524,977945
216524,386402
216524,290017
216524,529648
216524,1022024
216640,732809
216650,282414
216650,186473
216691,363291
216691,848909
216691,1161613
216691,771352
216722,893546
216722,1034334
216722,700577
216722,457151
216722,293900
216722,464526
216741,587687
216741,251329
216741,800969
216741,1040078
216741,896314
216741,677142
216741,1107964
216741,370671
216741,961604
216803,1154328
216803,1153456
21685,502514
21685,20039
21685,776732
21685,76793
21685,814657
216854,845935
21686,141121
216861,290774
216868,456917
216886,460243
216886,1086046
216886,1044258
216886,337749
216886,591191
216886,256876
216886,598843
216886,587775
216886,988892
216886,527461
216886,376972
216886,7142
216886,477272
216886,338407
216907,408339
216907,385059
216907,586611
216907,627406
216907,195858
217009,61843
217066,355420
217142,171658
217142,119850
217142,976956
217158,874673
217158,663220
217158,1105470
217189,983438
217189,635228
217189,655234
217189,983019
217214,386402
217214,720465
217214,512042
217270,1163373
217270,153508
217270,218551
217270,334460
217270,478031
217270,608309
217312,1130903
217363,898768
217363,859372
217363,525393
217363,381525
217363,858767
217363,959092
217363,437497
217363,466752
217363,988002
217363,642205
217363,11871
217363,832046
217363,1006496
217363,792932
217363,215546
217363,878788
217363,730928
217398,897168
217398,174567
217431,456373
217431,204249
217431,168402
217431,268914
217431,479167
217431,489384
217443,983534
217558,193419
217593,1107964
217615,299743
217615,1149283
217615,707479
217615,764084
217615,256532
217615,786492
217615,1031099
217615,693828
217615,842314
217615,19392
217615,743387
217615,954460
217656,949974
217759,544170
217783,33605
217783,900709
217783,479851
217785,411184
217785,1024577
217785,43690
217785,117168
217785,1010248
217785,744929
217797,588813
217797,394620
217797,854092
217855,33728
217855,236166
217880,1053588
217880,745790
217880,37907
217880,230043
217880,632541
217880,192108
217937,243117
218044,565374
218044,536942
218044,982416
218044,1000490
218075,746315
218075,634355
21812,777496
21812,59467
21812,984429
21812,78908
21817,354144
21817,87598
21817,476344
21817,248896
218182,206310
218182,788410
218182,92891
218182,773993
218182,109829
218182,958349
218182,554382
218182,768327
218182,812341
218182,558404
218182,1077960
218207,192536
218207,606255
218331,517553
218331,693539
218334,1096036
218334,369938
218347,684406
218347,977983
218347,561177
218373,1023127
218479,808493
218516,485114
218551,1013688
218551,775935
218551,386402
218551,1118769
218551,623609
218551,600191
218551,69859
218551,1067225
218551,578474
218551,263335
218554,397304
218554,767047
218584,668368
218595,432457
218619,592405
218620,410917
218629,997755
218629,137323
218720,159768
218720,136231
218720,454350
218801,451484
218829,784141
218833,1004433
218833,611078
21886,427997
21886,260971
21886,924506
21886,207552
21886,78426
21886,956474
218956,154370
218967,1053922
218967,687425
218967,762374
219003,606894
219003,258247
219003,634126
219003,70406
219003,953278
219003,536096
219003,995042
219003,646888
219092,800930
21913,110478
21913,203094
219152,742120
219152,852242
219152,489681
219152,1110247
219152,174567
219236,603785
219236,361614
219272,171936
219272,699982
219272,1079776
219272,540690
219349,779999
219351,51234
219351,968898
219351,116500
219402,87598
219402,898111
219402,631807
219402,108413
219402,1069760
219402,968306
219402,1016305
219402,6425
219402,449173
219402,206876
219402,1068894
219402,878665
219404,792590
219404,642205
219404,30767
219404,809141
219404,806515
219404,439191
219404,168402
219404,742606
219404,596158
219404,801013
219404,815697
219412,217398
219412,1118839
219412,94584
21946,828798
21946,63180
21946,573558
219472,847023
219473,236236
219473,988568
219507,533933
219527,777533
219527,1010718
219568,890222
219568,1143926
219568,229178
219568,619200
219568,785939
219568,276193
219568,1027050
219568,913942
219568,168402
219568,865900
219568,268914
219568,908417
219582,982139
219599,801013
219599,243054
219599,490610
219599,321824
219599,626989
219669,558946
21971,606894
21971,710697
21971,559792
21971,70406
21971,496379
21971,909773
21971,228626
21971,232641
21971,156648
21971,733006
21971,579177
21971,387100
21971,129309
21971,331031
21971,143985
21971,634126
21971,215696
21971,770589
21971,678199
21971,352877
21971,515806
21971,1166385
219725,124590
219725,1139264
219725,347016
219725,583603
219725,975890
219905,60182
219905,97113
219905,522354
219905,1017244
219956,962163
219956,980975
22002,624858
22002,311929
22002,1114376
220042,519409
220042,248061
220059,485186
220155,42645
220155,699706
220155,516767
220155,1138804
220155,619290
220155,322804
220155,1103455
220179,558928
22019,984393
22019,290017
22019,997700
22019,386827
22019,714368
22019,167198
22019,329372
22019,773668
22023,285462
220235,410843
220235,775527
220235,324608
220235,163533
220235,1014760
220235,608775
220235,967013
220235,404351
220235,675152
220235,706435
220237,268263
220239,640765
220239,1010526
220239,64531
220239,505507
220239,232088
220239,948898
220239,578656
220239,1021475
220239,114791
220239,274989
220239,277216
220239,756676
220239,60154
220239,220239
220239,786094
220239,923007
220239,591191
220239,878090
220239,589131
220239,578841
220239,48599
220239,824685
220239,1010090
220239,957056
220239,942412
220239,794080
220239,628654
220239,473964
220239,287953
220276,786492
220276,868296
220276,1049711
220297,465262
220297,777356
220297,94024
220381,1070248
22043,489021
220456,446252
220456,824685
220490,437949
220490,63047
220490,273947
220490,448867
220490,527606
220490,461192
220490,478215
220530,1044442
220530,1082418
220530,1080006
220530,747841
220530,813888
220642,519270
220642,559943
220658,1064536
220658,592745
220658,980497
220658,526438
220658,16668
220677,843335
220677,870765
220677,90786
220677,282414
220677,755371
220677,186473
220677,616325
220677,1133106
220817,655663
220817,185861
220831,932877
220831,798878
220831,58737
220831,667900
220831,563388
220831,131424
220831,299660
220831,27271
220831,649104
220831,430088
220831,741424
220831,901643
220902,875022
220902,227434
220970,840148
220970,1062178
221021,996219
221021,244533
221021,1040038
221021,22107
221021,560566
221021,390210
221021,402129
221021,382996
221021,1056172
221021,800585
221021,577982
221021,358912
221021,958697
221021,104608
221021,1112044
221021,1099189
221021,852742
221021,222972
221021,656343
221021,386402
221021,168402
22104,917962
22104,86736
22104,250233
22107,748696
22107,221021
22107,390210
22107,1042380
22107,1046977
22107,800585
22107,479167
22107,483843
22107,254048
22107,244648
22107,857956
22107,200935
22107,717008
22107,358912
22107,992323
221080,479851
221080,363291
221080,1134946
221080,296553
221080,567263
221080,792590
221080,946693
221080,554153
221080,843335
221080,771352
221080,152478
221080,475893
221080,120227
221148,357737
221148,750187
221148,9696
221196,309086
221271,988002
221271,959092
221271,385059
221278,897873
221278,851103
221278,411516
221321,903347
221321,273472
221321,1158801
221321,968925
221321,204645
221321,672378
221321,597561
221640,186911
221640,848909
221640,859940
221724,838985
221724,172357
221724,1079730
221724,727170
221724,1094217
221724,511377
221724,1072492
221724,229690
221724,718634
221724,1145738
221724,875887
221724,956584
221724,428196
221724,386059
221724,442567
221724,1113410
221724,485074
221759,290662
221759,591191
221759,940114
221759,942007
221759,1085470
221759,370139
221759,668368
221774,131592
221786,764898
221786,960642
221786,391070
221786,621910
221786,1166930
221786,528241
22185,278465
221964,1063382
222037,103600
222037,967536
222037,675834
222037,1040078
222037,151444
222037,716386
222037,775108
222037,580669
222037,31937
222037,341031
222037,950860
22206,681330
22206,369922
22206,728740
22206,1058995
22206,843335
22206,140328
22206,705766
222109,568232
222111,10184
222111,1011854
222160,1023461
222160,738951
222160,840020
222160,1136676
222327,131053
22234,12765
22234,694606
22234,375320
22234,646059
22234,719324
22234,413046
22234,705260
222349,369922
222480,663965
222486,272897
222486,506332
222486,360229
222486,1056719
222486,13281
222486,29460
222486,328515
222486,1027484
222486,369718
222486,82497
222486,527729
222486,95099
222486,81474
222486,339892
222486,904691
222486,639071
222500,465281
222500,32708
222500,1051264
22251,549376
22251,53342
22251,120456
222545,397957
222620,994962
222620,1009663
222620,1005176
222620,964343
222620,19984
222620,391900
222620,58825
222620,105528
222620,735514
222620,474702
222620,84315
222620,810141
222620,465316
222620,301363
222620,495341
222620,259042
222620,528177
222620,989753
222620,290017
222620,742053
222620,1125612
222620,986798
222620,427919
222620,977933
222620,695422
222620,386870
222620,1117072
222620,137518
222620,1085535
222652,1002482
222675,641488
222691,421871
222691,180097
222691,27781
222699,367495
222699,59498
222742,807653
222783,1118769
222783,467526
222783,1082418
222814,1042069
222814,248912
222814,852140
222814,880963
222814,772795
222814,1073572
222814,1102943
222814,662179
222814,394620
222814,1138445
222814,206316
222814,749639
222908,94584
222908,276770
222908,969817
222972,191757
222972,1086501
222972,1112044
222972,1017366
222972,51468
222972,404228
222972,710200
222972,555335
222972,386870
222972,1146131
222972,393977
222972,243054
222972,801013
222972,386402
222972,671272
222972,642205
22300,477425
223044,892110
223044,774218
223044,426081
223073,857068
223073,988343
223073,106457
223073,449339
223161,349984
223161,631906
223162,1106891
223173,6176
223173,84542
223226,997700
223248,186642
223248,1013708
223248,302554
223261,118859
223261,72536
223264,207880
223264,841856
223264,549259
223264,853651
223264,70827
223264,620674
223264,847352
223264,77069
223293,522630
223295,744107
223366,1038296
223400,651361
223400,975890
223484,603820
223581,468404
223581,895269
223581,613441
223613,559943
223613,782337
223613,430840
223613,479851
223613,125618
223633,704391
223677,593491
223708,520191
223718,848909
223718,868059
22373,1089176
223780,1155403
223780,249980
223780,1011282
223780,559943
223780,1000780
223780,186911
223780,594974
223798,482995
22381,731013
22381,772795
22381,376483
22381,56973
22381,852140
22381,526871
22381,306253
22385,121148
22385,1161302
223864,1117509
223864,145447
223864,571882
223864,227972
223864,291614
223864,981778
223864,919967
223864,1131607
223935,620897
223976,32674
223976,1157882
223976,832724
223976,1092786
223976,73155
223979,864042
223979,433139
223979,988102
223979,1071990
223979,903795
223996,711195
223996,363039
223996,856897
223996,530639
224129,110525
224129,395244
224143,1066078
224147,731138
224147,1149283
224161,711281
224161,470226
224170,708154
224178,308882
224221,938057
224225,803946
224225,204645
224225,821398
224225,43636
224225,781814
224225,547869
224225,554382
224239,519270
224280,477901
224328,982402
224376,1107964
224376,677142
224376,397486
22438,425957
224388,1031538
224398,40968
224398,842282
224398,1112044
224398,386402
224447,117201
224447,772795
224447,56973
224472,715950
224472,521045
224476,268289
224476,1102894
224523,114090
224523,559943
224523,162580
224526,779477
224526,958451
224526,582463
224526,1039840
224526,8812
224526,268914
224526,168402
224526,905646
224526,342786
224526,1133682
224526,657376
224526,283575
224526,375220
224526,885102
224526,169959
224526,958697
224526,953579
224532,105720
224533,204645
224533,114090
224533,1095560
224533,856092
224554,1093682
224554,351423
224554,1094415
224554,1050871
224593,663708
224626,179648
224627,295586
224660,1107075
224660,818271
224702,937124
224702,910760
224702,38490
224702,782549
224702,504309
224718,780089
224718,346553
224719,240350
224752,529253
224752,277693
224752,824054
224765,1114375
224765,409143
224765,140430
224765,489316
224819,37107
224886,1027791
224886,1032729
224886,42283
224886,515689
224896,659065
224896,59627
224896,605588
224896,859940
224896,683124
224935,1056230
224935,344657
224935,998080
224935,524262
224952,95408
224973,215653
224973,242001
224973,736556
224973,127042
224973,694518
224973,1016183
224973,586229
224973,248322
224973,800619
224973,257336
224973,503386
224973,324095
224973,804136
224973,645953
224973,322870
224973,787432
224973,1046363
224973,235167
224973,998946
224973,572424
224973,381502
224973,399292
224973,920612
224973,880741
224973,534225
224973,982139
224973,866698
224973,535857
224973,25234
224973,873983
224973,870159
224973,39247
224973,334255
224973,652697
224997,386827
225016,74771
225016,600179
225016,386870
225016,386827
225058,140854
225058,677090
225058,907883
225099,967739
225107,628651
225107,729112
225107,571550
225117,1025364
225117,9696
225117,616049
225117,159049
225117,67970
225121,572147
225121,1038684
225121,425237
225121,304561
225126,1002469
225136,312187
225136,705766
225136,88405
225136,843335
225136,479851
225136,977871
225136,116577
225136,519270
225136,848909
225136,1158559
225136,549182
225136,788615
225136,149494
225136,559943
225136,1032703
225136,771352
225136,348957
225233,215671
225330,981726
225405,1076418
225459,744914
225459,166799
225459,660658
22548,1000797
22548,824974
225663,223264
225663,255189
225663,498258
225669,996211
225669,639972
225669,494023
225679,609217
225679,563884
225679,63047
225679,225679
225679,381856
225679,1050159
225679,273947
225679,320401
225679,437949
22569,649555
225700,168402
225705,1009969
225705,871370
225705,225705
225776,738370
225791,37907
225791,527971
225791,547291
225791,745790
225791,630185
225791,494468
225791,648311
225958,201455
225958,399648
225958,657095
225978,361334
225978,630612
225978,488194
225978,556920
225978,561582
226018,194928
226018,471271
226054,488194
226072,569336
226072,1068318
226072,228757
226075,153619
226075,50341
226075,620911
226075,411262
226075,579715
226117,249344
226117,851276
226117,336353
226117,485161
226146,1029416
226146,553728
226230,1033006
226250,685360
226250,300396
226250,604828
226250,257890
226250,517979
226250,509635
226250,1066481
226250,387190
226284,1033388
226284,1093682
226284,858512
226284,413713
226294,62420
226294,525469
226294,458523
226294,1011854
226294,657376
226294,845614
226294,97229
226294,168402
226294,733771
226320,717226
226320,488194
226322,1139598
226409,485598
226409,570426
226432,1064004
226432,70253
226432,300252
226432,1017710
226432,1124080
226462,501560
226462,668368
226462,68311
226462,297954
226462,243265
226462,459174
226462,385439
226462,1073209
226462,187925
226462,685545
226477,293472
226552,427520
226552,700163
226552,248582
226557,236504
226557,559949
226557,688275
226557,81474
226562,130339
226562,249045
226611,914965
226611,1000371
226611,671272
226658,1085201
226702,180097
226702,542997
226702,696820
226754,747377
22681,185920
226812,338980
226812,243793
226812,155017
226812,596000
226812,786177
226812,322266
226820,667036
22685,717625
226852,497636
226887,114281
226887,829822
226887,497290
226912,777670
226975,197750
226975,902082
226988,919967
226991,152098
227038,457662
227038,617410
227038,274989
227038,220239
227038,433139
227038,64531
227038,1091651
227038,425067
227038,640765
227104,882866
227110,581410
227110,1102681
227128,731503
227136,855030
22717,30173
227198,28521
227210,884916
227210,867607
227210,463569
227270,357153
227315,898618
227315,626989
227315,773799
227315,1062752
227315,529543
227315,178816
227315,313249
227315,23895
227375,312817
227375,392020
227423,310147
227423,228757
227423,860989
227434,651613
227434,604828
227434,1149283
227434,220902
22744,630907
22744,1064087
22744,677957
227521,1064087
227521,1033006
227521,1063050
227521,689389
227521,537409
227521,243781
227571,290017
227628,87844
227628,1051270
227628,857739
227628,277673
227744,897701
227781,574392
227809,175979
227809,868734
227821,399262
227821,359603
227821,923233
227821,812341
227821,65670
227821,947259
227821,1149506
227821,525822
227821,1000371
227833,975890
227833,124590
227833,847352
227833,1039856
227833,658012
227833,136573
22784,640431
227887,94816
227887,301173
227887,1042381
227887,290017
227891,533097
227891,900159
227914,859239
227965,453340
227972,1162339
227972,312393
227972,628248
227972,1131607
227972,919967
227972,214801
228039,1107357
228041,2765
228041,1046598
228041,677960
228056,291288
228056,593673
228080,891168
228080,806800
228080,941394
228142,524858
228154,1155134
228154,98297
228154,762374
228154,649164
228154,378522
228202,317743
228202,752141
228202,520672
228255,615886
228255,546415
228255,1129195
228272,1126364
228272,413397
228272,963944
228353,426606
228381,1004750
228381,841071
22839,1134946
228416,854092
228416,394620
228416,211464
228416,948883
228416,706586
228416,1139344
228416,183574
228421,992826
22845,681330
22845,847947
22845,879690
22845,79094
22845,132168
22845,803946
22845,35238
22845,683124
22845,19573
22845,204645
22845,589649
22845,843335
22845,658291
228454,1001883
228454,915869
228468,82652
228582,610418
228586,456509
228586,18757
228586,1115489
228596,232345
228642,133277
228642,467205
228661,13751
228661,1062222
228661,1115765
228665,497636
228676,430241
228676,282410
228676,943699
228676,674018
228676,1067647
228676,382996
228676,563388
228676,23705
228676,337771
228676,805876
228676,143435
228676,456436
228676,804686
228676,72265
228676,199094
228676,1056294
228676,734152
228676,619282
228676,291857
228676,1033261
228676,744551
228676,104608
228676,359892
228676,708929
228676,555417
228676,210330
228676,1057259
228676,168402
228676,824803
228676,386402
228676,94971
228676,990163
228676,323382
228676,582583
228732,1153757
228757,226072
228757,175429
228757,570011
228757,110525
228757,106566
228757,774218
228757,1023131
228757,636255
228757,503290
228757,234399
228757,1068318
228890,711092
228903,20866
228911,929613
228911,389077
228972,778288
228972,813389
228972,596940
228972,991799
228972,554087
228972,596758
22900,1079504
22900,10143
22900,234547
229027,325793
229027,488194
229027,654233
229076,447988
229089,232345
229089,693448
229089,306031
229089,114983
229089,168402
229089,582463
229089,187827
229174,13780
229174,386162
229174,657355
229174,397172
229174,352166
229174,431885
229174,563841
229174,669176
229178,785939
229178,219568
229178,908417
229178,294226
229220,781773
229220,1003331
229220,547869
229220,1095264
229229,520281
229229,869454
229247,898169
229288,870765
229288,1021577
229288,456206
22929,721174
22929,528177
22929,1089707
22929,27781
229310,96375
229310,125337
229343,880169
229343,765011
229459,526438
229485,497761
229485,522630
229515,947085
229567,1152554
229567,779220
229567,1134621
229567,1155750
229567,498212
229581,443354
2296,1031886
2296,284115
229643,930268
229652,70253
229652,1023661
229652,1124080
229652,879510
229652,1017710
229652,369985
229690,96727
229690,1094217
229690,386059
229690,875887
229690,704801
229690,768987
229690,718634
229690,243781
229690,221724
229690,987768
229690,1015761
229690,485074
229690,255955
229690,1041325
229690,1005262
229690,989492
229696,517553
229704,883872
229704,588813
229709,900012
229709,612393
229722,168765
229748,736011
229780,264341
229780,1115460
22979,680339
229826,651613
229826,1149283
229826,1016615
229839,439009
2299,1130236
2299,481976
229922,81474
229922,133249
229974,229974
230007,1124080
230007,978684
230033,162580
230033,643194
230038,257890
230043,37907
230043,428469
230043,642205
230043,527971
230043,792590
230043,852595
230043,745790
230043,1115765
230057,568729
230097,943967
230177,870873
230177,611720
230202,715976
230202,1210
230202,290017
230202,168402
230202,679966
230202,725953
230202,223226
230202,1062222
230202,130966
230202,649994
230202,358819
230253,1157103
230253,266194
230253,173529
230253,720148
230253,66946
230253,548389
230295,497552
230347,793763
230347,464565
230347,872139
230347,310311
230347,42645
230347,382679
230347,91601
230347,673289
230347,334100
230347,501005
230347,64442
230347,676028
230347,796566
230365,1072492
230430,339872
230430,247137
230430,667274
230430,1147569
230430,903317
230430,973453
23046,1089707
230524,816452
23055,409663
23055,532110
23055,99633
230606,721580
230606,666760
230606,149052
230606,847741
230606,1062468
230662,1089707
230662,407221
230662,33932
230662,27781
230671,736254
230890,1080635
230890,828016
230893,719874
230967,274989
231007,593541
231020,176027
231020,258856
231020,898828
231020,421005
231020,67007
231020,1105921
231029,702105
231029,966636
231056,44779
231056,547208
231157,309549
231157,534084
231157,863044
231157,975890
231157,174567
231157,489681
231157,498258
231157,305257
231157,211965
231157,175501
231157,276770
231157,146221
231157,658012
231157,378060
231157,803079
231157,425038
231157,168402
231157,319927
231283,245622
231283,687877
231325,146299
231325,381985
231325,998221
231364,168402
231364,953579
231366,81474
23139,70868
231398,469742
231405,785201
231405,879154
231414,591015
231414,1016615
231490,383743
231490,13751
231490,1062222
231536,249634
231536,604828
231539,550645
23156,373438
231608,898703
231635,461195
231635,310572
231635,688821
231635,1049909
231641,545142
231746,353259
231746,166882
231802,460740
231816,704368
231816,1069968
231816,451798
231838,70599
231838,1070309
231846,1099533
23187,525969
23187,240350
231874,596578
231874,600712
23188,518429
23188,513929
23188,470960
23188,684865
23188,376483
23188,462477
23188,845354
23188,71567
23188,550982
231888,265104
231888,1026592
231888,479851
231888,672378
231895,501095
232088,578656
232088,611921
232088,558867
232088,370139
232088,673801
232088,805454
232088,265327
232088,220239
232088,591191
232088,189823
232088,232892
232088,1097249
232093,53138
232128,21416
232132,581794
232132,476641
232132,1018105
232132,1017256
232132,685545
232132,310392
232132,1162755
232132,17664
232132,1046598
232132,668368
232138,523396
232190,1103415
232190,910217
232224,863773
232338,72442
232345,547720
232345,693448
232345,204249
232345,229089
232345,1126309
232345,918846
232345,228596
232345,168402
232393,909147
232393,16816
232393,739071
232481,1056722
232481,882253
232511,1149283
232511,836318
232511,528177
232511,407096
232511,75248
232585,986812
232585,863837
232585,578119
232585,831441
232585,192536
232585,232132
232630,17719
232630,280959
232630,333841
232630,738851
232630,89022
232630,508454
232630,369922
232630,705766
232630,204645
232630,135230
232641,579177
232641,352877
232641,845074
232641,496379
232641,1166385
232641,129309
232645,1133106
232645,678338
232750,242809
232750,123601
232785,29460
232785,95099
232785,360229
232792,604828
232792,319256
232792,69598
232824,219568
232824,278696
232836,946699
232865,1086501
232865,987136
232865,970474
232921,782337
232979,493782
23298,37907
23298,341040
23298,1115765
23298,119553
23298,988002
23298,1097443
233135,168402
233135,1034375
233135,453340
233166,257166
233195,36337
233195,446545
233195,205007
233195,287938
233229,27781
233230,1151548
233230,210988
233230,26827
233230,301896
233230,394969
233230,312691
233230,508869
233233,792590
233288,1073209
233288,585993
233288,815697
233288,42645
233288,596578
233306,371343
233339,372772
233339,651460
233339,819766
233339,511457
233339,1080307
233339,291288
233339,189681
233339,862393
233348,394000
233382,278806
233382,29208
233382,766347
233382,976788
233382,762374
233420,301632
233420,436622
233420,391973
233420,436710
233420,775012
233420,681723
233422,94272
233428,970802
233428,863837
233428,1032052
233465,946575
233515,874745
233515,1042359
233515,907499
233515,207552
233515,213546
233515,353231
233515,239583
233515,312564
233515,477272
233515,626197
233515,37096
233515,843335
233515,914594
233515,380016
233515,48062
233515,739894
233515,750464
233515,431888
233515,90417
233515,408102
233515,349307
233515,324367
233515,942007
233515,655672
233515,8850
233515,956931
233515,953119
233515,1118773
233515,410524
233515,661958
233515,167415
233515,627406
233515,198023
233515,75163
233515,1151665
233515,987314
233515,559816
233515,428526
233515,450476
233515,930066
23353,256201
233564,826230
233580,471324
233580,929586
233580,698129
233580,592745
233580,380617
233583,202394
233583,897961
233637,577452
233683,695411
233683,985974
233683,959030
233683,21650
233683,29494
233710,843335
233756,661656
233756,459845
233756,401264
233756,369922
233756,418224
233756,559943
233756,1094424
233800,1033173
233800,206876
233800,631807
233807,181196
233814,240507
23382,982139
233826,456917
233826,352034
233831,562177
233831,1089583
234007,196474
234074,660162
234111,95099
234111,167056
234111,338645
234111,328515
234111,722251
234137,694232
234137,1164050
234137,1076418
234137,1038331
234229,712698
234229,920082
234229,172633
234229,720000
234229,891279
234229,685202
234281,1160159
234291,58537
234291,1092786
234291,255032
234326,130966
234397,1012517
234399,570011
234399,636255
234399,310147
234399,1023131
234399,898684
234399,193764
234399,228757
234406,480445
234409,201322
234409,297954
234409,685545
234411,486763
234440,809072
234440,683864
234440,836458
234453,935207
234453,733771
234453,468404
234453,202354
234472,852556
234523,1003859
234547,781773
234547,22900
234547,950557
234558,1003859
234558,499411
234558,107823
234558,644880
234558,817237
234558,369192
234685,291981
234685,1082418
234685,868734
234685,366591
234685,615101
234685,808094
234685,114333
234781,779471
234781,363039
234789,671272
234789,1016615
234789,1021132
234789,547706
234789,369406
234789,272326
234789,160504
234789,642205
234789,1112044
234789,40968
234789,386402
23481,514023
234861,399452
234861,737526
234861,908038
234861,386061
234861,759778
234909,1074009
234909,37190
234924,1167202
234927,494412
234927,332683
234927,651204
234986,490151
234986,351423
234986,1117314
234986,1036828
234986,374795
235033,554382
235101,596158
235101,439191
235101,501847
235101,809141
235101,264840
235101,399884
235101,772614
235101,785231
235147,821854
235147,772795
235147,56973
235233,1141266
235233,271991
235235,282414
235257,67850
235257,989178
235257,413397
235305,312393
235305,628248
235305,402898
235311,1090708
23532,1041713
235320,500110
235320,284845
235320,503430
235320,774218
235336,47185
235377,621696
235377,311475
235377,1056725
235391,522314
235391,668714
235391,1067619
235391,606089
235397,495055
235442,227521
235659,28521
235738,825774
235738,202066
235738,88896
235747,1164536
235861,109210
235861,333948
235861,62268
235861,888368
235875,33932
235932,764153
235943,45769
235943,989390
235943,82042
235943,370139
235943,547869
235943,782337
235943,664604
235943,10143
235943,938090
235943,572453
235973,260792
235973,10143
236088,640099
236088,1144733
236088,386870
236088,290017
236113,855341
236113,565441
236113,1063405
236113,339766
236124,324023
236124,1113539
236124,698304
236146,341259
236166,486093
236166,1115765
236178,272613
236178,168402
23622,254055
23622,483174
23622,89935
236223,349984
236236,867465
236239,744407
236239,686807
236239,617743
236295,627763
236295,373694
236356,1031538
236356,390457
236356,932956
236424,994402
236424,1114375
236424,469742
236494,989767
236504,133249
236504,506332
236504,524866
236504,832524
236504,81474
236505,207165
236509,957872
236509,883872
236509,588813
236515,303301
236608,501160
236608,956104
236608,851103
236634,1052613
236685,193093
236685,90276
236685,421005
236685,6674
236724,337585
236734,762374
236735,1109685
236735,896474
236837,905564
236837,377200
236837,651123
236837,523865
236864,955332
236864,845614
236864,268914
236864,853945
236864,458523
236864,596578
236864,132544
236864,168402
236864,282410
236864,1073209
236864,302306
236864,484278
236864,1072492
236864,712726
236864,359997
236864,96375
236864,32500
236864,125337
236864,386402
236864,893825
236934,139779
236934,1003514
236974,450085
236976,421134
236976,1039854
236976,119553
236976,288161
236976,181278
236976,299854
236976,897942
236980,401830
236980,997962
237031,760954
237031,379022
237031,1139344
237034,594804
237034,312142
237034,792590
23705,1057259
237066,902060
237131,237131
23718,573789
23721,1057929
23721,220155
23721,1107609
23721,42645
23721,699706
237275,1118821
237275,817136
237275,447258
2374,698387
237429,1150503
237477,1134946
237477,152478
23754,106065
23754,601309
237540,274374
237540,334177
237540,198841
237540,408346
237540,611690
237540,522474
237540,542590
237540,995141
237540,841199
237540,296451
237540,937184
237540,294295
237540,994566
237540,884132
237540,754028
237540,249291
237540,909773
237540,523925
237540,996294
237540,412540
237542,807591
237542,137254
237548,230347
237567,468551
237567,1089176
237590,598153
237590,1129978
237624,1044597
237624,643593
237676,992792
237798,754355
237798,855798
237814,826283
237814,831681
237814,539761
237814,777028
237820,371727
237820,830747
237820,699706
237820,1057929
237820,135593
237820,729255
237820,1053117
237820,988002
237820,42645
237820,168402
237820,1005710
237820,885102
237826,1065304
237854,843335
237854,813549
237854,870785
237945,1078801
237945,647627
237945,1084447
237945,886340
237945,206316
237945,222814
238020,163473
238020,975311
238020,1110304
238055,834974
238055,1021543
238055,354988
238089,403612
23809,699706
23809,42645
23809,625189
23809,434418
23809,1057929
23809,830747
23809,695910
23809,937930
238146,255171
238146,601309
238181,67499
238181,289641
238181,673377
238181,593104
238181,380353
238181,462344
238181,410843
238181,640715
23819,982139
23819,46545
23819,87567
23819,248322
238236,566262
238254,748696
238254,200935
238254,248170
238303,1032828
238306,734157
238307,381056
238307,633295
23833,29460
238396,764238
238396,207165
23844,376483
23844,369192
238460,693828
238460,721174
238460,174873
238460,488926
238460,528177
238460,1137367
238460,449173
238460,27781
238470,377709
238539,569124
238658,675305
238693,447485
23877,50697
238858,606894
238858,629116
238858,951226
238858,619174
238861,114090
238892,647885
238892,890871
238932,578119
238932,314834
238932,192145
23895,178816
23895,227315
23897,364430
23897,82157
239066,237567
239066,1030688
239066,468551
239083,1115765
239083,653610
239083,1113539
239083,976522
239083,465953
239083,955467
239083,1023983
239083,1008983
239083,911071
239083,216223
239088,190457
239088,549783
239088,41747
239088,938599
239088,463258
239088,736714
239088,989993
23928,526209
23928,880727
23928,517389
23932,202354
239322,184795
239322,161300
239354,1097338
239354,363095
239374,50043
239374,533097
239390,132966
239390,957351
239390,498258
239390,722963
239390,489573
23943,634645
23943,369922
239443,579810
239443,101464
239452,168402
239452,885102
239464,734157
239507,379143
239507,101831
239507,542305
239507,983019
239507,848588
239507,49728
239507,655234
239507,104479
239507,268504
239507,533192
239507,289039
239507,56973
239507,565374
239507,647671
239507,66155
239507,772795
239507,1028762
239507,1083323
239507,991654
239507,1039302
239507,1144975
239507,1136718
239583,1042359
239583,974297
239583,469736
239583,676526
239583,851793
239583,664742
239583,1036860
239583,874745
239583,940079
239583,988892
239718,640021
239734,386402
239734,622931
2398,709397
240036,1006812
240045,248061
240045,512376
240045,194173
240045,386402
240055,693828
240055,20076
240055,8263
240055,764084
240088,42659
240199,937246
240199,376483
240350,685743
240350,534224
240350,905564
240350,870497
240350,334720
240350,880963
240350,906329
240350,100146
240350,638924
240350,333060
240350,397095
240350,167131
240350,189789
240350,386776
240350,28521
240350,59543
240350,81699
240350,977958
240350,1139344
240350,103317
240350,132516
240350,13555
240350,868455
240382,622456
240382,968707
240382,299334
240382,307990
240382,827580
240382,792330
240382,1066793
240402,631906
240402,349984
240406,17959
240453,1163786
240453,635071
240453,415120
240453,989166
240454,746614
240454,1157376
240454,744929
240454,10318
240473,988073
240473,790812
240473,248061
240473,101442
240502,118680
240505,975890
240505,549259
240505,844343
240507,233814
240516,827580
240516,60494
240692,665463
240692,90786
240692,1086395
240692,438783
240692,945526
240692,238089
240692,1096278
240692,871306
240692,1136549
240692,690051
240692,345348
240692,152733
2407,465262
240727,1108562
240751,897991
240751,321586
240751,700081
240751,473355
240755,465608
240776,1037679
240776,374050
240776,779477
240776,492637
240776,283575
240776,759765
240776,554394
240793,754569
240793,232132
240793,822317
240826,335314
240826,665384
240826,866402
240826,226812
240826,26827
240826,1151548
240826,4306
240826,317167
240832,435435
240855,325611
24088,379380
24088,397069
24088,631807
24088,974902
24098,1057929
241077,296213
241077,152122
241136,271544
241136,342412
241266,135688
241266,1095560
241297,1026304
241297,13421
241312,163174
241326,465262
241333,648970
241333,569336
241333,119202
241333,854919
241339,574741
241340,992570
241408,1133673
241408,195486
241412,550645
241412,577452
241412,1109160
241412,622650
241435,1004824
241435,632677
241435,457827
241435,36000
241435,694041
241435,640017
241452,1091949
241452,50043
24147,528177
24147,517553
24147,27781
241487,1049412
24155,363471
241641,433139
241641,677142
241651,274919
241651,781852
241651,368847
24170,514103
24170,906050
24170,771537
241714,582443
24175,1122994
24175,422961
24175,992202
24175,1135327
24175,191891
24175,120227
24175,556429
241807,993107
241807,1071001
241879,379664
241879,746061
241879,582941
241917,1081225
241926,135671
241926,529648
24194,812341
24194,496416
24194,1149506
24194,1037849
24194,559558
24194,1025545
241965,522912
241965,266944
241965,719634
241971,413097
24199,146501
24199,201322
24199,310392
24199,668368
24199,577199
24199,33131
24199,233130
24199,129399
242001,485824
242001,586229
242001,421185
242001,257336
242001,31949
242001,1044279
242001,732439
242001,982139
242001,376483
242001,604795
242001,920882
242001,513513
242001,973080
242001,920612
242001,637493
242001,937884
242001,224973
242001,856824
242001,295614
242001,292055
242001,554382
242001,566146
242001,1113736
242001,339314
242001,645953
242001,321679
242001,349853
242001,322870
242061,126347
242061,621167
242061,569337
242061,162159
242262,452050
242262,671272
242262,164781
242262,42645
242262,988002
242262,736644
242262,531413
242262,715109
242262,642205
242262,165675
242343,305871
242343,15826
242369,965369
242369,1141266
242388,792590
242496,793241
242496,78071
242496,386175
242496,1066055
242496,964520
242496,431855
242496,647961
242496,246900
242496,808124
242500,806960
242500,1016615
242500,1165523
242500,825763
242500,604828
242500,516081
242522,1041660
242541,962058
242541,790113
242550,444168
242575,178872
242575,589611
242575,913012
242648,192150
242648,1167160
242648,262520
242688,1139315
242804,843335
242804,33605
242804,384846
242804,363039
242804,683124
242804,709953
242804,719312
242809,232750
242809,1062222
242810,1155260
242813,940079
242813,771979
24282,471738
24282,883546
24282,837181
24282,765457
24282,472948
242829,159676
24284,249875
242897,559943
242897,1044597
242897,848909
242951,1155399
242951,611201
243052,777884
243054,801013
243054,710200
243054,554382
243054,290017
243054,490610
243054,648981
243054,877088
243054,386827
243054,219599
243054,222972
243054,168402
243054,610095
243054,841105
243081,906050
243092,296711
243117,1036828
243117,1033388
243117,727982
243117,490151
243117,217937
243117,682914
24312,474975
24312,742065
24312,760039
243124,49101
243124,290017
243124,386870
243124,294531
243150,386468
243207,946007
243207,34356
243207,81076
243265,226462
243265,501560
243267,1161161
243304,595123
243304,954262
243304,526205
243358,913598
243358,196474
243358,364813
243358,261204
243358,760377
243453,54158
243582,1148407
243582,426294
243692,957691
243692,1130276
243692,522354
24370,807591
24370,263600
24370,666741
24370,1118988
24370,1012113
24370,1053620
24370,175536
243781,510435
243781,1066350
243781,1020009
243781,943876
243781,875887
243781,110752
243781,1033265
243781,102093
243781,1005262
243781,1094217
243781,1088876
243781,229690
243781,221724
243781,1073965
243781,989492
244062,892536
244062,110409
244141,772497
244141,780219
244175,938481
244175,208771
244175,692448
244175,554382
244197,1090196
244203,1151548
244226,812288
244226,1091338
244226,577452
244226,56335
244226,127830
244226,1167051
244226,550645
244319,351219
244331,976522
244390,43312
244466,526871
244466,1034375
244466,309920
244466,559943
244469,205318
244479,803861
244492,402623
244492,1106911
244492,666922
244492,729287
244492,83973
244492,573558
244492,1132522
244533,1046977
244533,906141
244533,43847
244533,800585
244533,693306
244533,364266
244533,1042380
24459,736648
24459,868822
24459,368882
24459,1125194
24459,334293
244624,73943
244624,429185
244648,483843
244648,1083848
244648,288553
244648,22107
244648,857956
244648,238254
244648,145568
244648,232685
244648,992323
244648,1161107
244648,588390
244648,1046977
244648,748696
244655,290017
244655,456002
244655,13751
244655,945575
244655,386870
244655,1113582
244709,691101
244709,635511
244709,63696
244709,674861
244709,515512
244709,491150
244709,90209
244709,1100614
244716,389144
244716,1064004
244716,981691
244744,72462
244744,119542
244851,1077656
24490,252887
244934,1077107
244934,675170
244934,301363
244934,33605
244934,83537
244934,110802
244934,795667
244934,908127
244934,576215
244934,319606
244934,142910
24497,1071636
24497,743387
244996,108832
244996,147406
244996,381056
244996,698859
245086,316449
245110,253525
245110,124930
245110,757243
245110,1080672
245110,909605
245110,706435
245110,375313
245110,551683
245110,362102
245261,300396
245261,514023
245261,1073209
245326,433139
245326,578841
245326,781217
245326,456593
24539,981590
24539,948146
24539,77413
245440,68985
245440,1096278
245440,907370
245440,197692
245467,1087305
245467,10143
245467,781773
245467,1019680
245467,547869
245470,1072436
24550,378441
24550,1032459
24550,454248
245557,312408
245557,989690
245557,919530
245619,386827
245619,1062222
245619,94816
245622,812947
245622,332756
245713,604828
245713,797356
245713,617794
245716,420921
24572,41180
24572,166901
24572,855007
245751,878853
245751,762041
245757,540822
245775,332756
245775,594753
245775,1141492
245793,33225
245793,415333
245793,380040
245864,196474
245864,919625
245864,830433
245864,744650
245864,435670
245909,369941
245909,837367
24591,962058
24591,484797
246006,596641
24613,441637
24613,550295
24613,332140
24613,1049865
246159,843335
246211,458523
24628,484397
24628,1092333
24628,976522
24628,430817
246283,173814
246283,315607
246291,386827
246369,441067
246369,818831
246370,519813
246370,833782
246370,647703
246370,82497
246370,1016571
246370,101711
246370,879246
246370,852717
246370,58922
246370,604828
246370,359520
246370,943967
246370,76700
246370,1135014
246370,1111786
246458,853945
246458,27781
246458,938599
246458,202327
246458,782613
246465,890005
246465,312468
246465,654673
24648,980741
24648,554382
24648,290017
24648,216223
24648,771352
246498,1011282
246498,646481
246498,1008920
246498,295586
246498,186911
246498,524374
246498,641157
246498,777217
246498,514497
246514,141106
246514,841591
246514,35500
246544,87090
246544,152337
246551,145908
246551,96152
246551,971195
246551,10957
246551,715109
246551,1092490
246580,1148036
246580,317849
246582,775108
246582,968227
246646,967364
246646,332872
246646,438771
246692,289894
246692,112292
246692,77920
246692,711046
246692,914229
246724,704618
246724,36337
24676,901636
24676,13751
24676,1062222
24676,420274
24676,676028
24676,862159
246778,376670
246792,827193
246792,715789
24680,248028
246819,383644
246819,27626
246819,901643
246819,758230
246819,798878
246819,282334
246819,23705
246819,448539
246819,741424
246819,1057259
246819,774131
246819,664355
246819,955614
246819,535728
246819,306473
246819,597001
246819,131424
246841,48599
246848,239452
246900,386175
246900,78071
246900,808124
246900,431855
246900,793241
246900,242496
246900,1066055
246900,647961
246946,847352
246946,658012
246979,167320
246996,558946
246996,680981
246996,207509
247005,314477
247005,367028
247137,204360
247137,769775
247137,882262
247137,470330
247137,631807
247137,903317
247137,967426
247137,230430
247137,165023
247137,784003
247137,494156
247137,434832
247162,889860
247162,860965
247162,386402
247162,479150
247162,90040
247162,671272
247162,386870
247172,639364
247172,1090020
247205,605588
247205,344775
247205,427401
247205,843335
247205,646481
247205,1088150
247259,596578
247261,302926
247261,377012
247261,610856
247261,704519
247261,170416
247261,992527
247261,506361
247261,420683
247261,860965
247261,976522
247261,611921
247261,256876
24731,386776
24731,452231
24731,627133
247415,4306
247423,656839
247427,233321
247459,273472
247495,1019441
247495,441261
247511,4179
247511,479851
247511,1001727
247511,46545
247511,693963
247527,266809
247527,527606
247541,718837
247556,163473
247556,687676
247556,1135429
247682,554382
24773,934882
24773,1163986
24773,616321
247793,386605
247793,102093
247793,805649
247868,33605
247868,720095
247868,843335
247868,197433
247868,459845
247868,640296
247868,52774
247868,970626
247868,1094415
247871,772795
247871,762374
247871,640628
247871,484797
247871,300814
247912,554382
247945,1123040
247945,251551
247988,734157
248,995971
248,760449
248,1165025
248,699706
248017,508640
248017,1129819
248017,214065
248017,983019
248028,24680
248028,827139
248028,7715
248028,909388
248028,1096703
248028,957702
248028,1007491
248028,242001
248028,856861
248028,194888
248053,353259
248061,386402
248061,260549
248061,762374
248061,965040
248109,468430
248109,726782
248109,413522
248109,639783
248109,1108792
248109,189150
248109,687614
248109,14123
248109,740362
248109,181339
248130,1135613
248170,300396
248170,1025260
248170,44978
248170,257890
248170,922899
248170,894761
248170,304843
248170,95099
248170,533848
248226,1112044
248247,21650
248247,792762
24826,739864
24826,1069675
24826,1115682
248322,295614
248322,957702
248322,843132
248322,907570
248322,993236
248322,982139
248322,265217
248322,334255
248322,766404
248322,224973
248322,686122
248322,1115254
248322,558259
248322,257336
248325,81474
248325,772881
248325,861103
248325,133249
248325,899545
248346,369192
248359,1106977
248359,693296
248365,453340
248395,595515
248395,1161075
248405,557486
248405,197619
248437,496416
248437,206310
248437,812341
248475,194046
248475,609215
248475,702613
248475,377994
248475,965954
248481,6893
248481,778267
248481,956188
248481,341556
248481,370006
248481,374664
248481,693057
248481,1103349
248481,554382
248481,559943
248481,479851
248481,744649
248481,566412
248481,843335
248481,371586
248481,197433
248541,723183
2486,279245
2486,461785
2486,760377
2486,667756
2486,501398
2486,1069934
248605,1133106
248605,1066078
248674,193191
248674,187537
24872,843335
24872,549182
24872,554382
24872,792590
24872,33605
248734,786492
248758,265549
248767,950866
248767,1105417
248809,415280
248809,792762
248809,592674
248878,764084
248878,953654
248878,426769
248878,707479
248878,19392
248878,743387
248878,268607
248878,148120
248878,1031099
248878,1081769
248878,186397
248896,40968
248896,1085509
248896,1139962
248896,168402
248896,779477
248896,184462
248896,449173
248896,850315
248896,545341
248896,889860
248896,204814
248896,84250
248896,577982
248896,729255
248912,836633
248912,136208
248912,195463
248912,398186
248912,873498
248912,675888
248912,309335
248912,708285
248912,80066
248912,626106
248912,393629
248912,330120
248912,406592
248912,1132821
248912,1091660
248912,1033173
248912,771352
248920,565159
248920,1121275
248920,263455
24895,671256
24895,249473
24895,169407
24895,122338
24895,1022859
24895,483081
24895,1141653
24895,892691
24895,1011854
24895,842752
248989,851833
248989,151823
248989,750187
248989,6425
248989,677743
248989,435725
248989,67970
248989,357737
248989,219402
248989,616049
248989,300651
248989,631807
248989,9696
248989,409470
248989,404351
248989,1069760
248989,825097
249016,977119
249045,54158
249091,404548
249091,904051
249091,492127
249091,1011121
249091,519406
249091,584500
24918,350710
24918,88674
24918,354545
24918,2061
249196,292260
249196,294007
249196,445221
249238,257166
249238,337442
249259,1154891
249259,772795
249259,376483
249259,416950
249259,647671
249259,983019
249259,457880
249259,870765
249259,896381
249259,526871
249259,1082418
249291,237540
249291,296451
249291,549722
249291,334177
249291,868324
249291,76053
249344,511056
249344,607876
249344,506439
249344,979001
249344,610418
249344,485161
249344,870438
249344,479851
249351,669506
249351,404228
249427,1040078
249427,305498
249427,775108
249427,677142
249431,229696
249460,656343
249460,277693
249462,854885
249473,24895
249473,105256
249474,687614
249474,468430
249474,639783
249474,726782
249474,685233
249474,740362
249474,1108792
249509,237540
249509,1087257
249509,1114274
249529,761787
249529,357059
249529,605516
249544,926410
249544,1100346
249544,208108
249582,685545
249582,1162755
249582,877541
249582,1077191
249582,17664
249582,18669
249582,36260
249582,614291
249590,82723
249590,668368
249590,993625
249658,843335
249658,549182
249665,1154697
249665,123053
249665,486723
249665,647202
249665,137237
249665,806449
249665,390052
249665,656343
249665,37817
249724,258126
249724,475904
249724,706435
249724,1080006
249724,622772
249724,196254
249724,477393
249724,375313
249739,1104990
249739,1042069
249739,647627
249739,169093
249739,573292
249797,8850
249797,570393
249797,679971
249797,840096
249797,316685
249797,425084
249797,1163139
249875,24284
249955,679966
249980,223780
250076,1065193
250118,1089583
250118,185546
250118,30444
250118,78262
250159,559943
250159,683124
250195,771352
250195,149632
250195,554382
250195,843335
250195,877141
250197,886010
250197,392321
250197,204249
250197,255561
250197,596578
250197,718393
250197,168402
250197,162055
250223,83795
250223,72997
250223,596863
250223,662199
250223,114881
250223,724636
250223,690253
250223,1072492
250223,639125
250223,38519
250223,853945
250223,102093
250223,681254
250223,1063922
250223,158911
250223,1101540
250223,193419
250233,373360
250233,917962
250233,22104
250310,1072492
250372,687813
250396,781852
250449,134670
250449,726961
250449,321679
250474,280112
250490,651613
250490,604828
250500,361215
250519,827580
250553,667544
250559,878858
250559,701313
250559,159229
250559,661652
250559,1043449
250559,938824
250559,730928
250559,798963
250559,328230
250559,195858
250559,505529
250559,602716
250559,627406
250559,616323
250559,292561
250601,890259
250601,788388
250601,604788
250601,460573
250601,394399
250601,1107911
250601,658625
250622,246458
250622,1030613
250622,166799
25065,955960
250652,1139973
250652,777670
250652,899578
250746,45810
250746,167847
250746,361215
250746,1097797
250746,730405
250746,853657
250793,315001
250793,549569
25080,1082884
25080,376281
25080,951155
250816,306117
250816,958164
250832,938599
250845,759792
250879,846413
250879,549728
250879,338407
250879,458637
250879,441033
250879,1143293
250881,386827
250881,383743
250881,1144557
250881,73844
250881,94816
250881,1096557
250881,610095
250925,795689
250925,1124555
250925,71015
250925,250925
250939,940784
250961,370671
25102,1018413
251027,717569
251027,1119347
251027,379200
251027,251027
251027,1005176
251027,137518
25103,70248
25103,558946
25103,1035441
25103,1044476
251053,667173
251053,383834
251111,1124489
251111,1033388
251207,633963
25127,94175
251329,64531
251329,370671
251329,961604
251342,538978
251342,145189
251342,842911
251342,852485
251342,1135613
251342,853194
251354,958903
251383,78506
251429,578701
251429,288214
251429,168402
251429,302051
251429,251429
251429,297186
251429,197447
251429,559943
251444,604828
25152,727093
251539,36337
251550,581657
251550,43914
251550,887392
251551,592405
251551,247945
251551,438549
251598,730046
251627,573012
251627,454350
251682,720785
251682,437721
251682,488720
251728,837199
251728,932581
251728,734157
251728,108563
251728,1138960
251729,222160
251729,1053432
251729,792227
251729,1023461
251729,738951
251768,6375
251768,1117793
251793,660162
251793,988915
251793,941507
251793,282895
251793,907499
251793,554962
251859,443301
251901,963932
251901,800239
251901,374795
251912,901914
251916,189789
251916,240350
251930,290017
251941,477933
251946,282636
251954,548476
251954,904505
251958,873983
251969,832724
252007,187181
252007,680610
252059,188010
252059,1130928
252059,99938
252160,832724
252160,32674
252160,9600
252208,989638
252208,1008920
252297,1031721
252297,1053400
252297,372200
252299,271544
252299,523152
252299,721174
252299,531413
252299,786492
252414,159049
252494,334619
252494,474138
252494,465281
252494,1051264
252494,597014
252495,335610
252495,989424
252495,865901
252495,909439
252573,892110
252573,145940
252573,774218
252588,73155
252588,832724
252614,1073209
252614,300299
252614,514023
252614,749465
252614,33131
252641,742134
252641,266487
252641,617912
252652,1136077
252652,214953
252653,485598
252653,618440
252702,500110
252751,114218
252764,1032729
252855,36337
252855,1040038
252855,1057259
252855,953579
252855,433139
25296,958881
25296,1162170
25296,98997
253022,743943
253022,81474
253023,948096
253071,840687
253071,1089707
253071,528177
253090,1103055
253090,397476
253157,213663
253157,203921
253157,193419
2533,342785
253300,70351
253300,852717
253300,1043680
253300,76700
253300,1046437
253300,912999
253356,22385
253356,1139368
253414,510928
253414,554382
253433,48684
253433,1105937
253433,1048851
253433,387307
253433,734829
253433,615074
253433,513405
253433,815460
253433,676077
253433,646600
253433,386776
253433,127049
253433,386827
253433,554382
253433,494315
253478,423096
253478,350188
253478,705953
253520,170091
253574,767425
253574,853945
253630,1066571
253630,837302
253630,73691
253630,808094
253630,868734
253630,693875
253630,414819
253636,509543
253636,539261
253636,224067
253637,455042
253637,151989
253637,501814
253637,330506
253637,630757
253675,448896
253725,975890
253725,865010
253885,886073
253885,307871
253885,853
253885,842843
253885,303887
253885,772795
253891,554382
253891,435964
253891,355200
253891,430633
253891,559943
253891,662015
253891,204645
253891,823245
253923,449339
253923,597363
253923,479851
253923,818458
253923,524770
254028,127945
254048,1073209
254048,816689
254048,232685
254048,65271
254048,22107
254048,696652
254048,186277
254048,857956
254048,483843
254048,244533
254048,94971
254048,796839
254048,958697
254048,511457
254048,309198
254048,168402
254048,887528
254048,800585
254048,87598
254048,43847
254048,320969
254048,458633
254048,577982
254048,298100
254048,364266
254048,276307
254048,358912
254048,1029358
254048,514023
254055,23622
254055,1103415
254063,617851
254063,845354
254063,65095
254063,1113599
254063,1087846
254063,1162850
254120,314834
254125,929170
254125,508746
254171,567692
254232,276770
254245,847845
254245,907003
254245,333056
254251,1126894
254251,1038526
254251,181582
254251,300193
254255,1090577
254271,361488
254281,311995
254281,1000446
254291,756599
254291,957930
254291,292954
254291,676772
254291,865938
254291,439556
254291,534746
254291,815697
254337,1075180
254354,1000371
254354,1091651
254354,812339
254358,666995
254358,556429
254358,975441
254559,1091554
254569,905564
254569,1028015
254569,486735
254569,880963
254569,342127
254569,334720
254569,770791
254580,103484
254580,614279
254580,355770
254580,57052
254609,986209
254609,772611
254609,1053820
254616,346282
254616,1139166
254655,597847
25466,1167032
254687,13422
254874,843335
254874,109815
254874,1162750
254874,312710
254874,585930
254874,683124
2549,1149283
2549,604828
254977,904262
254992,385439
254992,718393
254992,1099189
255014,986975
255014,834278
255014,567412
255014,1001960
255014,89022
255014,508454
255014,776550
255014,559943
255014,613994
255014,637101
255032,1157882
255032,1092786
255032,9600
255065,153474
255167,594545
255167,1026546
255167,872348
255171,601309
255171,43312
255182,255920
255182,930278
255189,277432
255189,914690
255189,103685
255189,1054225
255189,719758
255189,1073128
255189,276770
255189,498258
255189,269842
255189,225663
255242,634253
255242,981590
255249,193419
255280,149010
255280,41887
255294,350424
255294,513004
255294,173459
255294,879711
255294,353353
255294,1089176
255294,1152019
255294,994705
255294,130125
255294,1583
255294,638049
255294,457721
255294,998703
255299,1041133
255324,786492
255324,479167
255324,447410
255324,604828
255369,290017
255369,386870
255404,554382
255404,862414
255404,641157
255404,997700
255502,545843
255502,959092
255502,770188
255503,715046
255503,584381
255503,1068685
255505,556920
255505,488194
255505,361334
25551,428133
255561,318514
255561,783948
255561,250197
255561,392321
255561,137483
255561,501160
255561,718393
255561,677291
255561,802084
255561,777670
255561,336941
255561,596578
255561,78761
255561,833443
255566,330115
255593,458609
255593,703922
255593,804943
255593,575444
255593,1009264
255629,97288
255647,330549
255697,175177
255697,828212
255697,423563
255749,821055
2558,599642
255827,1036880
255861,431305
255882,27781
255882,679966
255882,721174
255882,540055
255882,271544
255882,909959
255882,1005176
255908,528177
255908,130966
255908,534088
255908,721174
255908,517553
255908,27781
255908,1089707
255908,882186
255908,964502
255920,760377
255920,279245
255920,667756
25593,879690
255940,193169
255940,579118
255955,229690
255955,1094217
255955,749482
255955,834087
255955,428196
256016,455852
256016,284115
256052,353259
256117,1138839
256120,207385
256120,478825
256120,554382
256189,1089176
256193,435435
256201,429108
256201,468109
256201,357059
256201,1082884
256201,1031538
256201,201605
256201,627406
256201,526871
256201,522869
256201,890259
256201,88405
256201,579475
256218,1092100
256218,655450
256218,942802
256218,981849
256218,271282
256218,408346
256218,10608
256234,369192
256239,559943
256239,12352
256259,513172
256264,389968
256264,828029
256313,448817
256314,96943
256314,1068318
256314,110525
256314,854919
25632,17006
25632,831124
256338,864230
256384,244226
256384,565421
256384,550645
256384,316760
256468,1124516
256468,1126695
256493,426307
256493,262260
256532,1003207
256532,709700
256532,299743
256532,275021
256532,764084
256550,300396
256603,520707
256603,960278
256603,828980
256603,361880
256603,186078
256603,536125
256603,300694
25668,737903
256690,535326
256690,415695
256709,689427
256709,1002452
256709,943208
256709,681375
256709,627206
256709,644137
256709,696450
256714,997590
256714,646195
256714,1103415
256763,256763
256772,626059
256772,130678
256772,189150
256859,45899
256859,738174
256876,857321
256876,843335
256876,370139
256876,610095
256876,1120251
256876,376972
256876,151444
256876,907094
256876,938964
256876,593533
256876,290467
256876,247261
256876,718506
256876,860965
256876,713379
256876,51743
256876,164972
256876,398002
256876,94816
256876,302926
256876,805454
256876,122770
256876,547869
256876,91530
256876,649452
256876,931489
256876,128972
256876,847352
256876,533629
256876,128578
256876,809712
256876,976522
256876,339773
256876,802104
256876,170416
256897,754051
256963,721174
256963,557912
25699,943967
25699,384846
25699,505208
25699,76700
257025,772795
257048,893546
257048,39168
257048,776289
257048,571823
257067,473355
257067,363891
257067,381052
257067,846723
257139,922883
257139,926558
257139,215023
257139,772795
257139,114090
257139,770982
257139,261882
257139,453340
257139,828435
257139,864154
257139,849285
257139,609002
257139,674190
257145,15023
257145,82972
257154,965289
257163,655274
257166,179339
257166,219599
257166,894249
257166,497866
257166,233166
257166,321824
257166,677808
257166,801013
257166,681725
257166,676250
257244,840138
257244,798239
257244,671965
257276,113407
257276,435435
257296,640994
257296,948774
257303,603785
257336,647141
257336,771352
257336,334255
257336,559943
257336,382679
257336,878788
257336,762374
257336,154392
257336,224973
257336,396988
257336,982139
257336,1126364
257336,998946
257336,394441
257336,501005
257336,1082418
257336,479851
257336,191866
257336,381502
257336,155861
257336,920612
257336,46545
257336,827580
257336,800619
257358,1123835
257392,847226
257392,553260
257392,782337
257392,596985
257392,660669
257423,501160
257423,1077960
257423,144765
257444,195994
257444,394969
257444,4306
257444,1105396
257454,490965
257454,421454
257454,239083
257667,911321
257765,723480
257765,57245
257765,36337
257765,43636
257768,1006804
257768,394969
257768,534170
257768,26827
257768,665384
257768,4306
257770,1103415
257770,136676
257770,958375
257770,157708
257770,1123428
257786,117797
257890,687676
257890,187487
257890,640058
257890,300396
257890,852485
257890,226250
257890,139955
257890,994176
257890,967284
257890,786492
257917,1150316
257917,27781
257920,527501
257920,32955
257920,21100
257933,279047
257933,119440
257933,413901
257952,671272
257952,642205
257952,497636
257952,1166930
257952,386402
257986,290017
257986,1161613
257990,293344
257990,361488
257990,337952
257990,393417
257990,524116
257990,254271
257990,936086
257990,464028
257990,430883
257990,843103
257990,1044531
257990,1042107
257990,730233
257990,82157
257990,198579
257990,780467
257999,501160
258045,983007
25808,42643
25808,489573
25808,25808
25808,752908
25808,211965
25808,592792
258098,911960
258126,249724
258208,227521
258208,1149506
258208,1112044
258247,953278
258247,70406
258247,606894
258247,219003
258247,536096
258247,634126
258247,995042
258287,628248
258367,1113599
258367,550982
258367,722512
258367,94820
258375,762374
258450,257139
258549,1015727
258634,736211
258634,25103
258665,258665
258665,385194
258683,1141266
258683,488805
258683,313549
258741,980492
258781,7525
258781,319226
258854,509434
258856,231020
258856,898828
258856,176027
258856,7859
258939,1163139
258939,8850
258939,840096
259,609002
259022,996176
259042,1005176
259042,19984
259042,1032782
259042,531413
259042,549232
259042,74771
259042,977933
259042,222620
259042,952366
259042,1097340
259042,169673
259042,819555
259075,466782
259081,16668
259117,622772
259117,1161753
259215,140831
259215,876662
259220,820806
259220,197619
259237,113550
259237,734204
259237,622017
259237,772795
259237,416950
259237,81556
259237,31701
259237,690960
259237,342912
259237,1042625
259237,107835
259237,1024709
259237,682796
259237,1052398
259237,1083427
259291,760904
259291,531413
259291,799864
259291,1107045
259406,589105
25952,1088924
25952,642205
25952,963944
259541,628651
259589,87822
259589,656776
259589,368348
259598,451798
259598,1129978
259598,612871
259599,976464
259612,553254
259612,60242
259612,526308
259612,106012
259634,568536
259649,1011703
259732,781852
259822,310392
259822,884732
259822,785852
259852,189789
259852,685743
259852,334720
259852,38377
259852,240350
259852,81699
25992,967077
259998,789241
259998,452201
259998,92029
259998,19392
259998,579481
259998,528177
259998,275021
259998,15869
259998,764084
259998,1006403
259998,945260
259998,390993
259998,743387
260035,71357
26005,631906
26005,223161
26005,770030
260057,954289
260095,295612
260095,1085162
260095,1021320
260095,459868
260109,821248
260109,438758
260177,734157
26018,131529
26018,1158216
260188,590974
260194,1080041
260194,281542
260239,531022
260239,139597
260279,485528
260279,1131841
260279,6647
260279,179594
260333,651486
260333,775386
260333,695003
260333,552411
260333,479851
260342,1015929
260343,687828
260343,1043611
260344,846932
260430,414488
260430,354449
260430,3436
260430,148825
260430,356784
260430,314918
260430,959220
260444,573558
260444,520870
260444,128890
260450,975890
260450,292306
260450,766948
260534,836265
260534,579601
260534,511985
260534,309936
260534,974221
260534,1032459
260549,558946
260549,70248
260605,1092355
260605,718393
260607,93692
260607,747377
260664,790082
260664,871176
26072,173452
26072,683158
260732,212257
260758,976956
260758,852485
260758,919136
260758,842911
260760,94584
260760,838367
260760,923156
26078,479851
26078,339379
260804,1092874
260804,700361
26082,581464
260846,1149283
260846,517553
260855,399778
260879,300353
260956,532100
260971,21886
260971,207552
260976,926410
260976,977186
260976,991105
260986,452057
261046,522354
261055,715113
261055,641065
261055,531413
261127,339728
261157,458523
261190,1091080
261203,660162
26122,107732
26122,920706
26122,262260
26122,480445
26122,561690
26122,129860
261221,137719
261222,503695
26124,520929
26124,532260
261344,90622
261344,740304
261344,442399
261344,214042
261344,449068
261344,1075020
261444,667934
261523,786492
261523,498233
261523,81474
261523,1148324
26154,853432
26154,635173
26154,898768
26154,415015
26154,527889
26154,421430
26154,650903
26154,292793
26154,755509
26154,822207
26154,42645
261717,1116258
261717,583371
261768,389345
261768,559943
261768,735498
261882,437721
261882,890927
261882,962058
261882,453340
261882,864154
261949,161622
261962,558867
261962,666547
261962,976522
261962,114983
261987,76275
261987,485528
262042,519068
262042,464580
262042,367440
262042,862641
262042,122123
262042,451766
262042,446030
262179,551683
262179,544207
262179,588523
262179,1080006
262179,752162
262231,654071
262231,549169
262231,341100
262240,1513
262259,52774
262259,110402
262259,451981
262260,54972
262260,435435
262260,649443
262260,320752
262260,77173
262260,627406
262260,234406
262260,763711
262260,546145
262260,480445
262260,198527
262260,905533
262277,478031
262277,1118769
262277,1082418
262520,764238
262520,238396
262520,1064798
262520,242648
262570,33605
262570,94816
262570,448817
262570,843335
262570,910723
26261,631701
26261,685290
262634,329407
262634,536493
262634,339879
262640,334492
262640,1033813
262708,817487
262708,498258
262753,826283
262753,408346
262753,942802
262753,981849
262753,735770
262807,946425
262807,56816
262850,1091949
262850,93585
262850,241452
262869,560086
26288,1021132
262906,528270
262906,648159
262906,966501
262906,486093
262906,843335
263015,852443
263131,1066481
263149,651010
263180,967927
263180,1081474
263180,830747
263180,699706
263180,42645
263180,988002
263180,853432
263180,635173
263335,1013688
263335,218551
263335,69859
263357,952825
263357,435747
263357,843335
263357,1109480
263357,911960
263357,546145
263357,875193
263357,856739
263393,1102807
263393,695910
263428,167847
263455,248920
263455,565159
263455,734157
263455,1121275
263455,159049
263455,398186
263487,1082418
263521,1139962
263521,449173
263521,621712
263600,807591
263609,1110916
263609,5020
263761,536600
263761,377442
263761,1095311
263761,549787
263773,69748
263773,681313
263908,54277
26392,294226
263931,236734
263931,103032
263937,505507
263937,338575
263980,968782
263980,183509
264023,468064
264023,88405
264036,699331
264036,973453
264036,667274
264036,434832
264138,563811
264138,548923
264138,169194
264148,1113410
264148,172039
264148,685545
264148,784812
264148,877230
264175,558946
264175,65670
264175,1149506
264175,356798
264175,42679
264175,812341
264175,311883
264175,610800
264175,1085162
264299,321386
264320,1153703
264320,149052
264320,824667
264320,962058
264320,989767
264320,420476
264320,136231
264341,981778
264341,1095093
264341,1115460
264341,571882
264341,340803
264424,484797
264424,15493
264424,142701
264456,885691
264456,211622
26446,1113539
26446,239083
264462,549259
264476,207880
264476,946090
264596,1079730
264596,402010
264596,600304
264616,560561
264617,992792
264639,383197
264639,953778
264639,196773
264738,944185
264738,489925
264738,782337
264738,57052
264738,909147
264774,747479
264804,1120982
264804,943967
264804,581110
264840,806515
264840,596158
264840,746984
264840,317082
264840,849987
264863,877658
264863,709941
264863,301252
264863,450085
264863,359727
264863,591479
264863,305676
264863,481504
264918,602716
264942,1060562
264942,924426
264942,855633
265002,1130236
265002,540822
265002,2299
265002,481976
265070,304843
265070,694960
265070,923805
265070,604828
265077,983019
265077,655234
265121,655234
265121,543996
265126,417000
265126,60981
265126,724636
265126,852035
265126,780219
265126,1034754
265126,250223
265126,606982
265126,497552
265126,68181
265126,853945
265126,415991
265129,129752
265136,803946
265136,1082884
265136,979
265136,554382
265136,464580
265217,46545
265217,843132
265217,334100
265217,257336
265217,191866
265217,848547
265217,457223
265217,310311
265217,494825
265314,222814
265327,370139
265327,232088
265327,1118769
265327,557331
265329,302306
265329,499308
265330,408102
265330,874745
265330,233515
265380,553465
265380,480733
265380,843335
265380,784729
265380,169673
265493,1129256
265500,474020
265522,610418
265522,479851
265522,386827
265522,93169
265522,392555
265522,630486
265522,987753
26554,550295
265549,728831
265549,12643
265549,1017491
265549,248758
265549,399720
265549,70253
265549,1017710
265555,429742
265555,1068613
265555,750072
265592,16974
265592,388925
265592,592045
265592,156030
265592,307529
265592,998698
265592,762346
265592,1118311
265592,1133334
265596,113876
265607,772795
265689,1089176
265695,699266
265695,711046
265699,992792
265699,840445
265728,96375
265728,566369
265741,604959
265741,887984
265741,1094415
265741,554382
265741,771352
265741,593352
265741,318385
265741,1073449
265741,743344
265741,519406
265759,681330
265759,29460
265761,1070556
265813,823032
265821,954254
265821,295734
265821,447987
265821,1157880
265821,266194
265942,683340
265942,2855
265942,54278
265942,1116579
265951,526047
266032,285802
266032,914590
266032,426231
266101,883300
266101,318911
266101,601430
266101,1163864
266101,747987
266194,230253
266194,549182
266194,295734
266194,829854
266194,1032052
266194,126739
266194,386776
266194,314834
266205,386605
266205,781852
26622,780408
26622,879006
26622,865938
26622,439556
26622,292954
26622,212887
266226,906007
266226,292528
266226,1013881
266226,977080
266286,1583
266286,353353
266349,1085535
266349,137518
266349,1005176
266349,957997
266349,617496
266349,532914
266349,77544
266349,771352
266349,1119789
266383,610418
266424,576284
266424,55174
266424,742933
266424,677279
266424,711046
266424,684362
266487,938959
266487,742134
266487,252641
266487,856271
266519,207199
266534,490771
266534,863047
266534,647233
266534,932581
266567,560794
266567,354988
266603,120228
266603,566369
266603,965848
266641,32006
266656,121715
266656,128578
266656,398002
266711,827193
266711,591479
266711,105720
266809,461192
266809,247527
266809,437949
266809,63047
266904,145687
266944,168402
266944,241965
266944,397991
266965,681002
266965,594974
266965,118733
266965,312408
267074,1154809
267074,240350
267074,189789
267077,226250
267077,681536
267123,622772
267123,797886
267204,466422
267204,438774
267204,170749
267204,31826
267210,732809
267210,216345
267227,642205
267227,1036860
267227,376972
267378,845919
267378,80710
267386,1013294
267386,152886
267386,376170
267386,4070
26740,777670
26740,554382
26740,900537
26740,1125612
26740,1109577
267436,765343
267436,1107554
267436,445503
267586,920968
267586,711842
267586,455803
267599,727645
267599,408736
267599,685362
267599,1125159
267601,409956
267655,121339
267711,631327
267746,559943
267748,199094
267790,271544
267790,1062222
267790,904753
267790,463075
267790,523152
267790,679966
267809,804943
267809,1101284
267831,712770
267831,734204
267831,1109134
267831,381595
267846,333297
267846,89540
267846,795325
267899,1099053
267899,796246
267899,120227
267899,191891
267913,657869
267913,650215
267913,736004
267913,1063405
267913,673308
267913,1005262
267913,12172
267913,554382
267916,628933
267916,995581
267916,565514
268046,95099
268059,312710
268059,884911
268059,118189
268059,435435
26806,909572
268099,1124555
268099,658012
268099,498126
268099,706320
268099,900955
268099,651361
268099,269842
268237,647627
268237,847371
268237,1104990
268237,852140
268237,462168
268263,220237
26827,640202
26827,1151548
26827,1098344
26827,394969
26827,257444
26827,794662
268305,327823
268305,61852
268345,1024580
268345,754461
268357,964613
268357,184777
268357,681263
268357,558135
268357,277635
268357,549314
268368,827193
268368,457928
268502,1033075
268502,408102
268502,1036860
268504,792867
268504,8739
268507,6893
268507,680777
268523,609193
268548,1031538
268559,150263
268559,1104070
268559,784642
268559,768987
268559,600304
268559,1076920
26859,242648
26859,1016236
26859,909773
26859,129857
268602,725080
268602,711136
268607,257890
268607,773356
268607,743387
268607,248878
268608,332756
268667,1116886
268669,167847
268669,797800
268669,89966
268669,853657
268691,1037616
268691,1125612
268691,1119347
268691,53108
268691,877288
268693,268693
268693,884911
268693,569145
268693,526154
2687,550221
2687,852140
2687,520971
268739,586641
268739,561107
268742,386827
268745,33605
268745,771352
268745,1062222
268800,466422
268800,170749
268800,438774
268800,530107
268800,87919
268814,447837
268829,691498
268829,535956
268829,89540
268856,413901
268856,1107022
268856,89972
268856,875887
268856,31093
268856,402010
268856,138871
268856,749482
268856,828029
268856,629819
268856,1005262
268856,1106460
268894,1157376
268910,968898
268914,853945
268914,210330
268914,1016026
268914,467065
268914,169407
268914,204249
268914,757831
268914,1073209
268914,993795
268914,114983
268914,901467
268914,885102
268914,916990
268914,1062222
268914,582463
268914,1057929
268914,596578
268914,906050
268914,282410
268914,219568
268914,690627
268914,240776
268914,1011854
268914,224526
268914,955332
268914,42645
268914,488395
268914,702864
268914,13463
268914,602398
268914,958697
268914,1033261
268914,911615
268914,777533
268914,386402
268914,402521
268914,953579
268914,739274
268914,96375
268914,346300
268914,657376
268914,168402
268914,211622
268914,482420
268914,712726
268914,842752
268914,936806
268914,306031
268914,1155636
268914,759765
268914,1090020
268914,236864
268914,783672
268914,187827
268914,278792
269011,68633
269011,397991
269035,554382
269035,984199
269035,465608
269063,916996
269072,649258
269072,643201
269095,832060
269095,1142663
269143,914229
269147,998226
269175,1113736
269175,501005
269175,848547
269175,324367
269175,1122424
269175,310311
269175,230347
269175,49252
269175,46545
269216,736329
269216,666382
269218,363095
269234,737418
269234,892691
269254,393383
269254,818696
269254,423563
269280,956584
269280,193419
269280,550645
269280,206310
269321,336234
269321,601231
269338,1018105
269338,17664
269338,424541
269338,667275
269338,122588
269345,399114
269345,142823
269345,732149
269345,750636
269373,151444
269373,577778
269378,464580
269378,1122800
269378,153838
269407,762041
269410,479851
269410,428080
269410,1050126
269410,456002
269410,889817
269410,380040
26957,577244
26957,90297
269591,290017
269626,28521
269629,269976
269629,614292
269661,392020
269661,16668
269661,831708
269661,544162
269661,1117936
269769,231874
269769,882022
269769,448473
269780,665594
269780,206644
269780,987981
26979,935972
269790,747405
269790,486763
269790,132544
269790,592674
269830,366776
269830,1210
269831,634636
269831,138789
269842,975890
269842,277432
269842,317061
269842,268099
269842,847352
269842,665908
269842,438888
269901,33605
269901,268742
269901,186911
269901,216691
269901,337486
269901,479851
269919,1131051
269923,938824
269923,1001786
269923,677447
269923,58537
269923,1134942
269923,54278
26994,157504
269949,1102437
269949,859498
269949,659964
269976,438390
269976,475676
269976,269629
269976,699270
269976,1114039
269991,435333
270047,1017710
270047,881321
270047,816568
270047,300252
270047,70253
27005,27781
27005,853945
27005,417000
27005,1140036
270173,199272
270173,176819
270173,1080395
270173,333056
270173,713654
270173,209534
270173,181339
270173,760449
270173,626059
270187,168402
270187,529253
270187,277693
270187,1073209
270202,848418
270202,547208
270202,113374
270202,503774
270202,526184
270213,96375
270249,565499
270249,679966
270249,1210
270272,147679
270272,683194
270432,778190
270432,16024
270432,1035142
270486,807158
270486,349156
270519,274989
270519,328771
270571,721442
270607,795869
270670,71704
270678,183
270721,594743
270721,1091960
270749,102079
270749,101010
270749,524866
270749,994176
270749,538276
270832,312408
270832,736544
270832,1047904
27085,1042639
270989,187537
271002,274980
271025,1120250
271097,153534
271097,502238
271122,666074
271130,991198
271140,154018
271140,729601
271194,437562
271268,105720
271268,836795
271268,522612
271268,1106687
271270,946956
271270,494412
271282,408346
271282,262753
271282,256218
271282,471350
271282,629009
271282,127714
271282,826283
271282,660442
271333,47089
271333,660767
271333,905198
271348,271348
271353,592792
271353,276770
271353,221284
271420,571691
271425,310386
271425,296715
271466,920430
271503,348840
271503,614041
271503,402659
271544,534088
271544,27781
271544,587304
271544,438076
271544,206379
271544,945635
271544,517553
271544,679966
271544,346473
271544,1089707
271544,403918
271544,479851
271544,966698
271544,32683
271544,721174
271544,528177
271544,363513
271544,267790
271544,523152
271544,1062222
271563,1153435
271563,628624
271587,700358
271587,960616
271587,526871
271587,983019
271587,1075482
271587,450290
271587,37216
271613,110409
271613,1095560
271625,575857
27168,22681
271711,250939
271737,456593
271737,762153
271737,151444
271740,414823
271740,319666
271740,771352
271740,517786
271740,166794
271790,532260
271816,695290
271863,93154
271870,50256
271870,924784
271870,559943
271870,89022
271870,554382
271870,232630
271870,204645
271870,1081159
271901,353565
271901,1000709
271924,491391
271924,113496
271924,1017699
271924,441033
27193,1043389
27193,494468
271991,235233
271991,1098126
271991,53138
271991,976956
272,657376
272,206155
272093,899374
272093,114090
272144,559943
272181,406842
272181,153828
272181,1073209
272214,418844
272252,497866
272326,564685
272326,912985
272326,377273
272326,1112044
272326,724767
272326,1152999
272326,40968
272326,299809
272326,386402
272326,1021132
272326,501407
272330,397486
272330,993650
272330,1053820
272330,685545
272330,524244
272330,1095233
272330,1150452
272330,207010
272330,433139
272330,214894
272346,413542
272398,195000
272398,154018
272398,729601
272398,497976
272398,295611
272398,122265
272398,568257
272398,271140
272398,769303
272398,880963
272398,554538
272398,170627
272421,877658
272421,363688
272421,436940
272421,543524
272421,1068019
272421,1103415
272452,782613
272452,938599
272501,934916
272501,328082
272539,903389
272566,465043
27258,671272
272609,8850
272613,331927
272613,236178
272698,1151015
27271,1055695
27271,27626
27271,58737
27271,299660
27271,1110911
27271,382996
27271,228676
27271,246819
27271,360551
27271,72265
27271,667900
27271,23705
27271,199094
27271,955614
272868,1102943
272868,806589
272891,1087424
272891,1039414
272891,942551
272891,34758
272897,1097087
273064,1160952
273067,1137367
273067,238460
273067,488926
273133,1040521
273133,1082418
273133,736905
273133,1118769
273133,1008167
273178,459868
273178,903110
273178,295612
273182,1075432
273358,35500
273358,907737
273358,866621
273358,1004862
273358,599895
273358,793397
273363,348490
273363,759667
273363,275783
273363,1043388
273363,538891
273384,239083
273384,125337
273384,771352
273384,955467
273384,418742
273384,236864
273472,341556
273472,554382
273472,284274
273472,479851
273472,318450
273472,775268
273472,734142
273472,665157
273472,415333
273472,197813
273472,559943
273472,604959
273513,596863
273513,250223
273592,909280
27362,702383
27362,1035138
273620,683661
273620,567178
273620,1153205
273671,847881
273700,196185
273700,116389
273700,1009116
273811,660669
273811,307852
273811,21120
273811,782337
273811,575202
27384,469127
27384,565374
27384,820516
273864,1033388
273864,1146349
273916,197559
273947,881520
273976,130966
274126,186911
274128,226250
274128,372424
274128,122757
274166,133484
274166,482665
274166,978105
274288,765775
274288,94728
274288,1150316
274288,946654
274288,358569
274290,528177
274290,255908
274290,345240
274290,882186
274290,1089707
274290,1136241
274290,870866
274290,517553
274290,592390
274290,479167
274290,54269
274374,416989
274374,665303
274374,522474
274459,309920
274539,68441
274550,1065145
274559,1064616
274559,386870
274649,1103415
274649,827193
274677,441024
274677,992202
274719,832824
274719,345240
274752,473036
274919,241651
274919,281268
274919,393065
274944,827193
274944,1103415
274948,74875
274948,176027
274948,231020
274952,309198
274952,353565
274952,800585
274952,577982
274952,241487
274979,29009
274979,639555
274979,870556
274980,554382
274980,271002
274980,386827
274980,682684
274980,476719
274989,404351
274989,591901
274989,452050
274989,401819
274989,60154
274989,1091651
274989,1093781
274989,640765
274989,359892
274989,338575
274989,1067631
274989,864406
274989,943092
274989,58737
274989,847352
274989,33605
274989,151444
274989,370139
274989,4635
274989,475271
274989,948898
274989,220239
274989,976522
274989,955614
274989,1072048
274989,479851
274989,801013
274989,1057259
274989,612553
274989,549259
274989,1010090
274989,131424
274989,993530
274989,433139
274989,208816
274989,639555
274989,360551
274989,461797
274989,49174
274989,199094
274989,421148
274989,1047719
274989,530107
274989,512746
274989,901643
274989,928605
274989,1056172
274989,873427
274989,299660
274989,1143796
274989,581120
275008,204645
275021,15869
275021,764084
275021,1003207
275021,256532
275047,109858
275047,623145
275058,207199
275161,1094415
275161,444420
275161,1039218
275161,28265
275170,1079012
275170,1106731
275179,631899
275179,721532
275236,1065446
275236,260109
275239,772881
275243,671272
275243,68633
275433,756676
2755,604828
2755,479851
275632,207552
275632,427997
275634,95099
275634,826323
275634,539533
275648,893546
275648,42645
275648,275648
275648,457151
275648,293900
275773,488194
275773,70067
275773,170091
275783,348490
275783,759667
275783,210195
275783,856296
275783,1043388
275783,1114153
275783,538891
275818,540624
275898,110402
275987,262520
276052,968925
276052,461439
276066,1073209
276072,729601
276072,58329
276072,610366
276072,554538
276072,880963
27620,111005
276212,388933
276212,485717
276212,1004388
27626,27271
27626,1056172
27626,131424
27626,667900
276307,113541
276307,317167
276307,958697
276307,394969
276307,794662
276307,1151548
276307,870765
276307,168402
276361,686954
276361,1145305
276406,914005
276406,886608
276408,189789
276408,342127
27648,885102
27648,168402
27648,953579
27648,204249
2765,683473
2765,228041
2765,668368
2765,122588
2765,402424
276527,421891
276601,735630
276601,423125
276632,5327
276632,976235
276632,751996
276734,685541
276770,271353
276770,336637
276770,658012
276770,498258
276770,719758
276770,307494
276770,752908
276770,549259
276770,535793
276770,516144
276770,861207
276770,453075
276770,317061
276770,33102
276782,247172
276782,1090020
276790,332683
276803,806515
276803,883923
276805,856739
276805,300353
276805,97719
276805,567178
276805,424459
276805,546145
276805,893539
276805,884911
276805,1165542
276880,744815
276880,309790
276909,251329
276909,475271
276909,175369
276909,64531
276909,824685
276909,941536
276909,82475
277023,450137
277023,797356
277023,852717
277023,157605
277103,196474
277211,693828
277216,338575
277216,468221
277216,381511
277216,1040078
277216,543563
277216,548748
277216,775108
277216,742391
277216,717692
277216,31937
277216,114791
27732,1098344
27732,394969
27732,1151548
27732,965260
27732,322266
27732,155017
277432,853651
277432,809963
277432,65216
277432,852242
277432,360740
277432,1021380
277432,1163563
277432,1140975
277432,978540
277432,897168
277432,847352
277432,438888
277432,766948
277432,996008
277432,658012
277432,744117
277432,554382
277432,223264
277432,498258
277432,912414
277432,437949
277432,69319
277432,958978
277432,468840
277432,975890
277432,719758
277469,628248
277469,1126364
277469,104500
277469,411550
277503,560085
277503,1160526
277503,922769
277575,1101137
277575,195765
277575,1037254
277575,872176
277575,520631
277619,757243
277619,116404
277635,184777
277635,549314
277635,681263
277635,268357
277635,558135
277635,964613
277653,558140
277673,1123174
277673,857739
277673,227628
277673,1051270
277673,116617
277673,87844
277693,529253
277693,671272
277693,656343
277693,1040038
277693,151252
277693,1081639
277693,386402
277710,265329
277801,554382
27781,13751
27781,321767
27781,1089707
27781,339892
27781,721174
27781,976112
27781,238460
27781,517553
27781,1117007
27781,466412
27781,941138
27781,537343
27781,206726
27781,604828
27781,679966
27781,107362
27781,651613
27781,130966
27781,852717
27781,230202
27781,679191
27781,528177
27781,166453
27781,693828
277810,631061
277810,743224
277810,623970
277836,419608
277844,397957
277844,449246
277930,567050
277933,69055
277933,89144
277933,669533
277933,325867
277933,804585
277959,289048
277959,767953
277959,215716
277965,818010
278053,705811
278053,860965
278053,762374
278067,768368
27807,922816
27807,821960
27807,151444
27807,257890
27807,1026121
27807,274989
27807,689047
2781,909773
2781,111014
2781,489754
278130,930780
278154,185546
27819,624728
27819,598076
27819,325867
27819,155861
27819,89144
27819,53329
27819,463422
27819,550952
27819,73236
278234,1090020
278234,284436
278289,1032052
278295,577937
278295,922341
278297,68985
278323,80354
278323,191219
278323,1132682
278323,110802
278323,908127
278323,675170
278323,795667
278323,1003504
278323,989739
278465,526871
278465,444000
278465,369192
278492,577701
278538,375680
278542,138207
278564,1099053
278696,232824
278696,1143926
278792,1073209
278792,168402
278792,853945
278792,210330
278792,386402
278792,236864
278795,107589
278795,1109175
278795,173431
278795,643215
278795,6037
278795,942408
278795,641306
278806,376483
278806,762374
278806,797594
278806,772795
278806,1052034
278806,56973
278806,894658
278806,22381
278806,949680
278806,206385
278806,306253
278806,394069
278917,353272
278917,1099274
278917,435344
278917,899834
278917,735497
278917,843335
278952,73943
279025,771352
279047,257933
279069,1062222
279069,192602
279069,945575
279069,49252
279069,386870
279069,997700
279069,709953
279069,777217
279069,386827
279069,402834
279139,256120
279139,634355
279187,709541
279193,544162
279193,1117936
279216,608311
279216,216691
279216,554382
279216,94816
279216,803946
279245,461785
279245,930278
279245,375821
279245,11756
279245,962265
279245,230789
279245,505675
279245,747479
279245,1080967
279245,296892
279245,2486
279245,518674
279245,950826
279245,715205
279245,501398
279245,59958
279245,1012331
279245,1021781
279245,255182
279245,643183
279245,424457
279245,843335
279245,760377
279245,909726
279245,680349
279245,792910
279245,542285
279245,681405
279245,517774
279245,503479
279245,1052388
279245,667756
279245,344494
279245,399894
279245,255920
279245,956262
279260,362815
279260,984199
279338,69319
279349,762533
279349,136208
279375,957654
279424,489021
279424,727093
279424,624483
279496,1118769
279496,1152493
279496,1008167
279496,1117898
279496,918154
279496,378727
279496,796343
279496,1041215
279496,806867
279496,223484
279496,894679
279525,487992
279525,295464
279569,375335
279569,181257
279569,468933
279569,808076
279569,723141
279569,769552
279569,1059881
279569,550041
279569,446346
279569,469743
279569,103280
279569,779417
279628,1012876
279651,186393
279651,547869
279651,487341
279651,31943
279651,614662
279651,1003331
279651,10143
279651,461517
279651,1019680
279651,674510
279651,610856
279671,94816
279671,479851
279671,512149
279682,285891
279721,36337
279742,281583
279856,658994
279856,60412
279856,479167
279856,323476
279856,894761
279859,870155
279859,236864
279864,620581
279864,146753
279864,565507
279864,849397
279864,772371
279882,8850
279882,1163139
27994,234399
27994,106566
27994,570011
27994,503290
27994,175429
27994,1068318
27994,96943
279942,300738
279942,125699
27999,202831
280004,1114375
280004,172223
280004,873983
280043,1052065
280084,1003859
280112,116055
280138,335005
280138,822732
280174,920997
280174,559943
280174,271870
28019,650218
28019,82657
28019,40273
280192,924784
280192,692333
280192,14879
28026,608514
28026,84542
28026,1079219
28026,813220
280307,6176
280344,926410
280344,967612
280346,512411
280401,924649
280403,554538
280429,528508
280429,175106
280429,657341
280429,898903
280429,663284
280429,539161
280429,88405
280429,47185
280437,294124
280499,1151093
280499,710683
280499,614242
280525,628654
280525,1056172
280525,774131
280525,30582
280525,468221
280525,504700
280544,765775
280544,946654
280544,1150316
280544,94728
280544,358569
280620,1002482
280620,871368
280620,843335
280620,695004
280620,1042601
280620,740485
280679,317803
280679,1121064
280679,649643
280685,818211
280698,1118769
280698,155440
280698,145183
280698,1082418
280698,568894
280698,967739
280813,101137
280813,741732
280828,679966
280856,107759
280856,669653
280856,747522
280873,938599
280896,1066043
280918,122876
280951,243054
280951,751996
280951,669176
280951,657355
280959,1001960
280959,280959
280959,924784
280959,106588
280959,957835
280959,271870
280959,384182
280959,488045
280959,312408
280959,920997
280959,308676
280959,905719
280959,232630
281050,483361
281124,828143
281124,1032459
281124,770206
281147,957719
281147,1115072
281147,320083
28115,168402
28115,721455
28115,953579
28115,525327
28115,522630
28115,1073209
28115,1057806
28115,664022
281162,1006213
281162,680859
281268,274919
281300,772316
281300,1100346
281300,72536
281300,35267
281300,111302
281300,547404
281300,223261
281300,755833
281300,176386
281300,11801
281300,903825
281300,113998
281300,585218
281300,967612
281300,118859
281300,130751
281300,333270
281300,1027995
281312,451830
281329,551566
281332,242196
281332,747047
281332,834055
281332,1067046
281360,843335
281360,903347
281360,1094415
281360,302051
281360,559943
281360,848909
281360,204645
281360,867215
281360,1038526
281360,386776
281360,129878
281360,281360
281369,651613
281369,604828
281386,1123771
28139,451766
28139,1095311
28139,514533
281449,694027
28149,492716
28149,706108
28149,804954
28149,1027039
28149,771352
28149,604710
28149,15935
28149,695091
28149,720081
28149,480611
28149,1005176
28149,76718
28149,949941
28149,756717
28149,1032782
28149,554382
28149,890753
28149,856638
281498,974221
281498,957275
281498,504309
281498,883026
281498,564600
281542,297139
281542,470652
281542,260194
281583,676788
281583,851509
281583,279742
281591,174863
282029,1094456
282062,145724
282062,1005342
282062,859940
282062,426658
282062,524374
282062,436306
282062,34776
282062,610456
282062,312408
28207,1048482
28207,1063405
28207,193419
28207,657869
282089,847352
282089,488163
282108,830984
282108,211819
282190,28521
282194,1112044
282243,461303
282243,457928
282247,472764
282286,285882
282286,1161559
282286,739272
282286,469838
282288,1128802
282339,736011
282339,498051
282361,653610
282361,239083
282403,58329
282403,880963
282403,109740
282403,554538
282410,382996
282410,482420
282410,430241
282410,228676
282410,1041774
282410,689012
282410,520191
282410,119081
282410,1026121
282410,337771
282410,1056294
282410,299660
282410,955332
282410,72265
282410,386402
282410,1067647
282410,185225
282410,442324
282410,236864
282410,169407
282410,1073209
282410,143435
282410,268914
282410,773158
282410,456436
282410,168402
282410,962419
282410,1078730
282410,58737
282414,186473
282414,755371
282414,480841
282414,459822
282414,619896
282414,476171
282414,738189
282454,1113409
282454,523915
282454,444231
282455,652221
282455,579108
282481,21416
282481,502238
282551,790522
282551,758230
282551,640021
282575,94527
282575,1076530
282636,524434
28265,824610
28265,771352
28265,948096
28265,94816
28265,1033388
28265,1039218
28265,610418
28265,354267
28265,11931
28265,202510
28265,1093682
28265,340032
28265,386503
28265,1096557
28265,192602
28265,559943
28265,1050871
28265,1047183
28265,1094415
28265,479851
28265,275161
28265,444420
282682,1063410
282682,1114657
282682,83288
282682,1038971
282731,918149
282731,1024349
282731,851651
282749,363039
282749,242804
282749,554382
282749,33605
282749,843335
282863,27781
282863,887528
282863,958697
282865,707783
282877,216120
282883,1052450
282883,768368
282883,172223
282893,697260
282893,355277
282893,111490
282893,782073
282895,660162
282895,1147776
282895,1102629
282895,907499
282907,67935
28305,1156120
283205,1149219
283231,813759
283264,370671
283264,82475
283270,845354
283270,175044
283270,550982
283270,71567
283291,417117
283291,898903
283291,135688
283291,114090
283291,1095560
283291,899374
283317,782337
283317,942033
283317,566452
283320,920968
283320,616556
283320,202169
283320,93853
283345,1107554
283345,765343
283345,555335
283394,932581
283394,734157
283417,617912
283497,824685
283539,967739
283542,390052
283542,1066043
283542,529253
283542,40968
283542,786322
283542,944818
283542,277693
283542,90040
283542,204814
283542,545341
283542,577982
283542,1038004
283542,656343
283542,57526
283542,1078598
283575,85346
283575,374050
283575,995875
283575,286375
283575,240776
283575,801134
283637,1145018
283637,406447
283637,60323
283637,1071514
283637,898449
283664,1134524
283714,502168
283714,1046702
283714,352600
28379,60494
283826,981849
283826,408346
283826,370281
283863,837199
283878,1126223
283878,283878
28397,89972
283999,81474
284009,578421
284009,831179
284045,481568
284095,718634
284095,294489
284095,193419
284095,90821
284115,455852
284115,388102
284115,256016
284152,433139
284152,1131189
284152,913867
284152,777670
284152,577778
284161,492448
284161,761787
284161,357059
284161,488336
284193,352251
284193,835913
284210,1094973
284210,937438
284231,1118769
284270,361215
284270,11713
284270,474020
284273,727700
284273,577293
284273,883392
284273,551298
284274,273472
284274,318450
284286,133249
284295,389395
284295,81474
284295,29460
284295,16881
284295,171658
284295,360229
284295,772881
284295,731896
284295,527729
284295,7203
284295,95099
284295,339892
284300,174567
284300,175501
284300,1089493
284300,603246
284300,489681
284312,872041
284412,292824
284412,796480
284436,278234
284436,1039627
284528,96691
284528,812341
284528,453102
284528,843335
284528,206310
284549,62246
284577,1033006
284577,89447
284577,577601
284673,204645
284673,22206
284673,302051
284673,386827
284673,1158559
284673,554382
284673,116577
284707,103280
284735,989424
284735,1130903
28474,301270
28474,325480
28474,903155
284787,911823
284787,494043
284787,596863
284787,875802
284787,899687
284787,791911
284845,1002351
284845,235320
284845,386061
284845,774218
284845,500110
284845,684406
284845,1031945
284858,1083323
284867,881648
284873,787798
284893,683124
284893,202510
284893,407398
284895,519406
284997,1165523
284997,1149283
28508,1099854
28508,827580
285146,320337
285148,737973
285148,65572
285148,125978
285185,58241
285185,465160
285185,688275
285185,101352
285185,498451
285205,904606
285205,163473
28521,282190
28521,531856
28521,789911
28521,534224
28521,638924
28521,239339
28521,13555
28521,269626
28521,1013623
28521,796832
28521,895412
28521,948279
28521,843335
285257,291516
285257,734142
285257,738334
285257,52283
285257,453183
285324,280620
285343,848588
285403,294226
285403,908417
285466,22190
285466,900049
285498,554382
285498,559943
2855,63114
2855,123788
2855,301214
2855,421098
2855,391644
285678,699070
285678,332756
285689,1098154
285689,240350
285720,856092
285720,988080
285720,47185
285720,515699
285720,724118
285720,135688
285720,1095560
285802,140901
285802,266032
285807,124927
285807,733771
285840,527579
285840,897701
285891,843335
285891,404874
285911,457928
285935,1163061
285935,1126894
286002,567754
286024,1048927
286024,587582
286049,573558
286055,1052613
286057,551778
286057,29460
286116,773743
286166,1160109
286222,907556
286222,83288
286222,282682
286222,1038971
286222,1114657
286239,978039
286239,38902
286282,871457
286282,868602
286282,707804
286282,473355
286282,846723
286282,793537
286379,766856
286379,305374
286393,1117365
28644,712642
286528,188309
286528,207552
286528,103646
286552,591124
286569,960278
286569,109013
286569,483432
286569,574900
286647,760096
286656,69748
286656,314477
286663,1002537
286678,984199
286678,626653
286712,949884
286712,1111891
286712,500149
286765,32952
286767,569337
286771,74771
286771,617496
286771,290017
286771,386870
286808,738268
28684,120228
28684,853945
286842,645175
286855,1082418
286855,1118769
286913,155203
286917,747831
286917,725277
286917,186277
286968,185765
287004,805659
287071,591556
287071,945526
287071,643923
287071,143168
287071,774592
287071,90786
287071,35797
287097,997962
287106,600381
287106,180088
287106,1119546
287161,733963
287161,41864
287161,433139
287217,626338
287217,1143293
287217,5245
287217,37604
287217,126545
287217,813080
287217,458637
287217,1073209
287217,228676
287217,606670
287217,64054
287217,1023100
287217,1066674
287234,635071
287234,1005604
287234,1005176
287243,492312
287243,391575
287243,943191
287243,1013579
287243,735075
287243,384560
287243,878859
287262,380617
287262,501339
287262,312817
287262,684406
287267,293529
287267,174808
287338,341040
287425,48072
287425,340659
287486,991478
287486,904505
287495,903347
287495,346342
287495,737774
287495,996789
287495,302051
287495,1152539
287505,25296
287505,822501
287505,98997
28755,1101945
28755,435964
28755,512600
28755,683124
28755,803946
28755,554382
287610,179085
287611,203029
287611,656343
287611,468404
287611,911960
287611,372371
28762,374215
28762,181964
28762,999599
287638,830747
287643,565355
287643,1050656
287662,531413
28771,365175
287721,111112
287721,980497
287721,312817
2878,668503
2878,334460
2878,554382
2878,436197
2878,1118769
2878,1013688
2878,478031
287858,1131966
287858,845992
287877,821356
287877,181913
287877,703689
287886,527606
287894,119355
287938,963941
287938,759595
287938,425909
287938,1053604
287938,1079759
287938,59627
287953,305498
287953,90982
287953,475271
287986,693828
288097,1056810
288097,1055625
28810,127945
288126,2256
288161,875213
288161,236976
28817,932581
28817,847881
28817,53623
28817,57052
28817,576575
28817,734157
28817,1033173
288214,302051
288214,251429
288214,1157495
288214,876021
288214,559943
288214,370006
288214,374664
288214,1158559
288226,386827
288230,773800
288230,64617
288230,905564
288230,727729
288230,240350
288237,803721
2884,983019
288451,911945
288465,526871
288486,773668
288486,1161613
288637,476155
288637,633963
288675,17010
288740,574392
288761,789386
288772,707536
288772,843335
288782,517553
288782,1089707
288782,528177
28883,807779
28883,215289
28883,916996
28883,1094396
288914,116837
288914,1126364
288914,1126948
288914,1151482
288914,413397
288914,734032
288914,983795
288920,204907
288920,515806
288920,352877
288920,1109960
288920,232641
288925,812341
288932,1000506
28901,800049
289039,657341
289039,1083825
289039,697260
289039,1028762
289039,848588
289039,772795
289039,565374
289039,1118769
289039,647671
289039,983019
289039,1083782
289039,501149
289039,1052398
289039,109269
289048,84489
289048,111690
289048,497552
289048,767953
289145,167637
289145,1004862
289145,599895
28931,691977
28931,431337
289322,345476
289322,1079660
289322,488234
289335,216691
289335,805092
289335,605516
289335,478977
289335,492448
289335,357059
289341,448388
289354,1117389
289368,415332
289368,631061
289423,903454
289423,546145
289482,68479
289613,448646
289613,495766
289641,633404
289641,1109520
289641,462344
289641,343256
289641,1060585
289641,13096
289641,996254
289641,238181
289708,884911
289708,435435
289708,1137130
289725,822188
289725,757243
289894,112292
289894,77920
289894,1028134
289894,485598
289953,489337
289953,1075168
289953,858714
289953,661345
289983,880963
289983,808637
289983,886536
289983,430209
289983,151075
289983,342127
289983,189789
289983,334720
289983,486735
289983,32354
289983,240350
289983,739367
289983,890880
289983,516000
290017,671272
290017,945575
290017,548192
290017,74771
290017,15691
290017,795667
290017,685541
290017,402834
290017,604828
290017,1144557
290017,558946
290017,688578
290017,346296
290017,375447
290017,903347
290017,937442
290017,679966
290017,407003
290017,1072492
290017,959092
290017,531413
290017,1027552
290017,901787
290017,860965
290017,859498
290017,386827
290017,1161613
290017,1089707
290017,792590
290017,617496
290017,34019
290017,13751
290017,162806
290017,386870
290017,244655
290017,528177
290017,239083
290017,479851
290017,1148828
290017,777217
290017,1062222
290017,95099
290017,938373
290044,326749
29009,787560
29009,274979
29009,870556
29009,639555
290109,684406
290152,1103415
290207,436355
290211,1053400
290211,983456
29022,101122
290231,771810
290233,910537
290278,386402
290296,750187
290296,323992
290296,9696
290368,937930
290368,830747
290368,691221
290368,460354
290525,858073
290525,468404
290525,984023
290525,390052
290525,110268
290532,302306
290565,967739
290565,43200
29060,985854
29060,207385
29060,256120
290614,509793
290634,110268
290634,912853
290662,940079
290662,1006213
290662,221759
290662,612288
290662,453510
290662,914594
290662,521568
290662,668368
290662,1023968
290777,532260
290820,94024
290820,777356
290820,625896
290821,114090
290821,701174
290859,60936
290892,488099
290892,300694
290892,526308
290892,600955
290892,1073449
290892,1027725
290892,553254
290892,137518
290892,612716
290892,777670
290892,386870
290892,381018
290892,87402
290916,1033388
291010,216425
291058,600199
291164,668503
291227,41604
291227,85640
291227,1084314
291227,43666
291227,610289
291227,843335
291232,171128
291232,1102943
291232,399854
291232,1000371
291232,341917
291232,843335
291288,832692
291288,855819
291288,228056
291288,669653
291300,151140
291300,563841
291300,751996
291338,780866
291411,114090
291411,701174
291411,1095560
291411,1096677
291418,899374
291461,256016
291461,455852
291461,580690
291481,554374
291516,532767
291516,285257
291516,168765
291516,990459
291594,499568
291614,227972
291614,919967
291614,571882
291614,1101851
291614,547238
291614,1131607
291629,710618
291629,1093380
291629,638509
291670,197559
291670,114983
291670,87598
291670,110246
291670,833545
291670,1062222
291670,713162
291670,191627
291670,90040
291670,954881
291670,322817
291670,885102
291670,1139962
291670,621712
291671,1021216
291758,268856
291758,613749
291758,600304
291758,368189
291801,512463
291857,708929
291857,729789
291857,633667
291857,824803
291857,671302
291857,990163
291857,563388
291857,782772
291857,794254
291857,734152
291858,739274
291858,268914
291858,163379
291858,1062222
291858,1056172
29187,324604
29187,517553
29187,319080
291909,122862
291909,386402
291909,343876
291909,832051
291909,554944
291909,371862
291909,1046252
291909,42645
291909,40968
291909,492695
291909,902319
291909,496840
291909,988002
291911,745790
291911,895603
291937,490232
291937,484797
291937,210195
291937,701174
291937,570508
291963,827580
291963,553572
291981,615101
291981,114333
291990,681536
291990,295586
292016,60494
292016,265002
292016,874625
292016,1130236
292055,787701
292055,1113736
292055,558259
292059,689047
29208,447238
29208,1066481
29208,762374
29208,103032
29208,178163
29208,510801
29208,904262
29208,278806
29208,846944
29208,1116789
292095,32706
292096,805092
292096,479851
292096,1017186
292096,782337
292096,107828
292096,1149506
292096,1082884
292096,418885
292096,657522
292096,671272
292099,83795
292099,114881
292099,618979
292172,1094247
29223,542175
292294,953579
292306,260450
292306,1153435
292306,656270
292306,975890
292306,160501
292306,658012
292306,391554
292306,711410
292306,336637
292306,408736
292306,897168
292306,438888
292508,1126364
292508,734032
292528,906007
292528,977080
292528,266226
292561,701313
292579,989993
292593,351469
29267,772795
292731,936806
292741,248481
29278,954883
29278,1117850
292793,772981
292793,1066190
292793,26154
292815,1147617
292815,751904
292815,509793
292815,639555
292820,1035012
292824,550645
292824,1040710
292824,945988
292833,538978
292833,1135613
292833,1114807
292833,853194
292849,566262
292954,815697
292954,439556
292954,534746
292954,363698
29297,603354
29297,974478
293016,561567
293016,847352
293016,94584
293016,832195
293016,408477
293110,27781
293142,781605
293144,1023400
29320,868425
29320,1144088
29320,433854
293319,393629
29335,340901
29335,913537
293368,262260
293368,128444
293378,828351
293378,905929
293378,737656
293419,924664
293419,390433
293419,520317
293419,952419
293419,528053
293419,711380
293419,1099558
293419,39699
293472,226477
293472,301004
29349,900981
293528,264738
293529,287267
293551,1001014
293554,22381
293554,1069899
29369,827580
293728,379767
293776,719358
293809,907751
293809,1016571
293809,703919
293809,661156
293809,943967
293809,246370
293809,82497
293863,601309
293871,383063
293871,804989
293900,42645
293900,464526
293900,776289
293900,202223
293900,386402
293900,165647
293900,642205
293901,940703
293937,605247
293976,886340
294001,803171
294001,208771
294001,630486
294017,35750
294116,559943
294124,1062222
294124,277922
294124,280437
294124,1156120
294124,579050
294124,28305
294215,463242
294215,1058287
294215,740301
294215,906668
294215,410843
294215,174924
294215,57197
294226,532516
294226,229178
294226,6677
294226,1027050
294226,404988
294226,285403
294226,964581
294305,581657
294305,527722
29433,735770
29433,1151285
29433,370281
29433,11214
29433,1092100
29433,393870
29433,942802
29433,68093
29433,408346
29433,981849
29437,1060803
294391,1115765
294391,390957
294391,310527
294391,792590
294391,901787
294407,479851
294435,191623
294435,880963
294435,729601
294435,334720
294489,596087
294489,805649
294489,348738
294489,193419
294515,361690
294531,141306
294531,243124
294531,129192
294567,302306
294567,147679
294567,774218
294567,489129
294567,604828
294567,635552
29460,965187
29460,140072
29460,360229
29460,2115
29460,389395
29460,82497
29460,16881
29460,473907
29460,879246
29460,556352
29460,827992
29460,271544
29460,333023
29460,838426
29460,1062222
29460,933420
29460,861103
29460,833444
29460,339892
29460,16353
29460,528177
29460,604828
29460,95099
29460,486628
29460,963063
29460,81474
294684,435193
294684,662015
294724,1095233
294724,1071514
294724,1124707
294724,1145018
294771,666163
2948,316463
2948,1125194
2948,875887
2948,1144115
2948,355827
294918,80490
294918,39756
294918,1039123
29494,314918
29494,687696
29494,514656
29494,376163
29494,710279
29494,550645
294979,369922
295001,1016693
295001,882284
295058,96152
295116,772255
295116,63047
295116,980571
295116,137952
295131,770277
29522,690627
29522,163211
29522,1166930
29522,846723
29522,938599
29528,559943
29528,770331
29528,60494
29528,554382
29528,500149
29530,510928
29530,713560
29530,109013
29530,750472
29530,465316
29530,1138617
29530,983725
29530,744852
29530,843335
29530,654177
29530,116577
29530,94816
29530,30065
29530,1079041
29530,664426
29530,1125612
29530,1002584
29530,771352
29530,900537
29533,602716
29533,58537
29533,46793
29533,614922
29533,760532
29533,1160762
29533,661652
29533,1043449
29533,128317
29533,195858
295337,132899
295337,797779
295337,1031125
295358,387994
295358,1012985
29536,559943
295402,213317
295402,830433
295464,279525
295464,364813
295500,206644
295500,30767
295500,1116795
295500,510313
295500,1150288
295506,1009380
295506,1082418
29553,238892
29553,647885
29553,554382
295567,872017
295567,371270
295578,980025
295578,306076
295578,982139
295586,558946
295586,616208
295586,193583
295586,271544
295586,646481
295586,829822
295611,729601
295611,554538
295612,260095
295612,945347
295612,144181
295612,812341
295612,803946
295612,462336
295612,903110
295612,273178
295612,386776
295612,481976
295614,46545
295614,599604
295614,186966
295614,973080
295614,248322
295623,576915
295623,614653
295623,406950
295623,39191
295623,105337
295623,795464
295682,529253
295734,646059
295734,879579
295734,108875
295734,266194
295734,1062752
295734,233428
295734,716805
295734,407691
295734,313249
295734,626989
295734,227315
295734,829854
295734,616104
295734,623485
295751,1003859
295774,616740
295774,55914
295774,526871
295787,797925
295787,1065126
295787,563662
295787,329191
295787,74721
295787,1061699
295787,599774
295787,375313
295787,1080006
295812,1072048
295812,948898
295971,895844
295971,207165
295987,550384
295987,386870
29599,657122
296001,520236
296001,308053
296001,938599
296001,246458
296001,601132
296001,925576
296001,827506
296033,193063
296109,567622
296109,262260
296109,480445
29622,1163986
296264,593574
296288,76883
296366,706982
296366,337627
296366,332756
296366,840565
296451,249291
296451,237540
296451,884132
296451,334177
296451,754028
296472,668368
296472,380733
296472,17664
296581,560439
296598,302051
296598,33528
296598,231888
296598,540594
296598,575912
296598,71357
296598,204645
296598,1093682
296598,363784
296598,425955
296598,672378
296598,614836
296598,603820
296598,959108
296598,74771
296605,708621
296605,836297
296605,850113
296684,362815
296684,660162
296684,930911
296684,1049115
296711,211965
296711,243092
296715,179085
296715,271425
296715,581110
296715,1120982
296715,85822
296715,651613
296770,167101
296840,871173
296840,302051
296840,705766
296840,594553
296840,843335
296840,658291
296840,695365
296840,559943
296840,554382
296840,605588
296840,485186
296840,646481
296840,848909
296840,95099
296840,683124
296840,550645
296840,1044597
296870,300694
296870,574900
296870,749760
296895,770982
297015,861921
297015,126458
297028,406474
297035,1066078
297035,869413
297035,1133106
297139,281542
297139,148825
297139,959030
297139,421255
297186,640296
297186,247868
297186,1136635
297186,197447
297186,970626
297186,833463
297186,300694
297186,843335
297186,500390
297186,52774
297299,723283
297299,1009134
297441,396
297441,803721
297441,1157376
297441,969232
297441,746614
297441,744929
297441,1080006
297441,69498
297441,361037
297477,416989
297477,909773
297477,343137
297477,274374
297477,995141
297477,522474
297564,192423
297564,486351
297564,849180
297687,565777
297687,1072319
297736,614653
29777,1056719
29777,528177
29777,529672
297772,616323
297782,421430
297782,207552
297801,635151
297801,1108234
297845,238181
297845,869606
297845,593104
297845,179185
297845,382586
297845,1164315
297845,289641
297845,488592
297865,901787
297865,310527
297895,1087134
297895,975660
297918,1130903
297932,42283
297932,746527
297932,550645
297932,1032729
297932,736004
297954,685545
297954,338407
297954,291464
297954,30173
297954,201322
297954,36260
297954,668368
297954,17664
297998,643215
297998,714649
298014,550195
298164,870765
298224,441951
298224,479851
298232,259237
298232,772795
298232,13166
29826,457880
298311,1102943
298320,547858
298336,481422
298336,623170
298336,518518
298336,850830
298373,656904
298373,1062222
298373,1118372
298416,1059194
298416,908275
298416,329033
298463,812341
298463,428463
298463,1145018
298621,933844
298621,559943
298725,846615
298801,567178
298846,1102958
298846,305175
298899,32683
298920,362815
298920,228188
299060,1060562
299060,855633
299060,198280
299060,924426
299061,1138700
299184,808094
299184,868734
299191,1057226
299191,934144
299191,585248
299191,184986
299191,426647
299191,1035142
299308,76020
299308,1107554
299308,34334
299316,885095
299316,168402
299316,777533
299316,953579
299316,729255
299316,916990
299325,460715
299332,629862
299332,770982
299334,158937
299334,802346
299334,240382
299360,1066030
299419,354449
299419,188630
299458,498258
299458,489681
299458,211965
299458,174567
299458,44916
299467,854416
299467,313433
299467,537330
299467,1090020
29948,499003
299531,1125088
299596,928245
299607,1091338
299607,1049559
299659,941719
299660,955614
299660,274989
299660,1117259
299660,58737
299660,667900
299660,729789
299660,49174
299660,804686
299660,901643
299660,382996
299660,514900
299660,741424
299660,1072048
299660,403156
299660,27626
299660,360551
299660,339405
299660,1110911
299660,266912
299660,23705
299660,50378
299660,1055695
299660,27271
299660,798878
299660,32626
299660,246819
299660,199094
299660,563388
299660,1057259
299660,251781
299660,305839
299684,36208
299708,958697
299708,829428
299708,277693
299708,309198
299708,1040038
299708,852742
299719,105874
299719,1153934
299719,413046
299719,1028557
299719,341834
299743,217615
299743,707479
299743,256532
299743,746782
299743,764084
299743,953654
2998,1070076
2998,248989
2998,666163
299809,272326
299809,290017
299831,392739
299831,1090020
299831,990617
299831,827580
299854,151444
299854,679599
299906,1005176
299906,549232
299906,369456
299924,483539
29997,742103
300060,630907
300060,96375
300113,502785
300113,553873
300113,330240
300146,1032136
300146,1004556
300161,637666
300193,172039
300193,254251
300193,263937
300193,363675
300193,334460
300193,505507
300239,607849
300254,453340
300291,745790
300291,895603
300299,64054
300299,458637
300299,868350
300299,1000446
300299,300396
300299,252614
300353,394483
300353,1043280
300353,7345
300353,431075
300353,567178
300353,514841
300353,569145
300353,1166930
300353,1073328
300353,600824
300353,424459
300353,546145
300353,1146824
300353,404818
300353,884911
300365,985502
300376,1044442
300376,67644
300376,262179
300376,1058287
300376,916783
300389,290017
300389,27005
300389,871690
300389,417000
300392,105720
300392,279628
300392,1091340
300392,1103415
300392,554379
300396,547422
300396,380304
300396,500110
300396,226250
300396,1092810
300444,956822
300586,558834
300589,457928
300589,1103415
30065,74771
30065,13751
30065,154452
30065,420918
30065,742053
30065,531537
300651,67970
300651,204360
300651,6425
300651,219402
300651,1078963
300651,1016305
300651,9696
300651,164247
300651,666163
300661,882022
300661,853945
300661,893825
300682,63264
300682,852140
300682,462168
300682,442084
300682,222814
300682,175922
300694,810197
300694,906007
300694,108424
300694,848909
300694,977933
300694,479851
300694,465316
300694,919045
300694,989753
300694,778267
300694,843335
300694,415120
300694,1044597
300694,495562
300694,682253
300694,831042
300694,297186
300694,683124
300694,309322
300694,1086694
300694,354267
300694,559943
300694,1125612
300694,777670
300694,903347
300694,712711
300694,156267
300694,960278
300694,899909
300730,200753
300730,1052865
300738,855858
300738,279942
300759,728354
300759,136203
300759,190691
300792,1024660
300792,1114811
300792,375220
300792,168402
300792,1133682
300792,910476
300814,103032
300838,711046
300838,112292
300838,77920
300838,521245
30086,847352
300938,1126894
300943,559943
300943,992826
300943,1094247
300943,1075509
300943,346342
300978,46574
300978,400675
300978,531413
300978,1115765
300982,734829
300982,1021051
300982,386776
300982,415711
300982,513405
301004,812341
301004,1125088
301004,670516
30101,1077940
301012,459528
301012,384846
301012,651550
301012,651613
301054,1125710
301144,568894
301144,1138355
301144,812341
301176,898717
301176,1034948
301214,2855
301214,514562
301214,583286
301221,190675
301248,1118769
301248,1082418
301252,264863
301252,166491
301252,360933
301274,421185
301301,745790
301301,895603
30131,125337
30131,774218
30131,96375
30132,683858
30132,43326
30132,685315
301363,401264
301363,371586
301363,19984
301363,379200
301363,948768
301363,1125612
301363,600955
301363,452623
301363,1097340
301363,777670
301363,846160
301363,15935
301363,612716
301363,717569
301363,480611
301363,373597
301363,1032782
301363,554382
301363,1005253
301363,635173
301363,512149
301363,1101953
301363,4179
301363,571230
301363,456002
301363,599392
301363,465316
301363,612500
301449,975441
301449,172211
301456,821854
301537,477425
301573,588431
301573,786938
301695,916468
301700,136208
301700,757279
301700,304447
301700,343093
301700,68788
301707,307135
30173,668368
30173,297954
30173,22717
30173,897619
30173,790332
301784,95099
301784,312408
301784,265741
301784,729121
301847,499836
301847,418037
301847,494412
301896,394969
301932,503430
301932,1002351
301932,302306
301942,352034
301981,777239
302051,116577
302051,290017
302051,661652
302051,719204
302051,737774
302051,1062222
302051,559943
302051,423610
302051,281360
302051,514497
302051,314834
302051,853538
302051,792590
302051,956007
302051,843335
302051,705766
302051,824610
302051,796159
302051,120227
302051,202510
302051,963941
302051,425909
302051,723703
302068,207077
302068,1134018
302137,571279
302162,771539
302162,399206
302162,483305
302179,383063
302192,504519
302192,609855
30230,965503
302306,183688
302306,1002351
302306,1153701
302306,500110
302306,113870
302306,869352
302306,774218
302306,681254
30233,800619
30233,796566
30233,520186
30233,767519
30233,257336
302364,134788
302454,982605
302459,1131189
302521,494811
302521,72442
302521,76772
302521,207385
302521,389588
302554,223248
302554,317743
302554,1013708
302562,196411
302562,992792
302663,4306
302699,685541
302857,919999
302857,951584
302926,976522
302926,256876
302926,558867
302926,247261
302926,907094
302926,593533
302926,860965
302965,361455
302965,474218
302965,960189
302990,853945
302990,401238
303001,610701
303010,667295
303010,428996
303010,1163979
303090,616104
303090,97351
303090,836633
303090,320154
303090,716805
303090,227315
303100,437264
30318,370139
30318,983682
30318,847226
303219,652829
303219,919625
303243,633360
303243,123780
303243,357491
303243,882022
303243,96375
303301,236515
303356,966512
303356,29460
303356,898998
303356,942774
303356,963063
303356,339892
303356,360229
303356,95099
303407,1032782
303407,427919
303407,19984
303407,1005604
303514,826283
303514,522474
303544,1113736
303544,64442
303549,604828
303549,651613
303549,866814
303549,771352
303551,884911
303551,497636
303551,445430
303551,637019
303551,775970
303551,34995
303551,97351
303565,599016
303597,213328
303597,560876
303597,659964
303597,859498
303597,542749
303665,337100
303665,902973
303665,579863
303691,601309
303705,485887
303705,1134340
303705,786322
303705,551298
303748,526696
303887,168536
303887,886073
303887,56973
303887,253885
303887,772795
303904,174567
303904,549259
303914,658419
303914,977719
304020,1130221
304135,445697
304135,96375
304135,968962
304135,855007
304135,696348
304240,1125612
304240,893938
304240,381018
304240,989753
304240,465316
304294,726268
304294,790516
304294,771352
304294,19573
304389,932253
304389,490526
30444,250118
30444,48271
30444,712642
30444,791909
304447,1142663
304498,47185
304511,312609
304511,684170
304551,378126
304551,17434
304551,369187
304561,959251
304561,218207
304561,572147
304561,225121
304578,580139
304578,897873
304578,1077960
304578,501160
304683,205574
304714,781852
304762,574741
304762,1089176
304843,248170
304843,317066
304843,265070
304843,604828
304843,852717
304843,459528
304843,647703
304843,627336
304843,509635
304843,775258
304843,943967
304843,246370
304843,409941
304843,651613
304843,879246
304843,693828
304843,257890
304843,384846
304843,393351
304843,636387
304843,1016571
304843,328082
304843,1092957
304852,457316
304881,992792
304924,550861
304958,200583
304958,96375
304958,573444
304958,236864
304976,696820
304989,489195
304989,176819
304989,760449
304992,1151726
305062,588035
305092,375937
305092,844385
305092,1140768
305092,320081
305092,1071629
305175,572545
305175,160410
305213,46793
305213,195858
305257,803079
30531,887056
30531,673470
30531,129309
30531,383098
30531,995042
30531,606894
30531,21971
30531,70406
30531,595951
30531,490873
30531,700661
30531,845074
30531,770589
305374,895401
305374,752332
305374,79091
305374,9696
305374,677812
305374,173709
305374,319015
305374,286379
305374,404486
305374,190691
305374,136203
305374,633612
305374,895691
305374,352481
305374,817022
305374,1164377
305374,775108
305374,395186
305374,310862
305374,77173
305374,365234
305445,595767
305445,82497
305466,675467
305466,1001266
305483,606894
305498,433139
305498,775108
305498,792590
305498,519106
305498,287953
305498,995215
305498,628654
305498,968227
305498,274989
305498,577778
305498,249427
305498,642283
305568,777833
305620,457928
305621,776123
305634,490965
305675,858075
305676,1103415
305676,457928
305676,142760
305743,1082884
305743,1118769
305743,386402
305770,738226
305770,680703
305770,112230
305770,458523
305802,694283
305802,114090
305802,272093
305817,502514
30582,172679
30582,19154
30582,834374
30582,280525
30582,818368
305871,870092
305871,242343
305955,808094
305955,868734
305989,1113478
306031,229089
306031,855817
306031,1052392
306031,916990
306031,848542
306031,168402
306031,890623
306031,905646
306031,712726
306031,764458
306031,114983
306031,187827
306031,991385
306031,204249
306031,936806
306031,621712
306031,1043395
306031,885102
306031,965108
306031,779477
306031,650874
306031,582463
306031,175698
306031,949466
306052,958697
306052,1011676
306052,168556
306052,696652
306052,254048
306057,207385
306057,641483
306057,193073
306076,152367
306076,1040807
306076,147228
306076,295578
306076,341251
306076,377104
306102,1107719
306102,947788
306102,398718
306102,980874
306117,746526
306217,774594
306217,1026740
306253,894658
306253,394069
306253,1028762
306253,470226
306253,647671
306253,772795
306253,56973
306253,1052034
306253,725084
306337,441637
306337,1049865
306363,35750
306453,756616
306465,1077320
306478,305108
306490,845354
306499,929508
306499,950735
306499,334509
306499,698927
306519,787287
306519,1130276
306538,740142
306601,668930
306676,734142
306676,394969
306676,209114
306676,1151548
306676,744917
306931,627822
306931,203284
30698,728301
306981,977565
306999,852140
306999,1104990
307035,207880
307056,675170
307056,529048
307056,576215
307056,989739
307056,1003504
307135,848418
307135,522630
307135,1093914
307140,498224
307140,611140
307193,556309
307207,581896
307283,301700
307494,663220
307523,410842
307523,881648
307529,1133334
307529,764084
307529,388925
307529,1151726
307529,16974
307657,300814
307657,772795
307657,66155
307657,529648
30767,833302
30767,94816
30767,928245
30767,1150288
30767,386827
30767,381525
30767,510313
30767,610095
30767,564605
30767,659769
30767,492673
30767,1116795
30767,1036769
307689,317082
307689,933224
307689,138789
307689,815697
307689,719358
307689,715046
307698,202327
307698,938599
307698,989993
307698,1159376
307725,425771
307725,166997
307847,451496
307852,847226
307852,549569
307871,253885
307902,65271
307902,1033261
307902,1153196
307902,1057806
307902,430088
307969,74800
307977,1103361
307990,299334
307990,827580
307990,158937
30801,977937
308017,1055997
308017,913179
308017,658994
308017,993795
308017,1049711
308017,779477
308017,697371
308026,920968
308026,591139
308026,469736
308026,732364
308026,414315
308026,840828
308053,672896
308053,1033230
308083,223226
308155,519813
308155,304843
308155,1016571
308155,509635
308155,101711
308173,449885
308201,499560
308242,1103415
308242,1043456
308254,1158217
308373,98349
308374,615146
308408,146128
308408,760377
308408,1106103
308408,667756
308408,762374
308439,2256
308439,298232
308447,721308
308447,418807
308447,530639
308447,843335
308447,22845
308447,848909
308447,771352
308447,559943
308447,162823
308532,308532
308544,920885
308544,705766
308544,51194
308592,399514
308592,56528
308664,1122475
308664,785586
308664,1040074
308664,433786
308676,984891
308676,905719
308704,822389
308704,1116789
308737,211965
308737,498258
308737,975890
308737,981143
308757,863639
308757,1161858
308757,846932
308757,204054
308805,107927
308805,899374
308805,760309
308805,88405
308805,175106
308830,539407
308882,361773
308882,37736
308882,55688
308928,1013232
308928,563187
308928,842341
308966,736018
309086,1118769
309086,913067
309086,1082418
309086,657522
309086,898717
309086,179648
309086,279496
309086,131667
309086,472989
309086,221196
309086,1041215
309126,1118769
309181,1088211
309181,1031935
309181,46545
309181,676028
309190,429017
309190,537605
309190,711842
309190,346524
309190,60182
309190,465644
309190,1135257
309190,93853
309198,887528
309198,511457
309198,842752
309198,276307
309198,852742
309198,1011854
309198,386402
309198,958697
309228,322391
309228,762374
309317,1102969
309322,300694
309322,571413
309322,960278
309322,156267
309322,309322
309324,362586
309324,584114
309335,907094
309335,596985
309335,685545
309335,256876
309335,186393
309335,370139
309335,479851
309335,757831
309440,309440
309494,552031
309549,174567
309549,378060
309549,862107
309549,498258
309549,216448
30957,211965
309643,41897
309659,43200
309659,675257
309734,10143
30979,112798
309790,276880
309816,947767
30983,522474
30983,907480
30983,713607
30983,826283
30983,511281
30983,831837
309843,122219
30987,766901
30987,604828
309880,683124
309880,486470
309880,394000
309880,1034602
309880,554382
309884,675810
309884,24190
309884,1010326
309901,170091
309901,361334
309910,12172
309920,121136
309920,160501
309920,702878
309920,274459
309920,559943
309936,504309
309936,945339
309936,974221
309936,165831
309936,554382
309936,668368
309936,211806
309936,490259
309936,401062
309936,837033
309936,594787
309936,704651
309936,836265
309936,843335
309936,1083017
309936,479851
309936,457271
309936,260534
309971,699982
309971,906050
310025,604397
310025,479851
310025,80530
310030,943485
310034,284273
31008,19976
310140,1082884
310143,186290
310143,1131051
310143,353464
310144,1035142
310144,778190
310144,1014704
310144,173670
310147,871337
310147,636255
310147,193764
310147,234399
310147,898684
310169,620471
310184,937274
310184,600381
310295,559943
310311,758366
310311,962251
310311,24676
310311,955921
310311,1083714
310311,97514
310311,396988
310311,248322
310311,793763
310311,334100
310311,872139
310311,673289
310311,257336
310311,982139
310311,207572
310311,676028
310311,464565
310311,230347
31036,1053820
31036,396572
31036,137178
310365,370139
310365,482114
310365,406254
310365,905987
310365,836941
310365,1086395
310365,377442
310365,1120251
310365,484004
310365,189823
310376,181066
310376,6370
310386,725181
310386,448646
310386,528177
310386,271425
310392,10143
310392,51842
310392,213328
310392,24199
310392,668368
310392,54972
310392,626338
310392,785852
310392,129399
310392,402539
310392,213493
310392,846413
310392,622869
310392,1082418
310392,743887
310392,259822
310392,679955
310392,790332
310392,784076
310392,581794
310392,17664
310392,685545
310392,310392
310392,232132
3104,302051
3104,3104
3104,848909
3104,843335
310416,206310
310418,713899
310418,527814
310479,1125710
310482,228676
310482,744551
310497,313323
310527,297865
310527,294391
310527,390957
310527,901787
310527,676427
31056,874745
310569,892226
310569,329407
310572,1049909
310572,688821
310572,808745
310572,461195
310586,76667
310619,820810
310638,334428
310680,76718
310680,415120
310680,972861
310680,843335
310680,73844
310680,479851
310680,717569
310680,831042
310680,595066
310680,300694
310680,108424
310680,379200
310680,1050922
310680,960278
310680,612482
310680,193769
310680,771352
310680,427919
310680,612500
310680,251027
310680,1119347
310680,943564
310680,994962
310680,154452
310680,635071
310680,848377
310680,994370
310680,554382
310680,928150
310680,834845
310680,252993
310680,777670
310680,1125612
310680,359678
310680,516370
310680,819555
310680,723044
310680,495562
310680,386827
310680,531537
310680,290017
310680,1027725
310680,1163786
310680,750472
310714,1046876
310724,982416
310752,373676
310752,1165176
310772,629862
310827,213493
310827,486860
310862,190691
310862,305374
310862,77173
310862,752332
310890,87598
310890,639459
310912,963539
310912,693828
310912,1070167
310912,1160544
31093,1004824
31093,138871
31093,402010
31093,600304
31093,268856
31095,293809
31095,879246
311075,155017
311096,554643
311096,329261
311096,1068325
311096,548923
311096,169194
311096,355420
31121,877141
31121,716357
31123,178163
31123,236734
31123,846944
31123,1021802
311243,1073209
311260,527991
311260,884531
311260,1035671
311260,355827
311349,647671
311349,772795
311349,526871
311349,1161157
311349,983019
311349,422154
311349,510702
311349,1094587
311349,740871
311349,489021
311349,831683
311359,715976
311439,1096557
311439,531413
311439,630486
311439,231888
311439,479851
311439,397585
311439,1026592
311439,386827
311616,1096339
311616,743375
311667,502240
311667,1102706
311694,1139344
311694,803668
311722,197581
311722,168402
311722,204249
311764,21125
311770,581120
311819,206716
311866,315183
311871,1062222
311883,1037849
311886,83995
311886,1105652
311929,277693
311929,911254
311929,22002
311995,372424
311995,126545
311995,60685
311995,481708
311995,626338
311995,1073209
311995,254281
312047,673357
312047,368081
312085,15071
312085,681819
312085,591887
312085,458148
312085,891868
312112,1086582
312112,866814
312142,746984
312142,792590
312142,330828
312142,868352
312142,486093
312187,225136
312187,387306
312187,1050011
312249,246458
31227,906462
312393,554382
312393,399884
312393,609002
312393,1068169
312393,235305
312393,332683
312393,628248
312393,849987
312393,806515
312393,1131607
312393,633963
312399,538926
312399,756264
312408,1011282
312408,271544
312408,245557
312408,518624
312408,1044597
312408,843335
312408,949696
312408,646481
312408,903347
312408,610456
312408,25593
312408,848909
312408,773668
312408,831179
312408,989690
312408,1008920
312436,174682
312468,587102
312468,746984
312498,426647
312498,763389
31251,677089
31251,687614
31251,333056
312517,583822
312517,1027444
312517,878788
312517,525393
312517,685013
312517,949186
312518,916459
312536,60897
312564,380016
312564,233515
312564,92103
312564,762794
312564,197653
312564,198023
312564,410524
312575,1032459
312609,344834
312609,321042
312609,304511
312609,556496
312618,395236
312691,394969
312691,721455
312691,800596
312691,443133
312691,901758
312691,665384
312691,965260
312691,961621
312691,748065
312691,731348
312710,120915
312710,1040926
312710,617186
312710,639427
312710,1073209
312710,168690
312710,109815
312710,884911
312728,118242
312728,28474
312817,1117936
312817,684406
312817,287721
312817,977983
312875,1161009
312896,124013
31290,792722
312914,914594
31292,1148339
312937,151444
312956,581106
312956,607821
312997,100217
313018,92405
313045,879246
313047,386402
313047,683619
313047,658012
313047,65216
313047,975890
313047,224819
313047,549259
313047,408477
313070,725765
313070,530107
313070,136208
313070,994364
313182,543061
313182,114983
313182,393225
313182,27781
313182,911071
313182,779477
313209,1057145
313220,475904
313220,841523
313220,191640
313227,357153
313231,37708
313231,96375
313249,529543
313249,494850
313249,1073209
313249,729601
313249,22234
313249,108875
313323,654673
313323,21416
313323,502238
313323,408403
313323,587102
313323,312468
313323,637501
313323,310497
313346,684191
313437,142668
31345,1139082
31345,339892
313504,93730
313504,551489
313504,470894
313504,183358
313504,266965
313504,1085334
313548,946699
313549,488805
313549,1141266
313549,258683
313615,531413
313615,976522
313615,510856
313615,450397
313615,1092333
313615,1160109
313661,761031
313661,517498
313661,105796
313704,1017095
313704,847947
313704,302051
313704,1135014
313704,559943
313704,490151
313704,295586
313704,22845
313704,824610
313716,622010
313716,781852
313716,727170
313759,57137
313791,991227
313834,14094
313834,1075136
313834,657583
313834,593104
313834,632285
313834,179185
313834,539261
313834,582055
313834,488592
313869,13394
313869,849777
313869,199409
313871,1105385
31393,455139
313953,1157070
313953,716805
313953,1093877
313953,407691
31396,244319
31396,1103415
31396,181599
31399,496167
314159,1107022
314159,807443
314159,332950
314159,875313
314162,394969
314162,1151548
314292,868059
314320,1118769
314320,700653
314344,339808
314427,484278
314427,169407
314427,105004
314427,1073209
314427,406842
314477,69748
314477,386827
314477,712684
314477,367028
314477,247005
314477,286656
314477,76883
314514,167131
314540,588425
31461,319639
31461,494251
314614,632572
314614,658012
314652,1063410
314652,83288
314659,738437
314688,439342
314688,187210
314788,683124
314834,683124
314834,902152
314834,578119
314834,625591
314834,863837
314834,356672
314834,355420
314834,775108
314834,843335
314834,716805
314834,940979
314834,937884
314834,210866
314834,829854
314834,857692
314834,450905
314834,616104
314834,518218
314834,909147
314834,386776
314834,688718
314834,559943
314834,232585
314834,192145
314834,560652
314834,1143912
314834,1034375
314834,238932
314834,803946
314918,130413
314918,882253
314918,260430
314918,148825
314918,29494
314930,1048927
315119,62179
315119,390236
315119,743341
315119,428133
315119,148510
315119,656839
315119,1016866
315119,603354
315119,422650
315119,1018909
315119,1120342
31512,392955
315146,808094
315146,1123970
315146,141109
315167,559943
315167,377449
315167,377940
315183,812947
315183,772371
315183,457153
315183,725349
31520,604828
31520,441195
31520,536203
31520,509635
31520,943967
31520,246370
31520,76700
315233,163533
315233,329191
315233,404351
315257,251793
31534,968770
315440,1003859
315491,981275
315513,615043
315513,539853
315513,901453
315513,447838
315513,858994
315607,907962
315607,903396
315607,173814
315607,186208
315607,643501
315607,1087468
315634,693735
315634,713215
315634,788840
315634,271194
315667,487042
315667,443144
315667,281360
315667,22845
315680,812341
315680,772795
315680,925920
31570,662532
315713,128890
315713,573558
315713,588446
315713,1135897
315713,222691
315725,152478
315725,843335
315725,267375
315801,27781
315935,338407
315935,740109
315966,317142
316068,326397
316068,101121
316070,105130
316070,163396
316070,1110774
316114,891296
316114,329407
316114,378968
316114,536493
316114,87447
316117,1027050
316117,1096278
316196,457928
316196,1012876
316196,1103415
316196,1092194
316323,347112
316323,898449
316323,715110
316323,1120952
316323,185683
316352,705180
316352,843335
316352,686728
316367,711195
316367,363039
316380,837280
316386,943256
316449,143168
316449,762908
316449,1123254
31646,725554
316463,1125194
316463,845845
316463,2948
316463,598719
316463,355827
316463,1091338
316463,856124
316482,1005176
316482,452623
316519,778267
316519,663488
31657,541636
31657,303144
316651,24539
316659,363698
316659,633963
316685,8850
316685,90691
316685,992792
316685,136208
316685,551304
316685,400123
316685,666
316685,1016677
316685,76669
316685,406710
316702,872017
316702,850830
316702,843335
316702,884483
316702,823245
316704,480445
316704,435435
316726,126324
316760,550188
316897,843335
316897,111391
316954,546145
316968,62420
317015,299328
317015,787798
317015,826167
317015,330416
317061,222908
317061,944520
317061,665908
317061,360740
317061,275151
317061,549259
317061,658012
317061,13351
317061,673022
317061,276770
317061,981638
317066,304843
317082,715046
317082,1068169
317082,849987
317082,719358
317082,307689
317142,315966
317142,1064671
317167,394969
317172,1090402
317172,86121
317230,306601
317241,1030728
317343,1111891
317343,439203
317343,576866
317343,141347
317343,970249
317343,870689
317343,133009
317369,961163
317496,317496
317540,223264
31757,522066
31757,601309
317575,10635
317575,1135674
317575,1131379
317595,989894
317595,386776
317595,1123428
317612,845354
317635,917861
317635,576835
317743,752141
317743,167056
317743,1143661
317743,228202
317743,302554
317803,280679
317803,325867
317849,1148036
317849,246580
317908,916996
317908,1063626
317912,388095
317912,935419
317926,674510
317926,10143
317968,554382
317968,33605
317968,479851
318067,295358
318067,387994
318107,522889
318145,231723
318145,880963
318145,103317
318145,334720
31815,1001146
318152,843335
318152,871368
318152,870765
318152,417117
318152,204645
318152,362456
318193,710304
318226,363515
318259,290017
318259,386827
318259,386870
318259,798796
318259,995759
318259,1081560
318259,903347
318259,97838
318259,617496
318259,479851
318259,1096557
31826,136208
31826,480518
31826,267204
31826,393629
31837,704469
318385,265741
318385,843335
31840,632320
31840,907784
318413,216297
318434,1033173
318434,1067626
318434,734157
318434,101647
318434,943849
318435,647703
318435,95099
318435,29460
318435,139520
318435,484941
318435,339892
318450,795529
318450,196005
318450,1029297
318450,399131
318450,273472
318450,197813
318450,559943
318454,1116789
318506,41770
318514,255561
318514,783948
318554,989993
318554,938599
318554,742461
318554,653210
318576,509154
318576,353980
318576,889010
318576,586229
318727,458609
318735,1091080
318735,871370
318735,162356
318744,1122815
318744,11875
318804,78981
318804,155053
318911,266101
318911,446228
318958,555972
318958,919967
318958,145447
318994,454312
318994,332683
318994,494412
319002,756690
319015,305374
319015,571316
319015,77173
319043,499254
319043,468064
319043,175106
319043,114090
319043,484797
319043,47185
319043,899374
319044,688578
319060,1048145
319060,559943
319060,765942
319060,601578
319080,570873
319080,823087
319080,943967
319080,29187
319080,476635
319226,258781
319226,481419
319226,1016615
319237,565374
319237,376483
319237,526871
319237,167110
319237,44901
319256,232792
319256,879246
319256,902585
319345,1021259
319345,500248
319345,783828
319345,615458
319355,206014
319355,740240
319355,928817
31937,341031
31937,151444
319385,774218
319385,852035
319386,45899
31943,823067
31943,461517
319450,67756
319450,687248
319532,775108
31954,642205
319547,778267
319547,378467
319567,969806
319606,709541
319606,239083
319606,326535
319606,519889
319606,675170
319606,244934
319606,795667
319616,519314
319639,1031322
319639,992792
319639,342785
319645,357878
319655,362815
319666,833463
319666,832355
319666,600199
319666,271740
319666,559943
319666,613448
319726,689012
319726,569085
319726,497825
319726,1035842
319726,210330
319845,677090
319845,300252
319845,70253
319845,353259
319845,1017710
319878,972754
319878,549991
319878,355200
319878,302051
319878,1003504
319878,1093995
319878,600199
319878,1167147
319878,477777
319878,1058559
319878,779220
319889,790812
319927,810319
319927,231157
319952,257336
319952,46545
319952,572424
319952,994621
32006,433139
32006,172107
32006,10143
32006,740240
32006,560794
32006,475569
32006,339779
32006,668368
32006,547869
32006,802103
32006,1079660
32006,206014
32006,781814
32006,643923
320063,643912
320063,856824
320065,798878
320081,1081864
320081,742204
320081,1071629
320081,305092
320081,750072
320081,385775
320081,1050371
320081,687258
320122,1104008
320122,941253
320122,632891
320122,1138218
320122,1000115
320122,819518
320154,529543
320154,898618
320154,707937
320154,1023113
320154,1032052
320154,773799
320154,57056
320154,716805
320154,577926
320225,253891
320225,1034375
320225,559943
32032,63508
32032,1082210
32032,907003
32032,726782
32032,777490
32032,81566
32032,547498
32032,668706
320337,285146
320337,1130903
320337,856739
320337,550221
320337,118381
320337,952382
320337,421098
320337,992381
320337,824964
320337,442832
320337,857808
320337,870765
320337,762908
320337,685545
320337,775108
320351,270202
320351,404228
320351,1093914
320351,848418
320351,547208
320351,503774
320360,422950
320360,1110657
320360,192483
320360,1107233
320360,665157
320361,843335
320361,559943
320394,983019
320401,198803
320401,1015853
320401,1009969
320401,975890
320401,658012
320420,1116433
320420,746093
320420,456647
320420,402852
3205,257336
3205,501005
3205,676028
3205,46545
3205,396988
3205,554382
3205,51033
3205,920612
3205,1088211
32050,478648
320523,230347
320539,949696
320539,182408
320539,186911
320539,312408
320579,588778
320579,1075712
320579,454185
320579,846932
320603,152068
320628,554382
320628,1044597
320628,546534
320628,559943
320632,224973
320693,1073341
320693,9241
320727,436940
320727,1103415
320729,176819
320729,564541
320752,649443
320752,961059
320752,942408
320752,1158254
320752,435435
320752,1086583
320752,852140
320752,54972
320752,527501
320752,262260
320752,1089176
320752,449283
320761,1161012
320774,868734
320774,808094
320812,513634
320812,24895
320812,178436
320822,312408
320822,687953
320822,463896
320822,1134946
32083,262260
32083,480445
32083,933330
320856,629952
320989,635003
320989,28521
320989,841370
321014,155405
321014,1061953
321014,1167125
321042,312609
321042,949567
321042,408339
321213,278806
321308,801748
321308,45939
321315,672234
321315,627838
321315,1154346
321315,674768
321315,553738
321315,1102969
321386,843335
321386,264299
321478,244226
321478,355827
321478,577452
321478,550645
3215,193419
321679,250449
321679,513513
321679,1072237
321679,604795
321712,1085753
321712,1102316
321712,452044
321767,1210
321824,679918
321824,864268
321824,219599
321824,323588
321824,497866
321824,118156
321824,210866
321867,724151
321952,154407
321952,1050159
321954,1114375
321954,661803
321974,862159
322043,335856
322057,386870
322057,641382
322057,1062222
322057,223295
322057,558946
322057,744107
322089,743989
322089,87822
322139,764826
322139,480188
322139,455354
322141,574392
32221,1003859
322266,869538
322266,155017
322266,926164
322266,596000
32227,762290
322284,488194
322284,698165
322391,117201
322391,866656
322391,66018
322391,762374
322391,666443
322391,645529
322419,495686
322419,1149506
322419,592674
322419,1079085
322436,1071350
322436,94956
322587,62512
322587,1082884
322591,13166
322591,915923
322591,207430
322603,195765
322603,872176
322604,121136
32264,601309
322709,345720
322718,395392
322751,512746
322788,810609
322788,99704
322788,705766
322788,534505
322798,781814
322804,691221
322804,95099
322804,931681
322804,1138804
322804,619290
322804,830747
322804,484270
322817,90040
322870,889010
322870,81281
322870,970826
322870,224973
322871,284295
32294,162823
323050,393986
323050,1052708
323057,94459
323057,178822
323092,1093167
323140,609002
323140,1073716
323140,830971
323140,378523
323175,1163440
323175,176582
323191,422154
323278,792590
323278,179797
323278,594804
323278,87412
323278,1042601
323278,843335
323278,870765
323431,195858
323476,880443
323476,562176
323476,741195
323512,573292
323512,462168
323512,404383
32354,289983
32354,578242
32354,886536
32354,240350
32354,1112367
32354,334720
32354,122265
323576,1034540
323576,1118645
323588,257166
323588,440259
32361,357153
32361,59543
323611,469848
323611,967479
323611,1072492
323611,608615
323611,1123245
323794,820331
323794,577982
323794,944185
323794,310890
323794,329895
323794,960436
323855,230297
323857,392984
323920,555903
323920,74311
323920,66917
323920,1079377
323920,704469
323920,48944
323920,671395
323945,929186
323945,86003
323980,128972
323980,611921
323980,377012
323980,860965
323985,231020
323985,532622
323985,1105921
323992,9696
323992,742156
324023,236124
324023,810303
324023,1038579
324034,1086923
324034,600470
324047,302857
324047,827289
324071,1024580
324095,599604
324095,971667
324095,994621
324095,224973
324095,859911
324095,920612
324133,56973
324133,267831
324133,773518
324133,1053400
324133,716427
324133,137719
324320,86736
324320,512650
324320,857758
324320,250233
324320,373360
324320,290017
324352,427520
324352,156030
324352,592045
324352,304992
324352,109304
324352,388925
324367,847305
324367,339715
324367,526871
324367,329745
324367,545363
324367,353231
324367,988892
324367,233515
324455,775091
324455,291990
324455,147322
324462,1039044
324462,505086
324525,568350
324525,334720
324525,870497
324525,880963
324525,770791
324525,69177
324535,396575
324535,746178
324604,600955
324604,1000302
324608,1056030
324608,909605
324608,945467
324608,172640
324608,880452
324608,220235
324608,55248
324626,948146
324626,981590
324629,619896
324703,763367
324703,488099
324703,209449
324703,964343
324703,920633
324703,960278
324725,989753
324725,569139
324772,774507
324772,313323
324772,654673
324779,862107
324779,847352
324786,675856
324786,722251
324786,338645
324874,558946
324874,734157
324874,485598
324874,379452
324874,1033173
324874,847881
324875,622866
324882,773810
324925,655132
324925,903347
324925,859498
324925,908838
324925,737774
324925,1161194
324925,290017
324925,50043
324925,302051
32500,173853
32500,596578
32500,532260
32500,633360
32500,853945
32500,96375
325033,190389
325033,724768
325036,224627
325068,635333
325068,1031558
325070,1049077
325082,549259
325082,352737
325082,33102
325119,210866
325139,15826
325139,361300
325156,528177
325235,677291
325235,718393
325246,662966
325246,49993
325246,18066
325246,629288
325246,828949
325246,646152
325246,506626
325246,969972
325246,360122
325246,1070515
325312,506189
325404,430633
325404,425955
325404,601578
325404,870765
325404,363784
325404,813220
325404,48087
325480,501160
325480,1077960
325480,780037
325500,157605
325500,850083
325516,683554
325516,385059
325516,58537
325537,843335
325537,152478
325677,1004454
325677,489337
325677,544683
325677,1075168
325677,858714
325677,873498
325772,54947
325772,240350
325772,342127
325772,189789
325772,1112367
325782,209449
325782,325782
325782,1124200
325782,952159
325782,960278
325782,739562
325782,1114920
325782,836955
325792,1068580
325793,488194
325865,85138
325865,1029050
325865,960189
325865,468404
325865,54537
325867,89144
325867,804585
325867,669533
325867,277933
325867,317803
325867,603619
325867,73236
325867,27819
325940,63724
325940,332756
325940,311866
32605,1053400
32605,137719
32606,71357
326125,480421
326125,615106
326125,871552
326125,1133737
326125,1123835
326125,484297
326135,930278
326141,620753
326141,390957
326141,792590
326141,228676
326141,350146
326141,783672
326141,498296
326141,523053
326141,662497
326141,1115765
326141,1097443
32626,127016
32626,299660
32626,1135613
32626,14001
3263,770152
3263,27620
3263,103495
3263,82673
3263,305291
3263,532944
3263,111005
326301,998226
326301,696991
326301,369192
326301,552052
32637,559943
326392,567555
326397,316068
326397,557278
326397,203854
326397,1002058
326439,800596
32647,484797
326481,1149333
326481,528420
326505,621128
326505,653610
326505,239083
326505,386402
326505,216223
326505,493782
326505,738174
326505,358425
326535,42181
326535,795667
326535,452211
326535,611983
326562,1046316
326562,1009116
326562,352166
326642,168402
326642,1099189
326663,822597
326663,394620
326663,687676
326663,1128431
326663,180667
326663,1066078
326663,619443
326663,706586
326676,1025260
326676,81474
326676,44978
326676,248170
32674,1092786
32674,416377
326749,959625
326749,290044
326789,773255
326789,882186
326802,317172
326825,860113
326825,71357
326825,746102
32683,721174
32683,679966
32683,326789
32683,152776
32683,271544
326924,1133212
326924,346616
326943,260339
326943,436710
327037,843335
327037,686054
327037,1115281
327037,836062
327037,554382
327037,663173
327037,506372
32706,879711
32706,452716
32706,962042
32706,678136
32706,475034
327062,822071
32708,1051264
32708,222500
32708,465281
327083,1110247
327083,900683
327083,1034467
327083,1127002
327083,149010
327191,677090
327191,140854
327191,687558
327284,861721
327300,116995
327300,719427
327300,903238
327300,81474
327350,544378
327514,1025260
327524,630039
327526,201618
327526,1094973
327526,443367
327580,843335
327580,479851
327580,33605
327580,809897
327580,92819
327580,842531
327653,161424
327653,411501
327653,1019289
327675,776840
327678,497761
327678,1061820
327678,278792
327762,357059
327762,752946
327762,642831
327784,1123589
327823,268305
327847,1027034
327856,914594
327922,879246
327966,992202
327966,99704
327966,191891
327966,322788
327966,1135327
328082,866814
328082,304843
328082,956468
328082,95099
328082,58922
328082,1056725
328082,934916
328082,647703
328082,604828
328082,115647
328119,527722
328170,1035012
328230,195858
328230,972971
328230,519093
328230,630310
328230,627406
328318,916996
328327,809603
328327,140383
328327,746984
328361,30444
328463,196474
328463,501398
328483,386870
328483,576215
328483,675170
328489,46545
328489,1080006
328489,1088211
328489,843335
328489,513513
328489,242001
328504,1073930
328515,411243
328515,731896
328515,504940
328515,772881
328594,43636
328634,77392
328634,936689
328634,177336
328634,1006056
328672,406342
328771,405517
328771,707969
328771,270519
328771,944751
328771,854893
328771,957530
328815,1047719
328815,1073930
328815,959058
328823,1092420
328823,1060236
328823,673470
328823,634126
328823,579177
328823,936733
328823,778676
328823,922582
328823,70406
328823,129309
328898,226250
328919,106225
328920,386827
328920,479851
328920,94816
328940,528177
329027,658012
329027,640629
329027,360740
329027,862107
329033,298416
329033,908275
329033,1059194
329041,191530
329041,257336
329041,856824
329041,520186
329041,920612
329041,1088211
32912,552411
32912,429562
329191,1080006
329191,1160119
329191,410843
329191,1151969
329191,873111
329191,797925
329191,757243
329191,1037494
329191,375313
329191,1061699
329191,920949
329191,528579
329191,146535
329191,404351
329191,1118769
329261,548923
329261,850113
329261,311096
32927,515699
329311,679966
329311,641382
329313,695910
329313,642205
329313,343876
329321,1033388
329321,610418
329321,843335
329321,115779
329321,946425
329327,1149490
329327,701174
329327,1043388
329327,759667
329372,714368
329372,771352
329372,22019
329372,1023964
329399,404486
329399,190691
329399,79091
329399,956886
329399,38269
329399,1022268
329402,604828
329402,864068
329402,459528
329402,926394
329407,747357
329407,339879
329407,611955
329407,570040
329407,536493
329413,786492
329505,793940
329505,878788
329505,841216
329505,448852
329505,398798
329509,831837
329509,826283
329509,981849
329509,1122342
329509,471398
329509,347633
329509,449278
329509,511281
329509,713607
329509,522474
329509,938487
32952,286765
32952,402852
329548,494729
329548,607690
329548,387163
329548,1097928
329548,1046124
32955,257920
32955,527501
329576,852828
329576,677142
329576,236735
329576,602571
329576,578076
329576,560259
329576,410611
329614,71567
329631,547905
329680,458846
329680,137849
329680,646481
329695,774218
329695,95913
329695,500110
329695,892110
329695,1002351
329722,1133106
329722,1066078
329745,324367
329745,477272
329745,988892
329833,229839
329895,1087424
329895,577982
329895,11406
329895,4361
329895,386402
329915,426092
329976,352251
329976,831292
329992,162149
329992,1114135
330010,877276
330021,1122475
330021,1040926
330021,1005802
330021,890259
330021,1134524
330021,574741
330021,337040
330021,1040074
330021,1089176
330021,998703
330021,474218
330120,795415
330120,248912
330120,1150761
330120,849438
330240,300113
330240,221476
330240,635701
330240,713549
330250,529556
33032,717696
330366,834845
330366,480733
330366,784729
330366,265380
330416,317015
330416,299328
330416,787798
330437,502656
330437,98093
33050,1002956
33050,559943
33050,693296
330506,896643
330506,1125194
330506,62271
330506,128122
330506,253637
330536,369156
330546,142979
330546,452259
330546,978252
330546,342823
330549,255647
330549,501398
330549,760377
330591,94584
330591,174567
330591,745931
330591,211965
330591,1009969
330591,276770
330591,861207
330687,780723
330691,708224
330691,29460
3307,619778
3307,460363
330828,1002482
330828,454350
330828,592169
330828,936823
330828,549182
330828,700511
330828,986638
330828,95099
330828,792590
330828,524147
330828,843335
330828,870765
330828,541197
330862,27781
330862,1062222
330927,8263
330950,859940
330950,185008
33102,549259
33102,938057
33102,766948
33102,847352
33111,853853
33111,1115765
331137,757135
331137,64584
331137,1139891
331137,792658
331137,211622
331150,887898
331150,510912
331184,579810
331184,925199
331184,778288
331184,101464
331198,1138839
331198,449324
331202,213501
331202,781852
331297,448646
33131,486860
33131,459174
33131,689285
33131,524244
33131,24199
33131,213493
33131,441459
33131,310392
33131,115128
33131,17664
33131,863686
33131,1073209
33131,1057074
33131,668368
33131,750108
33131,877541
33131,697941
331310,105759
331310,968025
331332,917861
331386,550645
331386,1032729
331386,792762
331386,21650
331386,1008092
331386,1131966
331424,975890
331424,124590
33143,240350
33143,1057480
33143,334720
33143,627620
331460,1134744
331460,865005
331468,946425
331468,774100
331468,490973
331468,364816
331526,487935
331526,985468
331679,737445
331681,603937
331681,699921
331681,86873
331681,1043013
331767,637224
331832,911105
331877,936394
331877,926838
331877,278928
331918,689012
331927,272613
331927,236178
332061,970206
332092,1099128
332140,519369
332140,338496
332140,550295
332140,24613
332140,1049865
332140,82356
332140,627805
332140,687676
332140,441637
332140,116926
332140,371355
33225,946425
33225,1055258
33225,1033388
33225,610418
33225,1003954
33225,554382
33225,71357
33225,803946
33225,683124
33225,705766
33225,1075509
33225,559943
33225,752742
33225,95870
33225,938481
33225,1095019
33225,354842
33225,312408
33225,490608
33225,1059424
33225,245793
332387,1033261
332387,210330
332387,228676
332588,827580
332588,112292
332588,711046
332588,1000371
332588,823856
332588,386464
332588,1102943
332588,1086395
332601,943793
332646,470364
332646,559943
332663,1153041
332683,257336
332683,631807
332683,494412
332683,394441
332683,563496
332683,982139
332683,1000371
332683,76997
332683,651204
332683,454312
332683,318994
332684,1106643
332684,624260
33270,835506
33270,36337
33270,146011
33270,458609
33270,1018766
33270,703922
33270,575444
33270,976340
332716,577982
332756,772371
332756,245622
332756,699070
332779,734576
332779,1046843
332815,604828
332815,201243
332817,454350
332817,772505
332817,669894
332872,393405
332872,246646
332872,575566
332950,781852
332950,314159
333023,965187
333023,29460
333056,422650
333056,31251
333056,254245
333056,361184
333056,847845
333056,785557
333060,240350
333060,519185
333077,1154391
333090,136208
333173,207430
333173,1053400
333195,168402
33324,389077
333259,709839
333259,910217
333259,1103415
333270,1027995
333270,547404
333270,772316
333270,72536
333270,281300
333270,585218
333270,35267
333270,11801
333270,223261
333270,176386
333270,1100346
333270,118859
333270,903825
333270,111302
333270,755833
333270,967612
333270,113998
333270,130751
333297,1125194
333297,875887
333297,1066350
333297,102093
333297,943876
333297,1005262
333297,768987
333297,355827
333297,1032729
333297,3215
333297,371715
333297,1000371
333297,559943
333297,771352
333297,423868
333297,193419
333297,852441
333297,704801
333297,1073965
333297,576801
333297,1072492
333297,1133793
333297,402010
333338,243054
333338,219599
333353,611140
333353,734157
333359,62420
333359,536026
333359,679644
333359,612343
333420,59543
333420,825513
333518,932946
333544,167847
333549,775108
333589,848
333589,534573
333617,779220
333620,995215
333620,579286
333679,92378
333679,1042042
333699,470226
333699,287157
333726,939647
333797,988534
333797,225136
333797,831585
333797,770572
333797,919045
33383,9600
33383,73155
33383,1092786
33383,832724
33383,573487
33383,1157882
333841,51351
333841,444
333841,302051
333841,1076079
333841,1001960
333841,613994
333841,149494
333841,999980
333848,1109175
333849,970887
333849,509047
333849,101239
333881,853945
333900,134736
333900,435435
333900,884911
333900,369938
333900,997184
333900,973763
333900,775970
333900,984795
333921,461769
333921,398694
333948,235861
333962,239083
333962,141696
333962,637359
333997,277693
333997,10184
334050,975322
334050,665352
334077,586008
334077,1000519
334077,3638
334100,207572
334100,306076
334100,24676
334100,796566
334100,1062222
334100,676028
334100,341251
334100,1085153
334100,230347
334100,377104
334100,213013
334100,310311
334100,774665
334100,848547
334100,382679
334177,249291
334177,522474
334177,549722
334177,754028
334177,237540
334177,868324
334177,884132
334197,490151
334255,282228
334255,1067369
334255,46545
334255,920882
334255,244404
334255,920612
334255,257336
334255,1046363
334255,248322
334255,224973
334255,396988
334278,845354
334278,431411
334293,24459
334293,376927
334309,166799
334309,673399
334309,1136943
334309,151444
334309,955859
334320,878788
334320,642205
334320,1067632
334320,858767
334320,988002
33440,154231
334428,583840
334428,67527
334428,1011854
334428,310638
334460,549182
334460,436197
334460,671272
334460,1013688
334460,1118769
334460,1067225
334460,578474
334460,375996
334460,504478
334460,478031
334460,648720
334460,623609
334509,575566
334509,190527
334509,950735
334509,796832
334509,399383
334509,713630
334509,522542
334509,1066126
334509,393405
33454,540862
33454,246341
33454,197750
334616,730405
334616,167847
334616,853657
334619,252494
334619,597014
334619,571905
334619,474138
334619,914537
334620,534037
334620,410950
334702,715109
334702,165675
334702,688355
334702,438653
334712,892536
334720,554538
334720,122265
334720,33143
334720,1058146
334720,905564
334720,729601
334720,627620
334720,880963
334720,568257
334720,1130650
334720,240350
334720,81699
334720,769303
334720,272398
334720,888487
334720,770791
334806,524262
334806,7690
334806,668368
334928,977099
334928,103032
334928,1021802
334979,425359
334979,216223
335009,424459
33503,1071990
33515,877658
33515,927226
33515,1103415
335169,1062222
335170,957530
335170,76669
335190,1130650
335190,100548
335190,659322
335190,729601
335190,109658
335190,1073209
335190,854236
335205,204955
335205,843335
33528,489531
33528,484751
33528,357288
335308,1072055
335308,1005968
335314,1151548
335314,226812
335314,394969
335314,314162
335314,744917
335321,147667
335350,17664
335350,685545
335350,569043
335460,1154316
335469,1004511
335510,762102
335510,196072
335510,973763
335510,966728
335546,804402
335572,159049
335572,53587
335610,252495
335610,1130903
335610,770113
335613,856605
335628,213641
335628,824694
335637,350314
335637,506610
335637,669176
335661,514270
335661,347455
335661,1069639
335664,1132365
335664,114384
335708,458637
335708,897619
335708,895848
335708,918055
335708,1066674
335708,44897
335708,122588
335708,743895
335708,532997
335708,649184
335721,735605
335721,617496
335721,1096557
335721,33605
335721,479851
335813,195000
335813,423241
335813,729601
335813,86770
335855,1038331
335856,322043
335867,621079
335981,477753
335981,782073
335999,853945
335999,709613
33605,689053
33605,877141
33605,1162063
33605,339892
33605,800922
33605,778283
33605,363039
33605,898125
33605,94816
33605,549259
33605,512600
33605,852467
33605,4179
33605,337486
33605,282749
33605,149632
33605,870765
33605,813136
33605,554382
33605,386827
33605,274989
33605,396869
33605,848909
33605,950736
33605,608311
33605,803946
33605,242804
33605,1044597
33605,746824
33605,612716
33605,479851
33605,531413
33605,884503
33605,418807
33605,583031
33605,792590
33605,679966
33605,843335
33605,872289
33605,771352
33605,246370
33605,443641
33605,983103
33605,1073449
33605,1082884
336086,895691
336086,1025040
336086,677812
336086,761257
336089,558928
336147,837662
336161,138451
336161,601309
33617,736283
336267,471271
336267,830747
336353,226117
336353,453169
336370,1062222
336370,803946
336370,27781
336387,729601
336387,1130650
336387,219599
336387,578520
336387,280403
336387,154018
336387,282403
336387,554538
336387,58329
336387,880963
33641,292954
336444,921608
336444,178910
336444,1106643
336468,1000371
336468,523264
336468,39756
336468,792590
336526,211914
336526,831326
336526,442217
336526,200368
336530,70506
336542,693828
336542,1089707
336542,528177
336542,517553
336542,721174
336616,1131966
336616,425441
336616,6890
336616,965003
336616,386338
336622,713121
336622,242079
336622,853945
336627,745790
336627,37907
336627,632541
336627,895603
336627,658004
336627,192108
336637,752908
336637,394579
336637,719758
336637,292306
336637,658012
336637,744117
336637,809963
336637,498126
336637,276770
336637,535793
336637,360740
336637,847352
336637,277432
33667,510856
33667,933810
336719,1033388
336719,979001
336719,71357
336772,969806
336780,397918
336794,726440
336794,687808
336794,183969
336854,634878
336940,922899
336940,906651
336941,677291
336941,747405
336941,255561
336990,792590
337008,567178
337040,474218
337040,959317
337040,1089176
337040,750923
337040,73095
337040,388294
337040,330021
337040,998703
337040,811813
337040,206836
33705,1082418
337063,1005805
337063,1129934
337063,960278
337063,1125612
337083,1161302
337083,22385
337083,1140499
337092,452050
337092,185225
337092,563388
337092,1057259
337100,923637
337100,303665
337100,579863
337100,186204
337100,919296
33717,715910
33717,708604
33728,387882
33728,762374
33728,797800
33728,36337
33728,139422
33728,468080
33728,94816
33728,1146846
33728,1103284
33728,37907
33728,1115765
33728,386827
33728,486093
33728,216223
33728,771352
33728,479851
33728,1120952
337370,774218
337403,161402
337403,569324
337403,1140114
337442,257166
337486,33605
337486,479851
3375,1065683
337515,678895
337515,401801
337515,33111
337515,486093
337515,99485
337515,1115765
337585,236724
337585,807443
337585,642955
337585,210973
337585,386605
337585,168836
337614,792762
337614,550645
337739,168707
337770,135688
337770,114090
337771,228676
337771,58737
337771,1026121
337771,948898
337771,1067647
337771,168402
337771,456436
337771,282410
337771,206379
337773,126057
337794,542248
337822,257336
337822,957702
337822,797131
337822,495431
337836,1012096
337836,612517
337836,346300
337836,1011854
337836,842752
337836,853998
337911,577452
337911,15289
337911,781384
337911,621702
337911,122723
337952,691329
337962,394441
337962,1114375
337973,968770
337973,422569
337976,770271
338057,1091508
338063,750636
338231,893546
338357,313615
3384,950269
338407,549728
338407,417166
338407,458637
338407,17664
338407,626338
338407,524262
338407,668368
338407,581794
338407,1069884
338407,849023
338407,491391
338407,685545
338407,76698
338407,846413
338407,1107900
338407,588479
338496,524904
338496,769655
338496,1049865
338496,441637
338496,332140
338496,987466
338496,687676
338496,550295
338496,116926
338496,519369
338496,371355
338554,579863
338554,173038
338554,91685
338554,348103
338554,902973
338554,757135
338554,855267
338554,144
338554,528319
338554,344698
338554,1139891
338575,1010526
338575,277216
338575,1157047
338575,433139
338575,382013
338575,824685
338575,475271
338575,493673
338575,457662
338575,733963
338575,880185
338575,577778
338575,526358
338575,220239
338575,948898
338575,48599
338575,168910
338575,794080
338575,463471
338575,95553
338575,873427
338575,274989
338575,723522
338575,417628
338575,640765
338575,786094
338575,499833
338575,1021475
338575,687278
338575,64531
338575,338575
338575,680119
338575,648739
338575,553526
338575,1091651
338575,717692
338645,774218
338645,976956
338645,1071538
338645,356784
338645,406916
338645,750198
338645,302306
338645,417224
338645,662276
338645,609517
338666,133947
338679,422901
338679,843335
338824,1110711
338940,792249
338940,640099
338973,479851
338980,786177
338980,596000
338980,155017
339077,264341
339077,1162339
339077,312393
33914,839790
33914,401264
33914,194279
339179,535212
339179,13281
339179,1163979
339191,919999
339191,937639
339216,762374
339216,380304
339216,484797
339216,1066481
339216,596758
339280,823067
339280,757135
339280,971765
33932,1060803
33932,373694
339322,901694
339322,130993
339324,1122475
339324,599232
339324,1136943
339379,640844
339379,50161
339379,58874
339379,560882
339379,223264
339379,889716
339379,360634
339379,26078
339404,1073209
339404,60685
339404,562922
339404,126545
339404,1066674
339466,396
339466,717210
339478,1062728
339478,381018
339478,28149
339478,1151246
339478,828494
339478,339478
339478,695091
339478,890753
339484,441214
339495,112062
339495,737774
339495,903347
339495,115074
339530,64891
339530,1145018
339530,212951
339530,635045
339530,994717
339531,561690
339531,531333
339531,870054
339531,190273
339531,1151613
339538,116887
339538,832524
339538,990194
339538,68822
339538,821960
339538,1008302
339538,250050
339538,989439
339538,516039
339554,573675
339554,859222
339554,785589
339554,327847
339562,1110570
339616,276770
339616,211965
339616,350244
339616,588348
339616,1026330
339625,964849
339625,627206
339635,1098344
339638,216433
339672,19984
339715,477272
339715,190987
339715,914594
339715,324367
339715,52745
339715,15855
339728,1053820
339728,362815
339728,599895
339728,1004862
339728,1095233
339728,1149506
339728,351923
339728,803946
339728,21568
339728,952239
339728,261127
339728,685545
339728,737669
339750,993633
339766,1063405
339766,855341
339766,236113
339779,1079660
339779,551499
339779,206014
339779,322798
339779,172107
339779,340290
339779,32006
339779,162913
339779,781814
339826,473355
339826,496122
339872,784003
339872,264036
339872,247137
339872,434832
339872,79655
339872,67970
339872,903317
339879,624595
339879,87447
339879,611955
339879,329407
33988,911071
33988,1007416
33988,168402
33988,955467
33988,268914
33988,953579
339892,95099
339892,1092957
339892,647703
339892,447530
339892,497331
339892,1163979
339892,81474
339892,360229
339892,964493
339892,1130396
339892,16881
339892,389395
339892,29460
339892,456647
339892,479851
339892,942774
339892,843335
339945,1155403
339945,642967
339961,1166930
340061,983019
340061,772795
340061,928044
340061,954889
340094,361672
340094,1097443
340094,37907
340094,1115765
340139,1149219
340139,347047
340139,91685
340139,402675
340139,579863
340139,470250
340182,479851
340182,354128
340182,341556
34019,777217
34019,386870
34019,290017
34019,74771
34019,721555
340210,680614
340275,729601
340275,180667
34029,168402
340290,1079660
340290,339779
340312,310772
340312,1066481
34032,1161753
340382,765498
340387,174567
340387,498258
340435,796846
340435,1016091
340435,458637
340435,1073209
340435,64054
340435,846413
340435,524262
340435,189936
340435,1066674
340445,807708
340479,779220
340479,736329
340479,778267
340479,885940
340479,1152554
340479,620374
34052,1122475
34052,926058
34052,597290
34052,998703
34052,1136943
340560,925588
340560,507942
340560,482203
340560,342127
340560,841724
340566,327561
340566,1095697
340566,576809
340575,36466
340575,1089678
340659,780568
340659,801620
340659,287425
340659,473573
340678,183806
340735,375313
340735,116404
340735,1044442
340798,188725
340803,806515
340803,465809
340803,1131607
340834,386503
340834,98593
340863,942654
340873,72380
340901,366644
340901,298232
340901,207430
340901,64678
340901,29335
340908,639125
340933,428590
340991,84250
341023,699456
341023,726374
341023,24895
341023,549347
341031,1040078
341031,31937
341031,222037
341031,775108
341040,517758
341040,437153
341040,493782
341040,43636
341040,870765
341040,89540
341040,36337
341040,541110
341040,387882
341118,768327
341118,812341
341118,264175
341118,359603
341180,528508
341181,843335
341227,649582
341251,224973
341251,46545
341251,242001
341251,994621
341251,334100
341251,377104
341259,484726
341259,236146
341346,748119
341346,1071514
341346,1007163
341346,902514
341420,1089176
341451,95344
341451,567692
34154,1112869
34154,543996
341556,929510
341556,1152886
341556,903347
341556,749325
341556,1066364
341556,1065232
341556,871334
341556,559943
341556,92378
341556,340182
341556,1033388
341556,955652
341556,759595
341556,803946
341556,1096557
341556,956188
341556,248481
341556,204645
341556,197447
341556,554382
341556,630825
341556,1019233
341556,843335
341556,22845
341698,270678
341749,368550
341749,91045
341749,172223
341749,1052450
341764,508640
341782,473359
34182,890974
341840,610418
341866,1046224
341901,62524
341917,843532
341917,866667
341917,549182
341917,291232
341917,167637
34193,728522
34193,384422
341947,82475
341948,797390
341948,1018780
341948,875524
341948,94024
342045,411683
342045,135736
342097,1166930
342097,895691
342097,305374
342127,189789
342127,905564
342127,770791
342127,880963
342127,1142231
342128,695345
342128,483174
342128,737698
342128,89935
342142,333195
342142,677291
342216,38196
342216,764366
342216,1163986
342216,1103890
342216,456471
342225,899472
342244,703654
342260,98297
342260,1097906
342260,559766
342260,697260
342298,35099
342412,901252
342412,679966
342426,186393
342426,155675
342507,790812
342507,897551
342559,510313
342559,746168
342581,1143387
342595,1049100
342627,202205
342627,43301
342627,640021
342627,433139
342627,397486
342627,576822
342627,1107964
342627,792590
342641,868822
342641,686238
342641,453802
342664,27819
342664,186532
342664,155861
342664,1131051
342664,683212
342664,1043801
342784,810996
342785,930911
342785,1031322
342785,715372
342785,319639
342786,1133682
342786,525429
342786,329895
342786,168402
342786,658994
342786,882224
342786,1158207
342786,779477
342786,466412
342786,1061055
342786,187827
342791,1153435
342791,190465
342794,650218
342794,76420
342823,222691
342845,105720
342912,804899
342912,56973
342966,408381
343003,1014316
343044,559943
343044,781487
343044,558624
343093,747264
343137,274374
343137,297477
343137,499197
343137,522474
34318,889235
343181,876514
343181,1017710
343181,300252
343181,70253
343181,494729
34320,231020
343284,638846
343284,491823
343292,775108
343292,209838
343292,203265
34334,765343
343392,420274
343392,123780
343392,71704
343392,109448
343396,494152
343396,710683
343431,863044
343431,422537
343431,168402
343431,550645
343431,231157
343517,764793
3436,823006
3436,260430
3436,354449
3436,661192
3436,192802
3436,148825
343652,386402
343652,1143926
343652,1039414
343652,671272
343652,153443
343665,202703
343665,168402
34367,106457
34367,478648
34367,226887
34367,497290
34367,609193
34367,1019279
343690,561545
343690,60494
343690,524120
343718,809534
343718,89144
343718,679693
343782,814985
343782,645143
343782,797642
343803,1098551
343803,789199
343876,329313
343876,642205
343876,17197
343876,783300
343876,1033356
343876,65677
344007,397089
344007,49732
344007,67970
344007,1070076
344043,207385
344064,165980
344108,13751
344233,648739
344233,60154
344233,210473
344233,775108
344233,1097815
344279,573203
344294,376483
344322,108424
344322,445054
344323,453075
344323,276770
344323,174567
344323,543901
344400,342372
344400,973950
344400,710618
344482,398186
344482,776840
344494,643183
344495,1108515
344511,302534
344511,517260
344543,191919
34462,467157
34462,101711
344657,846413
344657,345215
344657,524262
344657,853840
344657,1166415
344693,1086583
344723,535855
344723,546321
344741,399108
344741,908417
344775,204645
344775,247205
344787,846042
344787,206937
344834,949517
344834,312609
344946,54947
344946,726219
344963,338554
344963,676893
344963,347047
344963,1149219
344973,1110904
344973,494809
344973,1094247
344973,555491
345050,1112845
34507,86379
34507,568232
345072,761051
345104,134670
34512,1005176
34512,84315
345137,1096557
345137,1053061
345137,340182
345137,354128
345215,546484
345215,898603
345215,846413
345215,524262
345240,448646
345240,788603
345240,832824
345240,604828
345240,517553
345240,1016615
345240,574353
345240,819479
345240,274719
345274,91112
345274,191757
345274,320081
345274,844385
345274,1071629
345274,1162420
345284,98997
345284,620581
345337,899399
345348,240692
345348,727084
345348,499003
345348,166935
345348,823395
345371,114090
345371,539041
345371,899374
345371,1158266
345371,47185
345428,452875
345458,1095093
345458,981778
345458,317082
345476,488234
345476,289322
345508,995215
345508,204645
345508,281360
345508,178898
345573,526871
345690,743255
345720,322709
345720,426482
345720,1140033
345759,853945
345777,549259
345777,317061
345804,415280
345804,550645
345805,6893
345805,312408
345805,1161613
345810,1057929
345917,1144975
345917,848588
34597,544592
34597,1062222
34597,528177
346030,774218
346036,1003859
346133,717155
346133,596758
346133,1018286
346133,484797
346133,976788
346133,778288
346143,566762
346223,599390
346246,755763
346257,119063
346282,1089678
346282,955652
346282,392102
346282,254616
346293,12643
346293,1017491
346293,181066
346293,399720
346296,679966
346296,1062222
346296,13751
346296,420274
346296,383431
346296,1210
346296,1072492
346296,503885
346296,587304
346296,642553
346296,951765
346300,268914
346342,71357
346342,302051
346342,855488
346342,956188
346342,456471
346342,95870
346342,575912
346342,48087
346342,559943
346342,781873
346342,519270
346342,479851
346342,903347
346342,1075509
346342,1059424
346342,992826
346342,371343
346342,197433
346342,309920
346397,73631
3464,846413
3464,668368
346473,678609
346473,679966
346473,271544
346482,1162339
346532,95885
346532,334720
346553,780089
346553,914201
346553,224718
346566,217783
346616,326924
346616,996169
346616,414919
346627,950557
346627,529405
346627,827580
346627,547869
346627,776705
346627,1116258
346627,603785
346639,27781
346647,1149255
346647,661652
346673,1001960
346673,280959
346673,333841
346673,232630
346673,738851
346673,384182
346718,656334
346767,1130650
346767,1159426
346767,945325
346767,42133
34677,1129598
346796,1126364
346796,598734
346796,963944
346796,989178
346796,942950
346796,413397
346846,1035227
346853,807443
346907,877541
346907,668368
346916,968068
346916,841847
346916,1122967
346953,557547
346953,180568
346953,468404
347016,277432
347016,897168
347016,658012
347016,975890
347023,143833
347047,579863
347047,504972
347047,1139891
347047,792658
347047,574973
347047,91685
347047,1149219
347047,757135
347100,812341
347100,400089
347112,791613
347112,60323
347112,185683
347139,1082418
347175,680376
347187,213663
347199,1150316
347283,557331
347283,135499
34730,856558
347303,765343
34738,384199
347455,335661
347509,455994
347509,1123466
347509,787287
347509,7451
347512,492448
347567,393329
347567,693749
347567,339892
347567,647703
347633,981849
347633,408346
347633,826283
347637,6893
347637,1103349
347688,526871
347688,929986
347692,132544
347692,592674
347692,887956
347692,1059054
34776,588431
34776,859940
34776,137849
34776,646481
34776,652464
34776,843335
34776,1049473
347767,1152767
347798,886799
347798,2374
347798,547985
347798,579897
347798,910141
347798,257890
347803,742134
347803,617912
347918,364999
347934,157653
347934,85502
347934,604297
347934,785530
347953,56973
347959,193111
347959,254771
347959,774218
348037,290211
348041,167847
348068,353259
348081,843335
348103,855267
348103,338554
348107,738437
34814,755307
34814,887898
34814,498258
34814,512009
34814,492720
34820,1003859
348422,1045707
348422,867465
348422,1162420
348470,613742
348479,549232
348479,695091
348479,1128904
348479,222620
348479,771352
348479,661350
348490,273363
348490,538891
348490,645041
348490,1043388
348490,275783
348490,759667
34861,5629
34861,1078595
348659,274989
348659,680119
348738,383001
348738,1094217
348738,718634
348738,372227
348738,386605
348738,1066350
348738,413938
348738,90821
348738,294489
348738,368177
348738,213663
348738,656853
348738,213501
34874,1130903
348769,489637
348769,1145401
348769,776732
348769,1127520
348769,502514
348769,97768
348840,271503
348924,620897
34894,176106
348957,559943
348957,204645
348957,779220
348957,638488
348957,610401
349007,1062222
349007,678609
349007,1210
349007,271544
349007,679966
349163,256120
349185,1072032
349185,487482
349185,860154
349185,156515
349185,903311
349185,713899
349185,1030559
349185,990842
349185,484009
349185,877179
349196,47983
349196,249724
349196,567351
349196,604672
349196,530252
349204,371862
349204,642205
349204,701313
349204,859372
349204,1103922
349204,11871
349204,816899
349204,946975
349204,559927
349246,945277
349258,452057
349258,354842
349258,559943
349258,95870
349268,651161
349268,1125159
349268,949554
349268,677221
349268,837106
349268,437708
349268,408736
349268,685362
349268,727645
349268,349268
349307,891279
349307,118271
349307,302051
349307,700262
349307,204645
349307,1096257
349307,709541
349354,764152
349354,364870
349376,705331
349376,1128400
349376,90193
349376,994370
349376,441791
349496,226250
349574,913201
349574,1047719
349574,41191
349574,878639
349574,92780
349574,590674
349589,85828
349589,204558
349668,802104
349668,650261
349809,597363
349809,524770
34989,542947
34989,372361
34989,902464
349926,82728
349926,644339
349926,562769
349926,967801
349941,933224
349941,785231
349941,264840
349941,809141
349941,1068169
34995,660741
34995,993786
34995,775970
34995,54972
34995,884911
34995,190691
349955,187210
349955,60936
349966,609002
349967,1011250
349967,1114231
349984,847352
349984,1011727
349984,631906
349984,722734
349984,388933
349984,766948
349989,290017
349989,461427
349989,509892
349989,819555
350019,386827
350019,1096557
350060,719113
35008,567643
35008,707983
35008,428748
350083,955652
350106,879246
350106,101711
350106,467157
350106,197913
350138,498288
350138,410325
350138,718455
350138,709983
350146,498296
350146,33728
350146,420851
350146,1115765
350146,326141
350188,1066481
350188,642205
350188,649991
350188,499411
350188,705953
350188,107823
350188,559766
350188,1022024
350244,339616
350253,437424
350253,884911
350253,141044
350253,424459
350253,983094
350290,520399
350317,362172
350370,535218
350430,653387
350430,10246
350506,344788
350542,366644
350542,925544
350542,142668
350545,884911
350617,511745
350617,177745
35068,808094
35068,868734
350698,497290
350698,106457
350702,28521
350702,1013623
350710,88674
350710,24918
350744,1082020
350744,430979
350744,601309
350744,1136594
350816,519813
350816,879246
350816,389395
350872,736011
350872,357059
350896,549716
350896,701127
350923,216134
350923,698300
350923,80710
35096,604347
351006,1021578
351028,875993
351028,875887
351028,342794
351028,1083298
351066,450698
351066,386776
351083,921030
351103,399962
351172,477925
351229,894829
351297,830433
351297,17301
351297,988002
351297,364813
351326,217783
351326,843335
351406,539406
351406,812341
351406,768327
351406,787603
351423,374795
351423,847947
351423,234986
351461,1056116
351461,1019289
351461,453802
351468,1002059
351469,292593
35149,1149506
35149,592674
35149,54522
35149,897873
35149,559558
35149,457662
351558,300252
351558,166207
351558,70253
351558,1017710
351599,76883
351650,884911
351650,950939
351650,1073328
351650,554382
351650,727015
351650,893887
351650,1048701
351650,1166930
351734,351734
351734,719334
351734,765330
351752,905787
351752,333195
351757,888011
351759,764458
351759,954881
351759,525429
351759,506688
351759,342786
351759,779477
351759,1158207
351759,802522
351759,596782
351766,1078248
351766,84142
351766,837894
3518,46560
351807,235748
351863,66809
351863,1131896
352034,456917
352034,301942
352166,273700
352166,326562
352166,822603
352166,1079596
352166,116389
352166,597466
352166,196185
352166,368592
352166,643264
352166,1009116
352173,151114
352173,801013
352173,497866
352196,56756
352215,75163
352251,284193
352295,457756
352295,436144
352295,1004807
352315,1123005
352315,340479
352315,779220
35238,559943
35238,204645
35238,1154719
35238,22845
352389,747529
352389,1002537
352389,736011
352389,605516
352389,357059
352389,3542
352389,492448
352467,786492
352467,214840
352472,458523
352472,386402
352473,658014
352473,848418
352473,386402
352473,778190
352473,1128807
352481,395186
352481,305374
352481,190691
352481,172404
35259,983019
352600,486470
352600,610418
352600,283714
352600,705766
352600,502168
352600,901385
352631,775108
352631,677142
352631,663025
352631,389711
352631,64531
352656,170398
352656,621526
35267,772316
35267,967612
35267,118859
35267,903825
35267,111302
35267,547404
35267,281300
35267,755833
35267,223261
35267,130751
35267,113998
35267,72536
35267,585218
35267,176386
35267,1100346
35267,1027995
35267,11801
35267,333270
352711,713560
352711,1138617
352711,17323
352711,70680
352711,1005176
352716,402696
352716,608615
352741,258287
352741,931105
352741,450452
352815,771352
352815,413672
352831,411516
352845,1130903
352851,108449
352851,1091578
352852,678559
352855,706154
352981,912409
352991,848587
352991,780901
352991,968336
352991,627304
352991,795667
352991,567050
352991,1086501
353036,553728
353036,1011875
353036,1006209
353036,351734
353046,953579
353054,137100
353054,743156
353054,771352
353099,300389
353187,130678
353187,189150
353206,160844
353231,591191
353231,1151665
353231,324367
353231,872979
353231,376972
353231,233515
353231,527461
353231,155417
353332,369938
353332,916077
353332,884911
353332,997184
353332,619426
353345,172107
353353,625670
353353,255294
353353,457721
353353,1122475
353353,1089176
353353,241339
353353,1583
353353,962042
353353,173459
353353,574741
353353,130125
353353,266286
353353,998703
353353,350424
353353,818564
353353,1109480
353464,364329
353502,89109
353515,445162
353515,526871
353515,376483
353517,526154
353517,725142
353517,1059108
353565,959414
353565,228676
353565,362478
353565,760581
353565,577982
353565,1002106
353565,733654
353565,121331
353565,274952
353565,577710
353565,186277
353565,386402
353565,958697
353565,364413
353565,1011676
353565,153319
353565,423915
353565,846615
353565,747831
353565,1066571
353565,800585
353565,627196
353565,593657
353565,271901
353565,315146
353565,611903
353639,988002
353639,627138
353639,647624
353639,155861
353741,108968
353741,944818
353766,676209
353796,14605
353796,15384
353812,953579
353812,219669
353905,601464
353912,940703
353912,872017
353912,642821
353912,9523
353912,813680
353912,590761
353912,1143064
353912,612237
353956,527576
353956,592674
353956,837799
353956,1072436
353959,34334
353959,377077
353959,679789
353959,76020
353959,79432
353980,957702
354047,509276
354047,1133106
354047,1066078
354065,725842
354065,554382
354068,828029
354068,1005262
354068,636686
354082,775268
354082,74771
354082,604828
354082,734505
354082,512149
354082,778267
354082,1159868
354082,559943
354082,155916
354082,919045
354082,33605
354082,1077688
354082,635173
354082,898125
354082,554382
354082,405640
354128,1019233
354128,345137
354144,21817
354144,476344
354189,144910
354189,1071295
35419,981849
3542,736011
3542,352389
3542,492448
3542,415695
354206,846413
354206,345215
354206,759882
354206,749465
354206,918055
354206,491391
354206,920561
354231,406350
354231,501706
354234,1065974
354245,780494
354245,569167
354245,877226
354245,853826
354245,963674
354245,1072492
354245,967479
354267,843335
354267,1081225
354267,554382
354267,1123227
354267,479851
354267,778267
354267,422950
354267,316702
354267,1158559
354267,54794
354267,872017
354267,604959
354267,380040
354395,719241
354395,140310
354449,260430
354449,3436
354545,1155008
354545,88674
354545,24918
354660,737299
354684,207165
354719,702508
354822,79864
354822,390746
354842,349258
354842,64390
354842,33225
354901,1039854
354901,119553
35495,598076
35495,155861
35495,376368
35495,419034
35495,1020285
35495,1128838
35495,935030
35495,70654
354988,1021543
354988,1044774
354988,57052
354988,777356
354988,856271
354988,165675
354988,976376
354988,558946
354988,614279
354988,577982
354988,853657
35500,691331
35500,793397
355043,335205
355043,701174
355180,1071776
355180,709541
355194,1073209
355194,575733
355200,705766
355200,253891
355200,472394
355200,901181
355200,16207
355200,559943
355224,832524
355224,81474
355224,236504
355224,387730
355224,568694
355265,10318
355265,193169
355265,279942
355265,928237
355271,747663
355277,111490
355277,282893
355285,598719
355286,598631
355286,1053436
355286,782172
355286,1166930
355286,1120684
355286,1064452
355330,893352
355330,84142
355330,735019
355330,1118030
355330,2048
355379,386776
355399,1090693
355414,620581
355420,746214
355420,13555
355420,109869
355420,716113
355420,169251
355420,257166
355420,145811
355420,217066
355420,765343
355420,311096
355420,314834
355420,683124
355420,548923
355420,554643
355420,169194
355420,723183
355420,775108
355420,120456
355420,833576
355420,436158
355420,386776
355420,497866
355420,843335
355420,909147
355420,173874
355420,454350
355420,189789
355420,534224
355420,192145
355420,677957
355424,1002947
355424,597466
355424,368592
355555,1003859
35565,1023964
355707,139748
355707,458637
355707,1143293
355707,846413
355754,780901
355754,771352
355759,704681
355770,290017
355770,150574
355770,169428
355770,434414
355770,206876
355800,107828
355800,805092
355800,123588
355800,292096
355800,33728
355800,1026642
355800,57293
355800,478977
355800,671272
355800,194173
355803,1097580
355820,712642
355827,650215
355827,825156
355827,758244
355827,357153
355827,781384
355827,497939
355827,1165887
355827,154464
355827,439994
355827,316463
355827,651132
355827,222698
355827,433443
355827,311260
355827,550645
355827,1125194
355827,445765
355827,401264
355827,755138
355827,884531
355827,2948
355827,810996
355827,355827
355827,54341
355827,362196
355858,284051
355858,945575
355884,114090
355884,1096677
355914,742461
355914,81474
35598,953191
35599,1089707
35599,670753
35599,693828
35599,150316
35599,464581
35599,721174
35599,27781
35599,797356
356134,60494
356134,196386
356194,1071692
356234,1012262
356234,1073209
356234,168402
356302,803946
356302,1053061
356302,843335
356322,757592
356322,696543
356322,351028
356322,578089
35633,988002
35633,830747
35633,42645
35633,699706
35633,898768
35633,972140
356334,256876
356334,302926
356340,852140
356340,222814
356340,1104990
356412,436643
356575,827580
356605,886073
356605,225227
356672,560436
356714,48087
356714,355200
356714,302051
356714,329321
356714,843335
356721,1113599
356721,424304
356721,65095
35678,904171
35678,485070
356784,1072492
356784,83795
356784,338645
356784,875887
356784,428196
356784,618979
35679,937639
35679,637529
356798,558946
356909,946975
356909,811812
357059,492448
357059,736011
357059,761787
357059,851982
357059,69594
357059,918900
357059,488336
357059,1157376
357059,721796
357059,1002537
357059,813247
357059,249529
357059,937438
357059,605516
357059,808094
357059,752946
357059,935460
357059,1082418
357059,596034
357059,733771
357059,358669
357059,10143
357059,1118769
357059,401524
357059,289335
357059,54802
357059,1089176
357059,415695
357059,968770
357059,916775
357059,571931
357075,504185
357075,559943
357075,638993
357075,1149875
357075,719204
357153,313227
357153,79432
357153,377077
357153,681298
357153,765343
357153,59543
357153,1107554
357211,861452
357211,873035
357266,651613
357266,384846
357266,1074922
357266,459528
357266,1092957
357266,604828
357266,257890
357266,943967
357266,1016615
357288,33528
357288,181326
357288,484751
357288,672378
35731,687667
357350,874745
357361,601329
357373,128632
357376,51127
357378,1157440
357378,503430
357395,457928
357403,776496
357403,15608
357428,875891
357459,468550
357491,303243
357491,832248
35750,479851
35750,294017
35750,823032
35750,683124
35750,652049
35750,843335
357501,664470
357501,30767
357531,717315
357585,47185
357585,280429
357585,1063109
357585,701174
357585,899374
357585,114090
357585,1095560
357585,417117
357585,1125388
357585,499254
357585,121201
357585,707900
357585,173132
357585,37903
357585,200182
357585,552465
357585,88405
357585,468064
357585,175106
357585,528508
357585,441471
357588,271268
357588,877658
357588,730166
357588,1103415
357625,1133106
357625,854092
357625,948883
357625,362695
357700,1123835
357700,326125
357700,943208
357700,856582
357712,1052613
357712,497636
357712,90852
357718,506462
357718,772795
357718,124429
357718,1107871
357736,181562
357737,9696
357737,851833
357737,357737
357737,1095233
357737,67970
357737,248989
357737,750187
357737,362815
357737,616049
357740,674141
357747,149052
357775,1118769
357775,175915
357775,454350
357775,638924
357775,843335
357775,1016029
357775,1153703
357775,65360
357775,207497
357775,149052
357775,1071972
357775,164494
357775,197375
357775,573012
357775,1115257
357775,989767
357775,1128112
357775,212911
357775,361391
357775,559943
357775,70653
357873,137674
357878,519778
357878,319645
35789,216345
35792,377709
357936,1057929
357946,1096557
357988,709541
357988,675170
357988,42181
357988,479097
358031,803079
358049,1019680
358060,645554
358173,956188
358181,940114
358187,1013688
358187,478031
358221,1115254
35828,488194
358367,258247
358367,465298
358367,770589
358367,953278
358367,731273
358367,536096
358367,70406
358367,634126
358425,653610
358569,946654
358569,94728
358569,358569
358569,1150316
358586,190497
358669,357059
358733,151958
358733,357059
358733,807985
358733,602696
358819,604828
358819,640099
358819,90040
358936,797800
359031,1165523
359080,666443
359108,1118769
359120,604828
359120,456647
359120,581110
359125,713049
359140,146249
359140,810161
359140,13507
359140,583327
359140,36202
359140,1080414
359140,628651
359140,851973
359140,729112
359172,770982
359273,1078801
359277,1096266
359384,1150734
359384,981691
359416,363185
359416,559943
359416,600199
359416,779220
359416,649333
359520,246370
359603,338655
359603,603785
359603,958349
359603,897873
359603,581486
359603,812341
359603,832956
359603,227821
359629,458846
359629,93730
359678,1163786
359678,94816
359678,29530
359678,386870
359678,87402
359678,771352
359678,654177
359711,170139
359711,177745
359711,1130903
359727,823052
359727,1003878
359727,843635
359727,163273
359730,1125108
359730,129752
359788,139248
359848,851730
359862,497290
359862,114281
359870,241965
359892,208816
359892,430241
359892,955332
359892,689012
359892,220831
359892,274989
359892,228676
359892,389711
359892,291857
359892,185225
359892,456436
359892,282410
359892,563388
359934,1155670
359997,1051363
359997,845614
359997,582463
359997,18885
359997,168402
36000,771352
36000,402010
360101,762374
360122,629288
360122,325246
360122,663445
360205,242500
360205,868729
360207,706181
360207,1047719
360223,381518
360229,966512
360229,339892
360229,95099
360229,7203
360229,447530
360229,497331
360229,467496
360229,514540
360229,1130396
360229,389395
360229,303356
360229,29460
360229,528177
360229,799875
360229,82497
360246,843335
360246,559943
360246,125618
360246,430840
360339,843040
360339,90837
360339,449173
360339,813208
360339,87598
360339,1116866
360339,933445
360339,911474
360339,823729
360339,85658
360391,36274
360413,626989
360413,616104
360413,716805
360413,988791
360413,707937
360413,494850
360413,864601
360551,798878
360551,299660
360551,27271
360551,990163
360551,220831
360551,208816
360551,667900
360551,337092
360551,382996
360551,955614
360587,813547
360587,110802
360587,439569
360601,843335
360634,339379
360740,766948
360740,165594
360740,847352
360740,9060
360740,955706
360740,849987
360740,862107
360740,379561
360740,944520
360740,307494
360740,317061
360740,658012
360740,1009134
360740,549259
360740,408477
360740,663220
360740,900955
360742,1032729
360742,1131966
360742,747405
360742,781384
360742,792762
360742,1007559
360742,956584
360742,399461
360742,152533
360742,42551
360742,550645
360773,206664
360790,677142
360790,88459
360799,609090
360799,609873
360799,141321
360799,386870
360909,998830
360932,573178
360932,652019
360933,142760
360933,457928
360933,301252
360971,773651
360971,228154
360971,98297
360971,526871
361002,559943
361035,451078
361035,175429
361035,1140014
361035,636255
361035,623236
361035,827148
361035,941057
361037,297441
361037,862662
361037,980780
361037,836560
361037,491221
361037,480845
361037,1065871
361172,676077
361172,513405
361181,1048695
361181,847352
361181,802864
361181,549259
361181,766948
361184,438025
361184,170501
361184,687614
361184,60144
361184,626059
361184,785557
361184,333056
361184,914989
361184,468430
361195,27781
361195,640099
361195,488926
361195,12418
361195,1062222
361215,730405
361215,37095
361215,853657
361215,167847
361234,1013040
361279,859372
361279,878788
361279,611813
361300,912853
361300,870092
361300,722239
361300,597860
361300,325139
361317,608311
361317,1090980
361317,159676
361317,559943
361334,309901
361334,488194
361375,768327
361375,812341
361391,933560
361391,164494
361391,136231
361391,1128112
361391,804229
361391,1016029
361391,1153703
361391,357775
361398,91158
361398,1021899
361398,923365
361398,1057145
361398,105000
361398,118540
361398,643698
361410,1071075
361410,278657
361410,437339
361410,904286
361423,184505
361455,517498
361455,1103055
361455,397476
361455,1099128
361455,546145
361455,1082418
361455,91576
361462,354988
361472,310311
361472,676028
361472,736556
361472,97514
361472,1085153
361488,254271
361498,957691
361505,357059
361505,535326
361505,492448
361505,605516
361511,257166
361604,485186
361618,596578
361618,96375
361618,1112553
361618,96710
361618,168402
361672,721608
361672,1082884
361672,1115765
361690,857320
361690,294515
361690,565159
361733,1025986
361799,684406
361815,184986
361815,1117793
361828,386402
361828,195555
361828,905620
361828,581486
361828,998076
361874,906050
361880,536125
361880,520707
361887,926543
361965,168924
361965,49993
36202,13507
36202,359140
36202,268914
362021,677142
362021,843335
362021,775108
36208,658057
36208,206379
36208,547653
36208,299684
36208,701229
36208,520191
362105,747354
362108,856122
362108,880963
362108,377709
362108,407691
362108,927264
362108,210866
362108,798246
362108,334509
362108,488368
362108,536600
362108,393405
362108,28521
362115,1103055
362123,128317
362142,736714
362142,246458
362142,451830
362142,938599
362172,734157
362172,847881
362172,350317
362196,433443
362196,373005
362196,1091338
362203,540690
362203,791515
362203,999978
362203,823934
362203,420851
362203,1115765
362203,390244
362203,326141
362203,852485
362203,1031071
362203,350146
36221,554382
36221,771352
36221,568022
36221,1104990
36221,21568
36221,852140
362210,361455
362210,512623
362330,119850
362405,630185
362405,225791
362408,94816
362408,683124
362408,115074
362456,638924
362456,588202
362456,1064631
362551,817822
362551,1161157
362559,548487
362559,907003
362559,734157
36256,982139
36256,782937
362586,380203
362586,309324
36260,249582
36260,232132
36260,696305
36260,668368
36260,297954
362616,158985
362619,69676
362619,199781
362619,349376
362619,567753
362619,188175
362619,531537
362619,441791
362662,719758
362662,277432
362662,975890
36269,631406
36269,1151613
36269,870054
36269,1051322
362695,706586
362731,272326
362731,377273
362815,453340
362815,207552
362815,94728
362815,1118769
362815,554962
362815,1072292
362815,551499
362815,438736
362815,792590
362815,30767
362815,290017
362815,1080733
362815,657126
362815,167847
362815,1000371
362815,410503
362815,296684
362815,1066909
362815,870765
362815,8850
362815,907499
362815,379452
362815,588446
362815,843335
362850,747405
362850,834594
362850,424059
362850,221278
362850,311883
362850,934782
362850,897873
362850,592674
362850,1141003
362850,801013
362850,183509
362976,329407
362976,521597
362989,124429
363039,711195
363039,242804
363039,316367
363039,33605
363039,554382
363039,71357
363039,754261
363039,290017
363039,610418
363039,846932
363039,479851
363039,1044597
363039,389716
363039,746824
363039,1059083
363039,778283
363039,856897
363039,843335
363039,363784
363095,559943
363095,1097338
363095,223295
363095,239354
363095,178646
363095,1036649
363095,640021
363095,640463
363095,870765
363095,310912
363095,843335
363095,744107
363095,10143
363151,13751
363151,236088
363151,94298
363151,1062222
363151,386870
363172,779220
363185,359416
363185,779220
363185,1152554
363283,91734
363283,178001
363283,1067619
363290,818305
363291,519270
363314,117172
363331,70253
363331,300252
363331,1017710
36337,779415
36337,493782
36337,547803
36337,33270
36337,961286
36337,157504
36337,843335
36337,89540
36337,841016
36337,341040
36337,517758
36337,800922
36337,43636
36337,955027
36337,433139
36337,541110
36337,239083
36337,216223
36337,649856
363378,17293
363378,797962
363378,580205
363378,11254
363378,910213
363378,1142475
363391,838987
363449,1143861
363449,427865
363471,24155
363471,563125
363471,1141266
363471,933263
363513,517553
363513,1062222
363513,721174
363513,679966
363513,169673
363513,271544
363513,267790
363513,528177
363515,318226
363515,1110387
363675,916996
363675,638924
363675,248989
363688,450085
363688,543524
363698,112970
363698,439107
363698,361035
363698,599171
363698,175429
363698,578458
363698,775122
363784,296598
363784,389716
363784,903022
363784,692500
363784,843335
363784,852319
363784,771352
363784,559943
363784,926410
363795,491907
363795,629327
363795,1053400
363795,252297
363795,372200
363891,403438
363891,257067
363891,473355
36392,153093
36392,1139312
364036,673255
364036,413067
364036,424459
364036,911403
364036,884911
364036,898717
364036,567178
364036,1165542
364036,546145
364145,646576
364145,532035
364237,749646
364237,237477
364237,1134946
364237,312408
364266,906141
364266,800585
364266,887528
364266,244533
364266,511457
364266,43847
364266,721455
364266,414949
364266,248896
364266,118048
364266,693306
364266,577710
364266,512132
364266,684398
364266,449173
364266,358912
364266,958697
364308,652179
364329,804585
364329,353464
364329,809534
364329,1080907
364430,23897
364430,631906
364430,552341
364468,1132467
364468,447530
364468,339892
364468,1135014
364468,497331
364527,199025
364537,111141
364537,38100
364537,589590
364552,1020421
364552,605588
364552,158272
364591,125978
364636,559943
364636,613994
364636,197813
36466,340575
36466,425132
36466,809897
364721,1128763
364751,1113957
364763,132163
364763,474218
364763,1089176
364763,998703
364779,997502
364779,227887
364793,730783
364793,407124
364793,10143
364805,167665
364805,1047719
364805,41191
364805,485692
36481,770975
36481,669571
364811,821167
364813,663562
364813,351297
364813,830433
364861,1057077
364861,334720
36492,538811
36492,826283
36492,883762
364932,220054
364932,1118769
364936,59729
364936,377442
364946,676772
364948,1110304
364948,145974
364948,975311
364989,941933
364999,347918
364999,897324
364999,130966
364999,1016571
364999,829569
364999,27781
364999,507376
364999,129921
364999,870131
364999,102493
365000,406350
365000,462222
365048,1153205
36510,168402
36510,119355
365156,746984
365156,847023
365156,1057145
365156,533832
365156,524244
365156,140383
365156,683124
365156,515210
365156,559943
365185,699982
365187,81275
365234,367806
365234,190691
365234,895691
365234,77173
365234,311958
365234,305374
365243,451010
365307,157504
365307,216223
365347,1086357
365348,193419
365348,691976
365382,747405
365455,314834
365455,1093877
365455,216183
36548,1071990
365517,371643
36552,472226
36564,733930
36564,700852
365722,1063942
365722,458598
365722,978039
365722,846572
365743,1092957
365805,1132487
36584,424392
36584,419478
36584,635906
365842,709918
365842,1121309
365842,1013579
365842,594453
365842,483106
365842,942802
365842,64999
365844,697260
365855,465809
365875,125053
365875,609193
365929,734157
365929,840670
365932,94971
365976,103701
365986,385303
365991,1096809
365991,574900
366014,879246
366014,1016571
366014,852705
366056,302926
366056,976522
366056,558867
366056,404137
366056,860965
366056,611921
366161,1022196
366161,171218
366161,818010
366161,102054
366175,888591
366327,550645
366327,330506
366327,503031
366347,1103415
366347,715789
366532,407398
366574,30086
366574,932497
366591,102827
366644,350542
366644,207430
366705,559943
366705,435964
366705,469581
366705,600199
366705,736329
366705,1004606
366705,790516
366705,140259
366705,554382
36671,853975
36671,859222
366725,1167202
366741,547011
366741,554382
366763,1059691
366815,339892
366815,430324
366815,271991
366815,29460
366819,778951
366876,637221
366876,356714
366876,617496
366876,335721
366876,856776
366876,415333
366876,735605
36694,204645
36694,1019233
36694,1142918
367012,369339
367028,247005
367028,314477
367095,329407
367157,413672
367157,779915
367174,442171
367174,451278
367174,721174
367180,1088211
367180,676028
367180,796566
367257,652464
367257,646481
367291,892536
367291,1000649
367291,924426
367293,601132
367293,782613
367293,1033230
367293,720465
367376,988554
36744,791896
367471,1022196
367471,102054
367471,171218
367491,395254
367495,809358
367495,222699
367495,59498
367562,864263
367583,390457
367583,1031538
367665,114090
367665,899374
367665,725469
367665,691228
367755,843335
367806,895691
367806,305374
367806,173709
367806,190691
36784,405102
36784,969414
367888,282410
367888,1057806
367888,70434
367888,153422
367930,403858
367952,289983
367978,135679
368081,673357
368081,385821
368177,559943
368177,386605
368177,781852
368177,1044877
368177,255249
368177,193419
368177,348738
368177,210973
368177,413938
368177,17271
368177,413901
368177,117532
368177,424865
368177,749482
368177,201585
368177,875887
368189,869339
368189,654738
368247,189960
368322,971223
368389,762374
368391,967612
368423,861452
368458,601763
368541,534047
368549,889817
368550,873983
368550,768368
368550,648532
368550,1052450
368561,421871
368562,338575
368562,381511
368562,64531
368585,778987
368592,597466
368592,355424
368592,977606
368592,822603
368642,933810
368642,537880
368658,931158
368658,202394
368711,29460
368712,527729
368712,994176
368712,755781
368712,832524
368810,107759
368810,1083848
368810,968632
368810,707804
368810,720321
368847,241651
368863,453075
368882,24459
368884,207880
368884,1057806
368884,657590
368887,988862
368916,28149
368916,386870
368916,720081
368916,945162
368916,1093805
368916,1027725
368947,479851
368947,610418
368947,843335
368958,1038608
368978,870162
368978,903599
36901,1090020
36901,738942
36901,511899
36901,663243
36901,27781
36901,212671
369035,1137603
369035,1103415
369035,584900
369035,1035891
369035,457928
369036,769776
369036,558636
369036,849987
369036,591888
369036,399114
369036,986240
369052,38199
369055,59958
369063,145908
369135,1116429
369135,725357
369135,1000371
369135,646195
369142,136208
369142,77920
369156,330536
369156,134670
369187,17434
369187,304551
369192,1103959
369192,376483
369192,526871
369192,1161157
369192,416694
369192,1083323
369192,472226
369192,342372
369192,457880
369192,828237
369192,825075
369238,52754
369260,219246
369260,1057289
369260,192598
369260,984141
369260,735900
369282,386402
369283,369283
369339,367012
369339,652386
369339,498212
369353,407737
369353,115647
369353,360229
369406,272326
369406,942551
369406,778190
369406,993565
369406,901850
369406,1112044
369406,1021132
369406,724767
369406,1062222
369406,945575
369406,667011
369406,315587
36945,719758
36945,957571
369456,1005604
369456,735514
369456,612500
369456,595066
369456,717569
369456,1125612
369456,19984
369456,473305
369456,549232
369456,1005176
369456,137518
369456,168402
369486,717183
369525,426658
369525,493782
369525,341040
36953,48368
36953,386402
369716,548476
369716,251954
369716,904505
369718,914502
369735,569425
369735,431784
369735,927857
369735,803347
369735,717221
369825,614041
369826,747405
369826,916553
369828,1031582
369828,721174
369828,942094
369922,366741
369922,141064
369922,374757
369922,647703
369922,554382
369922,525042
369922,705766
369922,723703
369922,294979
369922,1009203
369922,903347
369922,981176
369922,159349
369922,848909
369922,559943
369922,232630
369938,654048
369938,353332
369938,762102
369938,196072
369938,1096036
369938,765763
369938,997184
369938,719653
369938,335510
369938,93972
369938,377442
369938,973763
369938,567178
369938,431480
369938,884911
369938,424459
369938,554382
36994,41770
369941,245909
369985,1124080
369985,1023661
369985,879510
369985,229652
370006,162806
370006,855030
370006,980926
370006,204645
370006,171679
370006,554382
370006,559943
370006,719204
370006,600955
370006,630825
370006,850830
370006,1042381
370006,248481
370006,954289
370023,1073984
370027,217528
370139,928605
370139,907094
370139,593533
370139,221759
370139,1082884
370139,479851
370139,10143
370139,155417
370139,554382
370139,950557
370139,33605
370139,782337
370139,786492
370139,274989
370139,547869
370139,894679
370139,1118769
370139,256876
370139,309335
370139,186393
370139,650261
370139,976522
370139,1147934
370139,610856
370139,975890
370139,549259
370139,557331
370231,657729
370231,320464
370231,852556
370231,20349
370231,711092
370257,858073
370257,97229
370257,572259
370267,96375
370281,490464
370281,723421
370281,942802
370281,573326
370281,1062880
370281,981849
370281,676271
370326,973289
370326,911960
370329,997590
370333,1031538
370364,713803
370364,601309
370454,433977
370454,841238
370454,959476
370454,625612
370496,243054
370496,801013
370551,1030899
370551,699834
370551,474218
370551,1097633
370551,474801
370551,688148
370551,962042
370606,965853
370625,207165
370671,251329
370671,272330
370671,1040078
370671,1120831
370671,90728
370671,878090
370671,482995
370671,700540
370671,523396
370671,163379
370671,433139
370671,1124931
370671,721532
370671,31264
370671,403709
370671,445011
370671,957694
370671,275433
370671,151444
370671,675834
370671,157857
370671,250961
370671,597791
370671,948898
370671,456593
370671,274989
370671,171451
370671,483286
370671,676147
370671,31937
370689,597172
370700,676231
370721,376483
370721,393383
370762,370762
370762,554962
370762,94728
370762,69932
370762,1066909
370853,643351
370853,988002
370853,1087424
370853,140188
370853,497636
370853,671272
370853,386402
370853,213328
370853,798695
370921,601905
370921,910765
370921,1150503
370921,317912
370921,971614
370922,763245
370922,1154461
370922,15760
37095,167847
37095,361215
37095,853657
37095,262906
37096,233515
37096,75163
371003,386776
371003,253433
371003,513405
371022,633963
371022,202585
371040,935207
371040,83523
371040,806449
371068,1080558
371068,855614
371068,701476
37107,277432
37107,719758
37107,224819
371081,986812
371089,457928
371089,80405
371158,1061699
371158,152376
371158,1122816
371158,163533
371158,404351
371176,557556
37120,739562
37120,304240
37120,843335
37120,960278
37120,750472
37120,870765
371270,295567
371343,48087
371343,127217
371343,171220
371343,888756
371343,346342
371343,1160918
371343,356714
371355,812809
371355,1080383
371355,1089707
371355,1146131
371355,1049865
371355,687676
371355,338496
371355,346473
371355,332140
371355,1066078
371355,271544
371355,696210
371355,895489
371359,37907
371359,428469
371359,575444
371359,1088082
371359,745790
371448,1099890
371488,737656
371488,439873
371488,293378
371528,647671
371586,248481
371586,600955
371586,374664
371586,494241
371586,1103349
371586,401264
371586,876886
371586,1050126
371586,554382
371643,529578
371643,431855
371643,365517
371715,852441
371715,1076920
371715,266205
371715,656853
371727,42645
371727,552796
371727,237820
371727,946975
371727,811812
371727,786492
371727,878788
371727,459706
371727,352787
371727,399344
371727,62512
371727,830747
371727,776123
371727,642205
371727,737560
371727,988002
371727,699706
371727,145687
371727,1062222
371727,664987
371727,1057929
371727,611813
371728,46545
371728,995929
371728,334100
371728,237548
371728,483237
371728,257336
371735,436643
371774,94024
371793,1084515
371803,386827
371803,290017
371828,468805
371862,1046252
371862,988002
371862,701313
371862,122862
371862,496840
371862,642205
371862,859372
371862,832051
371862,432405
371862,946975
371862,973615
371862,902319
371862,577982
371862,329895
371862,792932
371862,42645
371862,699706
371862,778190
371862,615577
371862,291909
371862,386402
37190,234909
371913,933141
371949,37817
371949,123534
371949,842752
371954,837699
371954,114090
372051,976522
372051,559489
372051,610095
372051,10143
372159,943967
372159,1027749
372159,377267
372159,852717
372159,21664
372159,539533
372159,879246
372159,304843
372159,76700
372159,590256
372159,910326
37216,1118769
37216,207824
37216,526871
37216,983019
37216,271587
37216,450290
37216,554382
37216,289039
372188,1100292
372200,773518
372200,817437
372200,66155
372200,1035165
372200,904262
372200,950201
372200,1116789
372200,137719
372200,103032
372200,1053400
372200,649991
372200,278806
372200,252297
372200,772795
372200,319347
372221,509681
372221,441026
372223,515733
372223,1064981
372227,90821
372227,229690
372227,96727
372227,805649
372227,1094217
372227,953113
372227,1005262
372227,875887
372227,117797
372227,605967
372227,140930
372227,483048
372361,34989
372361,902464
372361,179955
372361,114916
372361,719204
372371,813561
372371,564726
372371,1135674
37241,885102
372424,150348
372424,122757
372424,274128
372424,481708
372424,573683
372428,321867
372428,724151
372532,1099264
372680,1141295
372680,786492
372680,852485
372680,1134781
372680,592390
372724,1167051
372724,799295
372728,785477
372728,849987
372802,403438
372802,804262
372829,665157
372829,843335
372829,1019233
372829,408149
372829,302051
372829,353912
372857,480445
372857,21100
372857,262260
372857,1091699
372894,181964
372894,15362
372898,125478
372914,432707
372955,639972
372955,1103415
372955,763852
372955,581828
372993,1133084
373005,1091338
373005,550645
373005,362196
373005,812645
373054,509793
37308,165675
373159,577982
373159,206155
373230,207288
373360,315607
373360,324320
373360,635742
373360,250233
373360,857758
373360,86736
373392,1066481
373438,23156
373438,427821
373462,346767
373462,444337
373462,554538
373462,597466
373462,551738
373462,897543
373462,1130650
373462,794820
373462,325412
373462,678243
373520,178898
373520,933844
373520,956188
373520,181326
373597,612500
373597,845761
373597,948768
373597,15935
373597,723044
373597,695091
373597,717569
373597,379200
373597,222620
373597,1151246
373597,1005176
373607,873498
373607,833211
373676,310752
373676,700729
373685,1116928
373685,475332
373685,320360
373685,665157
373685,814668
373694,945635
373694,33932
373694,373694
373694,805942
373722,607777
373722,542464
373737,769776
373737,760257
373779,734157
373779,1033173
37378,216223
37378,157504
373807,135688
373807,725469
373811,45094
373861,666443
373861,120228
373912,554382
373942,551281
373952,596578
374036,163473
374036,770244
374050,286375
374050,492637
374050,283575
374050,759765
374050,621712
374050,240776
374050,740165
374050,481969
374050,779477
374050,1037679
374050,187827
374050,175698
374050,1043395
374066,636556
374066,107328
374066,361505
374066,736011
374066,476385
374066,980392
374066,605516
374066,1030822
374066,492448
374066,18057
374066,84510
374066,776976
374066,357059
374066,77991
374108,434414
374108,355770
374123,448852
374123,336267
374187,1066078
374187,701856
374215,854854
374215,999599
374215,28762
374215,652314
37427,529693
374350,188309
37436,622869
37436,310392
37436,849023
37436,126545
37436,785852
37436,1016091
37436,512633
374476,108424
374476,238892
374476,461059
374533,841426
374533,675170
374563,962058
374563,684535
374563,734142
374563,924426
374563,843335
374563,892536
374597,368978
374597,410910
374597,870162
374597,903599
374664,204645
374664,371586
374664,288214
374664,386827
374664,248481
374664,93169
374699,606894
374699,770589
374699,903105
374699,383098
374699,893577
374739,463850
374739,1071514
374739,898449
374747,674716
374747,72430
374747,132032
374747,1083848
374747,107759
374747,819884
374757,369922
374757,1091949
374757,262850
374795,1093682
374795,771352
374795,610418
374795,28265
374795,847947
374795,1117314
374795,559943
374795,479851
374795,853404
374820,148557
374820,1141834
374845,467065
374845,479851
374845,45773
374878,133739
374948,159870
374948,1126082
374948,39168
374973,929397
374973,675427
374973,395353
375026,317061
375026,707971
375026,658012
375026,1017433
375026,253725
375085,572147
375085,646028
375128,372200
375128,139438
375135,259
375135,756690
375138,895691
375138,90040
375138,173709
375138,963149
375218,573132
375218,961686
375218,535227
375218,550645
375218,392466
375220,779477
375220,1133682
375268,736544
375312,48926
375312,94026
375313,1058287
375313,74721
375313,475904
375313,47122
375313,34356
375313,858994
375313,1080006
375313,245110
375313,255005
375313,735871
375313,295787
375313,116404
375313,797925
375313,747227
375313,1044442
375313,274056
375320,27781
375320,694606
375320,626989
375320,341834
375320,983274
375320,1164276
375320,405190
375320,1028557
375320,12765
375320,528177
375335,779417
375335,279569
375335,723141
375335,103280
375335,550041
375373,894004
375373,1066078
375373,1133106
375373,608753
375384,4046
375447,279025
375447,290017
375447,93895
375447,19573
375447,820169
375447,1163193
375447,482612
375447,1062222
375447,386827
375447,531413
375447,903347
375447,1155008
375550,1009677
375552,812341
375557,1151548
375557,372542
375557,790837
375557,4306
375557,848752
375584,412692
375584,549182
375584,402834
375584,316897
375584,604828
375584,870765
375584,559943
375584,37739
375584,843335
375584,473597
375584,1073449
375601,436800
375621,1003351
375621,58557
375622,1050201
375622,841661
375622,168323
375661,1066078
375661,1133106
375662,417716
375662,768327
375680,278538
375734,635173
375734,421430
375734,853432
375734,42645
375734,445018
375734,50697
37576,1165542
37576,424459
375790,180667
375790,894004
375863,550645
375863,468048
375933,681536
375933,566262
375937,91112
375937,73692
375937,305092
375937,844385
375938,693828
375962,882087
375962,533033
375969,767240
375969,413397
375990,870556
375990,1001889
375996,577982
375996,815895
375996,1112044
375996,1082884
375996,57526
37601,945988
37604,846413
37604,113496
37604,491391
37604,458637
37604,1017699
37604,287217
376083,928344
376083,225136
376083,33605
376083,94816
376083,992202
376083,247511
376083,1139928
376083,216223
376083,681330
376083,971748
376083,734505
376083,479851
376108,789199
376108,502681
376125,931841
376163,29494
376170,228586
376170,4070
376174,326141
376174,1115765
376174,37907
376174,230043
376174,350146
376174,416571
376174,1097443
376193,1064452
376193,1166930
376193,519629
376193,517296
376193,592450
376193,585716
376252,360740
376252,362662
37626,547706
376273,585387
376273,1049344
376273,92378
376273,554382
376280,528177
376280,40518
376280,230202
376281,1122475
376281,1089176
376281,812459
376281,479851
376281,935460
376281,843335
376281,290017
376281,554382
376281,492448
376281,377442
376281,25080
376281,103280
376281,386827
376281,7190
376281,951155
376281,357059
376281,1126894
376281,410300
376292,719737
376292,671272
376292,386402
376292,1006201
376338,767005
37635,919136
37635,65755
37635,842911
37635,852485
376368,1043801
376368,1131051
376368,598076
376368,1080907
376368,364329
376368,804585
376368,1071916
376368,860598
376368,94889
376368,761409
376368,376368
376368,1020285
376368,809534
376427,699979
376483,804899
376483,56973
376483,450290
376483,1082418
376483,173097
376483,306253
376483,876963
376483,131053
376483,342912
376483,1003859
376483,98297
376483,762374
376483,783654
376483,526871
376483,1083782
376483,676965
376483,394069
376483,22381
376483,772795
376483,983019
376506,1138839
376528,827193
376528,1103415
376528,933292
376532,896228
376532,854199
376532,1103055
376536,305466
376536,855700
376593,639607
376593,259022
376691,877280
376691,896000
376691,586008
376737,477037
376737,704327
376737,368978
376737,870162
376737,903599
376783,128631
376783,483081
376872,912442
37692,207165
376927,453802
376927,334293
376972,216886
376972,1036860
376972,267227
376972,874745
377012,156494
377012,860965
377012,903347
377012,907094
377012,164972
377012,247261
377012,971111
377012,323980
377048,606
377048,591901
377048,958697
377062,115323
377077,765343
377077,108095
377077,1109905
377077,357153
377077,555335
377077,496915
377077,1107554
377086,36337
377086,982402
3771,779220
3771,600199
3771,554382
3771,1062222
3771,1152554
3771,620374
3771,559943
37710,836586
37710,168402
37710,187827
37710,931489
37715,577411
377153,203284
377153,407737
377193,763480
377200,236837
377200,334720
377204,872176
377267,372159
377273,40968
377273,1021132
377273,283542
377273,724767
377273,386402
377273,352295
377273,272326
377273,224752
377273,1112044
377273,529253
37736,308882
377360,187827
377389,191062
37739,1149283
37739,954460
377436,766948
377436,549259
377438,1127520
377438,1145401
377438,502514
377440,777553
377442,482114
377442,554382
377442,464580
377442,310365
377442,549182
377442,807779
377442,536600
377442,610095
377442,36337
377442,492448
377442,263761
377442,113407
377442,916996
377442,918154
377442,493122
377442,1095233
377442,364936
377449,397957
377449,470919
377449,300193
377449,335790
377449,458609
377449,1009264
377449,494468
377449,433139
377449,745790
377449,630185
377449,1048648
377449,843335
377449,523950
377518,879246
377518,867406
377540,1047719
377586,1047719
377586,706181
377630,1086501
377630,1000016
377631,281260
377665,694570
377665,946699
377665,716403
377709,402263
377709,851714
377709,1141480
377709,13555
377709,362108
377709,438994
377709,393405
377709,334509
377709,800930
37771,190860
377735,240350
377744,858767
377802,628418
377804,47654
377809,1125445
377817,640099
377817,488926
37790,795415
37790,826275
37790,849438
377940,494468
377940,315167
377957,953682
377992,826937
377992,398480
377992,454350
378007,762374
378007,588654
378022,1080437
378060,309549
378060,761401
378126,304551
378126,741806
37813,683732
37813,158309
37817,346300
37817,249665
37817,216354
37817,842752
378223,968336
378232,794801
378232,409918
378232,158866
378304,175368
378322,484797
378322,899374
378322,499254
378322,549563
378322,417117
378322,181110
378322,898372
378322,552465
378322,1036486
378322,1097049
378322,731747
378333,1125982
378333,442399
378333,121889
378380,929510
378380,137783
378449,610800
378449,812341
378449,65670
378449,1085162
378449,1040065
378449,995215
378449,768327
378449,958349
378449,448872
378467,549158
378467,319547
378488,734157
378488,847881
378488,932581
378522,431117
378522,228154
378522,914407
378522,98297
378522,960616
378523,323140
378523,149832
378523,1073716
378523,832509
378523,609002
378547,724886
378655,206310
378655,768327
378655,812341
378727,579475
378727,1119910
378727,1118769
378727,592720
378727,1082418
378727,420647
378727,577341
378808,601309
378851,159229
378851,58537
378851,602716
378851,195858
378914,611363
378914,681166
378914,753146
378924,778190
378946,529648
378951,892110
378951,774218
378951,893825
378951,1022896
378958,88896
378958,1056164
378968,536493
378968,87447
378968,973150
378968,316114
378968,329407
378983,161467
378983,756117
378983,769776
379014,50509
379014,1052437
37903,899374
37903,88405
37903,126854
37903,114090
37903,47185
379066,833846
379066,1074700
379066,926410
37907,1115765
37907,169093
37907,37907
37907,527971
37907,523142
37907,727422
37907,217880
37907,745790
37907,792590
37907,498746
37907,230043
37907,1097443
37907,416571
37907,750743
37907,693417
37907,622033
37907,610095
37907,386827
37907,1053588
379106,52217
379106,608615
37913,79261
379143,1136718
379143,239507
379143,848588
379143,667934
379143,1144975
379143,980954
379200,717569
379200,1027725
379200,381018
379200,251027
379200,948768
379200,88229
379200,15935
379200,905962
379200,1119347
379200,28149
379200,373597
379353,907751
379353,604828
379353,160977
379371,78761
379371,255561
379371,747405
379380,307902
379380,24088
379380,974902
379380,168402
379380,70090
379380,631807
379423,117948
379423,240350
379423,996978
379423,494365
379452,1000371
379452,1018682
379452,877141
379452,139422
379452,216223
379452,873005
379452,551499
379561,1093431
379561,766948
379561,360740
379561,549259
379567,527971
379567,498895
379567,494468
379626,1016766
379664,241879
379664,811376
379664,1076001
379664,315513
379664,926587
379665,334460
379665,120614
379665,515816
379665,964510
379665,543682
379665,1126894
379668,448709
379668,465262
379878,559943
379878,554382
379891,601888
379893,407430
379893,601285
379893,969972
379893,763237
379893,49993
379893,121464
379893,452050
379928,771352
379928,647885
380016,874745
380016,312564
380016,940114
380016,233515
380016,942007
380025,715113
380025,1033388
380025,1071671
380040,354267
380040,843335
380040,889817
380040,473249
380040,856897
380040,856776
380040,415333
380040,456002
380040,1135327
380040,1050126
380040,428080
380040,368549
380040,811976
380046,411516
380046,963828
380046,592674
380046,20866
380046,1085162
380079,1016305
38010,702508
380111,388477
380117,725592
380117,827193
380203,975890
380203,897168
380249,799986
380249,798796
380304,577982
380304,647671
380304,529648
380304,94175
380304,168402
380304,386402
380304,300396
380304,484797
380327,907140
380327,1032052
380338,647088
380338,848909
380338,630825
380338,855798
380345,484797
380353,460421
380353,380353
380353,622772
380353,81717
380381,1106025
380381,806953
380446,256876
380617,546878
380617,192203
380617,1163802
380617,233580
380617,287262
380617,405385
380673,877858
380673,416364
380673,1011676
380673,220436
380673,476344
380673,938599
380673,724900
380728,542609
380728,605588
380728,652464
380728,367257
380728,235311
380728,646481
380728,1090708
380728,294017
380733,1095233
380733,697941
380733,524244
380733,634319
380733,750108
380733,432234
380733,922179
380733,877541
380733,959390
380733,36260
380733,33131
380733,668368
380733,28656
380733,810822
380911,897109
380911,702509
380956,522474
380956,46704
380956,646635
380990,827580
38100,892691
38100,364537
38100,1011854
381018,379200
381018,531700
381018,15935
381018,612716
381018,304240
381018,21901
381018,509892
381018,339478
381052,482987
381052,823729
381052,804262
381052,473355
381052,846723
381052,372802
381052,257067
381052,798897
381056,244996
381056,238307
381094,817788
381139,1105921
381139,231020
381139,532622
381139,652736
381190,975890
381190,223264
381190,843335
381201,208187
381262,740927
381262,1040609
381322,386827
381334,620911
381334,95099
381336,22845
381336,685751
381409,799153
381409,997755
381409,247172
381409,823826
381409,990617
381409,1090020
381409,854416
381409,38010
381409,137323
381502,741162
381502,257336
381502,944598
381502,569337
381502,889010
381502,224973
381502,1007491
381518,683124
381518,360223
381525,430088
381525,386827
381525,959092
381595,727093
381595,174390
381600,372159
381618,870765
381618,843335
381634,393383
381634,818696
381634,828212
381634,54538
381644,386776
381644,989894
381755,554382
381803,1118839
381803,46698
381803,871308
381803,663220
381807,1003859
381826,276734
381856,225679
381887,954318
381887,780901
381887,540950
381928,386402
381928,534891
381928,577982
38196,685202
381962,457907
381985,467650
381985,231325
381985,155433
381985,998221
38199,369052
382013,274989
382013,338575
382106,843335
382106,855000
382120,786492
382120,948691
382136,1027552
382136,135230
38214,207509
38214,290820
382147,643264
382147,597466
382155,638924
382155,723183
382155,608382
382155,1113286
382181,276307
382181,226812
382231,573558
382326,277432
382326,975890
382326,1163563
382326,766948
382372,799065
382372,261962
382372,302926
382372,982484
382372,366056
38238,940703
38238,408149
38238,839768
38238,44502
382401,896381
382401,445162
382401,1031836
382401,817822
382401,382401
382432,707901
382432,1080006
382436,1210
382468,605516
382468,966474
382468,498051
382468,786028
382468,492448
382468,357059
382468,374066
382468,77991
382485,878873
382485,87594
382485,770737
382640,598329
382679,1085153
382679,1089707
382679,676028
382683,13164
382683,963944
38269,329399
38269,677812
38269,1144699
382793,42989
382812,543412
382812,519288
382812,459320
382812,40968
382884,856776
382884,549182
382897,974742
382897,497636
382897,1166930
382897,409663
382897,99633
382897,23055
382914,530983
382914,805092
382915,615204
382968,995249
382968,644721
382996,734152
382996,199094
382996,955614
382996,563388
382996,228676
382996,185358
382996,274989
382996,23705
382996,990163
382996,729789
382996,291857
382996,27271
382996,360551
382996,40113
382996,708929
383001,1107022
383001,953113
383001,413901
383001,622010
383014,1082418
383018,591266
383018,449641
383033,239083
383063,1027389
383063,1002152
383063,595680
383063,293871
383068,428271
383077,164287
383077,871212
383098,383098
383197,60737
383197,577428
383197,1103415
383197,196773
383220,967801
383220,765343
383220,478262
383336,587582
383385,989690
383419,510856
383431,27781
383431,271544
383431,346296
383446,824685
383446,489438
383513,192203
383513,77392
383513,720183
383541,707969
383615,621231
383615,592024
383615,845487
383615,978105
383615,236223
383615,631906
383615,684784
383615,349984
383632,57197
383644,246819
383644,798878
383666,454227
383743,531413
383743,13751
38377,1071958
38377,240350
38377,1159596
38377,906329
38377,189789
38377,259852
383783,180716
383834,251053
383834,862561
383834,562293
383900,859372
383913,927247
383949,675219
383949,922574
384036,634210
384036,177552
384101,550333
384101,36337
384125,1122475
384125,818564
384125,625670
384125,894922
384144,120036
384144,469239
384144,966008
384144,111892
384144,124016
384144,841847
38417,792590
384182,280959
384182,397650
384182,232630
384182,613994
384199,735188
384201,374066
384201,968770
384201,10961
384201,1021676
384244,359277
384244,1096266
384255,1090708
384255,835829
384255,235311
384255,542609
384264,210419
384296,320081
38441,31246
38441,918154
384422,168402
384422,104608
384422,1057806
384422,34193
384471,384471
384486,782227
384486,759778
384486,567643
384532,1153456
384560,878859
384560,676861
384560,594453
384560,287243
384560,943191
384560,391575
384560,936022
384560,492312
384560,735075
384612,183509
384612,89447
384613,571230
384616,174567
384616,823635
384643,124724
384663,56973
384663,376483
384663,129988
384663,681259
384663,886073
384707,943208
384780,106786
384780,119665
384780,370139
384780,976522
384780,860965
384780,366056
384780,1157438
384810,1163558
384810,47366
384827,86045
384846,459528
384846,1149283
384846,304843
384846,242804
384846,943967
384846,76700
384846,246370
384877,166595
384877,971614
384877,935419
38490,224702
38490,782549
384907,996860
384918,668471
384927,805092
384927,635030
384927,418885
384978,1023461
384978,204786
384978,222160
384994,577778
384994,326642
384994,1073209
384994,87937
384994,186377
384996,330506
385043,475893
385043,569299
385043,3104
385043,848909
385043,903347
385059,58537
385059,195811
385059,195858
385059,701313
385059,878788
385059,824598
385059,786104
385059,1043449
385059,973615
385059,809932
385059,62512
385059,730928
385059,642205
385059,216907
385059,988002
385059,1118769
385093,238460
385093,1137367
385093,27781
385093,488926
385098,1033120
385102,393405
385102,516961
385102,796832
385194,385416
385194,258665
385303,365986
385303,124872
385303,152493
385320,679966
385320,271544
385329,1116789
385351,828899
385392,149877
385392,606255
3854,354842
385406,956188
385406,33225
385406,946425
385406,803946
385406,204645
385406,71357
385406,888756
385406,302051
385406,741854
385406,1094415
385406,1066078
385406,682914
385406,1033388
385406,1117314
385406,554382
385406,610418
385407,361391
385407,933560
385416,879858
385439,1073209
385439,1092924
385439,33131
385439,737445
385439,668368
385439,226462
385439,254992
385448,646888
385448,87862
385448,995042
385448,951226
385448,770589
385448,490873
385448,70406
385448,606894
385448,802570
385483,685541
385484,189549
385498,539521
385498,54947
385498,769303
385498,334720
385659,959058
385659,465608
385659,1140767
385659,894305
385737,387239
385737,180088
385743,771545
385775,863904
385775,829267
385775,86903
385775,471409
385785,60144
385785,390236
385785,785946
385821,368081
385821,165837
385844,846932
385844,248481
385848,863837
385848,560652
385886,884916
386003,416647
386003,690525
386059,102093
386059,221724
386059,823456
386059,1072492
386059,937753
386059,250223
386059,469848
386059,1041325
386059,442567
386059,987768
386059,967479
386059,323611
386059,768987
386059,290017
386059,1094217
386059,704801
386059,963674
386059,229690
386059,608615
386059,875887
386059,802294
386061,81474
386061,759778
386061,234861
386061,32500
386061,610095
386061,787465
386061,693923
386117,1062880
386117,408346
386117,942802
386117,68093
386117,1092100
386117,75301
386117,909773
386117,981849
386147,646728
386147,690627
386147,1016026
386147,990349
386154,734157
386162,751996
386162,669176
386162,229174
386162,431885
386162,563841
386162,538064
386175,242496
386175,690504
386175,647961
386175,246900
386175,1066055
386175,793241
386175,808124
386175,431855
386332,893546
386332,47692
386332,42645
386338,564305
386338,336616
386338,922002
386383,1001927
386383,1403
386383,689712
386383,684428
386383,220755
386402,671272
386402,1082418
386402,121331
386402,36953
386402,194173
386402,42645
386402,914590
386402,875213
386402,942551
386402,138732
386402,688578
386402,13751
386402,854355
386402,369282
386402,842282
386402,204249
386402,573558
386402,1087424
386402,642205
386402,763389
386402,893546
386402,168402
386402,528028
386402,40968
386402,1163139
386402,577982
386402,277693
386402,268914
386402,93723
386402,1062222
386402,1112044
386402,1073475
386431,907883
386432,900981
386446,833138
386464,1082884
386464,1144088
386464,511899
386464,1117850
386464,553572
386464,96539
386464,479851
386464,307990
386464,284436
386464,398186
386464,1044678
386464,827580
386464,158937
386468,894761
386468,243150
386503,28265
386503,340834
386503,299719
386512,210866
386512,321824
386512,243054
386512,977815
386512,219599
386512,497866
386513,41219
386513,604557
386536,581336
386536,964114
386596,936119
386596,415656
386596,767719
386605,413901
386605,413938
386605,17271
386605,936647
386605,268856
386605,457827
386605,119440
386605,368177
386605,402010
386605,657192
386605,96727
386605,656853
386605,600304
386605,193419
386605,1005262
386605,781852
386605,807443
386605,247793
386605,554382
386605,550645
386605,213663
386605,931186
386605,875887
386605,348738
386605,559943
386605,191584
386605,988899
386605,337585
386605,754486
386605,161447
386605,329483
386668,160635
386776,8915
386776,55735
386776,683566
386776,745790
386776,984704
386776,94272
386776,500588
386776,311096
386776,554382
386776,534224
386776,903885
386776,240350
386776,1021051
386776,1112044
386776,513405
386776,300982
386776,642919
386776,638924
386776,195858
386776,1085162
386776,253433
386776,903455
386776,355420
386776,28521
386776,486093
386776,313249
386776,415711
386776,909147
386776,371003
386776,577982
386776,243054
386776,801013
386776,642205
386776,843335
386795,1036769
386795,492673
386795,206644
386827,132544
386827,903347
386827,554382
386827,630486
386827,592674
386827,771352
386827,33605
386827,242804
386827,877141
386827,988002
386827,1092448
386827,355800
386827,600179
386827,94816
386827,13751
386827,1096557
386827,801013
386827,33728
386827,924098
386827,617496
386827,642205
386827,479851
386827,740699
386827,402684
386827,545058
386827,878788
386827,531413
386827,290017
386827,73844
386827,849987
386827,1082884
386827,945575
386827,243054
386827,843335
386827,311439
386827,805092
386827,1161613
386827,671272
386827,402834
386827,610095
386827,386870
386839,483237
386839,64442
386839,920612
386870,651613
386870,33605
386870,1062222
386870,676310
386870,843335
386870,279069
386870,709953
386870,1161613
386870,1144557
386870,740699
386870,902450
386870,803946
386870,1016571
386870,997700
386870,13751
386870,34019
386870,402834
386870,655672
386870,290017
386870,859498
386870,531413
386870,244655
386870,724112
386870,74771
386870,352991
386870,793788
386870,1096557
386870,521935
386870,1113582
386870,386827
386870,1149283
386870,807280
386870,688972
386870,1071629
386870,771352
386870,790516
386870,630825
387053,451798
387072,565159
387072,776840
387088,1048839
387088,350542
387088,457743
38710,398293
387108,806326
387147,905221
387147,1030899
387147,73095
387147,1134524
387147,1089176
387147,130045
387163,418870
387163,88538
387163,494729
387163,329548
387190,517979
387190,1162354
38722,832051
387239,385737
387239,790449
387239,600381
387307,734829
387307,121443
387320,599895
387320,351923
387320,666707
387320,805528
387364,558396
387364,413397
387364,821338
387496,799875
387496,133249
387496,730500
387496,43665
38755,859214
387598,192802
387598,862216
387598,1016562
387615,257890
387619,387619
387619,875058
387730,562437
387730,355224
387787,925384
387806,301896
387806,394969
387859,222972
387859,243054
387859,656820
387871,335205
387882,157504
387882,493782
387882,911071
387882,89540
387882,541110
387882,532100
387882,653610
387882,216223
387882,43636
387882,774153
387882,33728
387882,341040
387882,205318
387882,841016
387994,1012985
387994,295358
388000,73236
388000,960086
388000,701266
388013,474911
388013,1054818
388095,370921
388095,317912
388095,991864
388095,601905
388102,284115
388102,580690
388163,1029404
388163,64531
388163,251329
388248,390244
388248,171936
388248,540690
388248,477104
388248,1079776
388248,699982
388265,997700
388265,13751
388265,402834
388265,1062222
388265,407003
388265,290017
388294,474218
388294,1089176
388294,750923
388294,337040
38830,675862
38830,37907
38830,745790
38830,658004
388338,608680
388338,572147
388351,312408
388351,51947
388351,782286
388422,747474
388422,41191
388422,640021
388422,706181
388422,92780
388422,203857
388422,1047719
388422,640463
388446,473355
388446,933445
388446,793537
388477,460774
388484,671025
388484,970802
388484,707937
388484,1032052
388484,616104
388524,718468
38853,97668
38853,749497
38853,562293
38853,591578
38853,597519
388575,896304
388575,1150503
388585,1009682
388585,455329
388613,1026393
38867,959092
38867,226250
38867,574167
38867,495442
38867,1058050
38867,605249
38867,762374
38867,596863
388692,401062
388692,1032459
388692,309936
388692,828143
388692,511985
388692,564600
388760,792731
388760,993767
388760,131273
388823,852556
388823,845603
388851,786492
388851,719874
388851,729654
388925,1151726
388925,532578
388925,324352
388925,307529
388925,1133334
388925,156030
388925,109304
388933,349984
388933,124590
388960,897168
388960,636056
388960,975890
388960,498258
389015,863837
389015,940979
389015,560652
389015,913471
38902,286239
38902,628248
389079,159737
389079,253891
389144,1064004
389149,1004330
389158,389158
389158,501160
389177,1059673
389177,996691
389177,154599
389205,559943
389268,491823
389316,771002
389316,238181
389316,289641
389316,1156043
389345,1103415
389345,60737
389345,735498
389395,101711
389395,927440
389395,879246
389395,29460
389395,614123
389395,963063
389395,447530
389395,360229
389395,82497
389395,535212
389395,832963
389395,95099
389395,339892
3894,658012
3894,123773
3894,103685
389422,569124
389523,928052
389523,559662
389588,1113409
389655,257336
389707,603913
389711,906050
389711,941186
389711,855798
389711,1115765
389711,746984
389716,721308
389716,707536
389716,804076
389716,1086501
389716,1034327
389716,75823
389716,363784
389716,754261
389745,690112
389745,919367
389745,1114807
389760,574392
389760,964277
389797,599895
389809,773158
389809,689047
389809,962419
389809,127016
389809,569085
389809,520191
389809,206379
389809,27807
389908,588848
389952,596578
389968,256264
390052,489925
390052,935207
390052,695787
390052,123053
390052,805092
390052,1081639
390052,112432
390052,1040038
390052,277693
390052,1166930
390052,99558
390052,981102
390052,486880
390052,180029
390052,842752
390052,1082884
390052,386402
390052,1011854
390052,833934
390052,611313
390052,137237
390052,656343
390052,652289
390060,202831
390060,185278
390115,687676
390115,179743
390191,802522
390191,187827
390191,779477
390191,351759
390210,22107
390210,992323
390210,358912
390210,221021
390210,200935
390210,1046977
390210,186277
390210,386402
390210,483843
390210,232685
390210,800585
390236,62179
390236,685233
390236,777490
390236,209534
390236,100217
390236,81566
390236,385785
390236,1120342
390236,1132829
390236,197940
390236,603354
390236,465971
390236,656839
390236,60144
390236,785946
390236,254245
390236,626059
390244,540690
390244,791515
390244,867592
390257,994364
390257,1102869
390271,172669
390307,1008736
390307,371022
390308,436306
390308,1035227
390308,594553
390308,1012387
390308,610456
390308,693057
390308,879690
390308,1011282
390308,1008920
390308,989690
390308,932083
390318,933420
390318,95099
390318,912999
390318,413642
390348,1044498
390348,1050159
390348,975890
390348,766948
390380,366815
390433,520317
390433,924664
390433,711380
390433,1010354
390457,236356
390457,367583
39046,4024
39047,610095
39047,559943
39047,997700
39047,95099
39047,870765
39047,415333
39047,123253
39047,1126364
39047,864154
39047,402834
39047,479851
39047,407003
39047,843335
39047,823245
390511,1149848
390517,849639
390523,674141
390563,850090
390563,680376
390578,235101
390746,354822
390754,966999
390918,498247
39093,848909
39093,559943
39093,843335
39093,415333
390957,676427
390957,310527
390957,1115765
390957,901787
390957,294391
390957,792590
390963,1080439
390963,713962
390993,259998
390993,223226
391070,621910
391070,528241
391070,597617
391070,1166930
391070,221786
391070,90837
391070,170055
391070,764898
391183,1085361
391183,759436
391189,540055
391189,19984
391189,474702
391189,531413
391393,564184
391411,76698
391411,524262
391411,1069884
391411,668368
391411,846413
391433,479851
391554,292306
391554,711410
391560,959990
391560,1086501
391575,384560
391575,287243
391575,943191
391575,735075
391575,936022
391575,1013579
391575,492312
391590,988554
391590,187930
391590,525796
391605,197447
391605,640296
391635,1149283
391635,1016615
391635,651613
391635,517553
391635,216297
391644,970827
391644,2855
39168,853194
39168,787287
39168,830747
39168,471271
39168,786492
391760,399114
391885,1132768
391885,168402
391900,290017
391900,19984
391900,1009663
391900,452623
391900,222620
391900,17323
391900,386870
39191,406950
39191,514617
39191,295623
391988,989767
391988,644464
391988,136231
391988,361391
392003,1086357
392003,417628
392003,1090693
392020,269661
392020,312817
392020,567050
392020,1088954
392020,16668
392056,433139
39207,826095
392083,1026330
392083,489681
392083,840753
392083,174567
392102,290017
392102,346282
392102,629067
392102,1139166
392102,386870
392102,1161613
39221,67580
39221,150990
392225,102471
392225,960278
392321,168402
392321,677291
392321,255561
392321,833443
392321,250197
392405,465779
392405,836833
392442,781852
392466,331386
392466,375218
392466,573132
39247,732439
39247,224973
392555,740699
392555,987753
392690,464711
392739,1148339
392739,614279
392739,827580
392874,71357
392874,651733
392874,374467
392874,956188
392901,1086357
392921,468498
392921,58908
392921,89540
392921,43636
392930,801013
392955,31512
392968,642205
392968,740245
392968,42645
392968,175698
392968,988002
392968,859372
392968,811812
392984,609885
392984,963395
392984,323857
393008,996211
393008,639972
393008,581828
393025,21568
393025,550221
393025,1095233
393025,847371
393065,274919
393065,401142
393076,573066
393076,572844
393076,614462
393076,891080
39308,280112
393134,461427
393225,754937
393225,719874
393270,903203
393270,825342
393274,394969
393274,338980
393274,155017
393275,353259
39328,638924
39328,462673
39328,809139
39328,750072
39328,488368
393309,692618
393309,593943
393324,479851
393329,347567
393351,647703
393351,304843
393351,1016571
393351,604828
393351,852717
393351,651613
393351,101711
393351,879246
393351,509635
39336,605967
39336,205015
39336,160635
39336,462817
39336,210973
39336,90821
39336,139840
393383,370721
393383,423563
393405,165264
393405,334509
393405,385102
393405,810303
393405,362108
393405,377709
393405,332872
393417,464028
393417,413676
393417,198579
393417,730791
393417,276212
393417,780467
393417,933041
393417,1136206
393417,592024
393499,750923
393499,199957
393499,183194
393499,1089176
393499,998703
393499,474218
393512,1144289
393539,107732
393539,435435
393539,993798
393539,420903
393618,262906
393618,486093
393618,646012
393629,708285
393629,849438
393629,595841
393629,248912
393629,1132821
393629,227821
393631,59958
393631,930278
393631,279245
393671,247404
393685,583622
393685,244574
393685,933810
393685,1039017
393685,580400
393717,273811
393769,517498
393769,98349
393870,83636
393870,1099931
393870,869495
393870,676861
393870,818427
393870,878859
393890,82918
393911,453340
393951,930161
393977,176725
393986,15249
393986,323050
393990,561435
393990,1048496
394000,486470
394000,233348
394012,94024
394024,1075180
394069,772795
394069,306253
394069,894658
394069,56973
39408,334720
39408,729601
394084,1165523
394084,216297
394084,604828
394158,515620
394158,610418
394272,785586
394272,1122475
394272,718038
394272,433786
394272,1136943
394272,474218
394293,9696
394399,843335
394399,658625
394399,890259
394399,559943
394399,870765
394399,1139891
394399,906050
394399,1107911
394399,59937
394399,604788
394399,1082418
394403,350506
394403,422886
394441,1053104
394441,676526
394441,923660
394441,392588
394441,448215
394441,679644
394441,762374
394441,979
394441,657126
394441,1000371
394441,362815
394441,812341
394441,1114375
394441,771352
394441,827580
394441,1082884
394441,559943
394441,469742
394478,567692
394483,437424
394483,567178
394483,300353
394483,546145
394483,886752
394491,509276
394520,168402
394520,976522
394526,522354
394579,211965
394579,174567
394579,592792
394579,489681
394579,1009969
394579,752908
394579,719758
394579,162356
394579,219412
394579,532221
394579,9645
394579,103391
394579,658012
394579,944520
394620,854092
394620,479851
394620,971242
394626,383743
394626,13751
394690,43200
394690,509418
394690,1105583
394690,1082884
394690,201618
394736,35415
394736,1062222
394736,111959
394750,781814
394823,1052450
394823,768368
394823,33605
394823,278067
394823,873983
394823,815802
394916,370281
394916,471350
39494,776732
394969,1151548
394969,807085
394969,314162
394969,1098344
394969,926164
394969,103428
394969,901758
394969,26827
394969,510303
394997,1161559
394997,96170
394997,452296
395010,860965
395010,713379
395057,612393
395175,1132928
395186,173709
395186,634020
395186,569210
395186,352481
395186,190691
395186,305374
395186,761257
395186,906384
395186,677812
395200,77168
395200,201994
395200,193169
395200,830635
395200,928237
395200,615304
395236,312618
395236,724090
395236,604828
395243,904323
395243,956584
395243,360742
395244,175429
395244,110525
395244,785477
395244,854919
395244,883887
395254,653610
395254,688578
395254,239083
395291,1095093
395291,264341
395292,629966
395302,827193
395302,232190
395302,188339
395343,466515
395343,863307
395343,1004212
395343,508640
395353,1102380
395353,469506
395353,539996
395353,725895
395353,327740
395353,929397
395353,95962
395353,702355
395353,568021
395373,33225
39542,36337
39542,425359
39542,43636
395425,1016615
395501,81147
395613,483048
395622,757243
395675,501497
395675,839908
39568,975890
39568,63047
395746,775108
395873,10197
395880,634517
395880,817822
395920,1043853
396,297441
396,122322
396,95124
396,339466
396,812678
396,15992
396,1095233
39603,70253
39603,300252
39603,1017710
39603,803087
39603,816568
39603,121567
39603,131450
396034,688817
396034,846723
396042,849023
396042,508880
396042,820219
396074,1089176
396101,1161613
396155,910984
396155,128122
396155,110752
396155,163533
396155,404351
396155,925034
396155,1161753
396155,983510
396155,957056
396265,1040038
396265,530983
396265,124741
396281,47208
396373,626059
396454,511099
396454,133152
396491,1053289
396572,1050061
396572,31036
396572,31752
396572,316838
396575,324535
396653,604828
396653,1073358
396657,422154
396673,1001219
396673,1096595
396673,558946
396692,200115
396728,218595
39673,588592
39673,1103648
396789,918755
396789,214675
396798,946654
396828,290017
396828,795667
396869,542252
396869,988133
396869,120456
396869,894010
396869,208306
396869,33605
396869,1143912
396983,12743
39699,293419
397067,678715
397069,119553
397069,631807
397089,216211
397089,344007
397095,236837
397095,377200
397095,1079643
397095,240350
397095,334720
397095,206510
397114,881439
397114,1019931
397114,1018066
397114,1131051
397114,161700
397114,908123
397114,155861
397114,588871
397114,869468
397114,683212
397114,831124
397114,598076
397114,1115654
397114,981188
397280,870131
397304,218554
397304,767047
397312,509968
397476,1099128
397476,361455
397476,925464
397476,937846
397476,1103055
397482,1145476
397482,216407
397486,433139
397486,1107964
397486,685545
397486,731667
397486,640765
397486,48599
397486,206937
397486,272330
397486,1095233
397486,214894
397486,775108
397486,119440
397528,746093
397528,199323
397528,190578
397528,174109
39756,8850
39756,666707
39756,792590
39756,1000371
39756,294918
397577,947259
397577,206310
397577,1107001
397585,771352
397585,812169
397585,386827
397585,811235
397585,311439
397650,834278
397650,232630
397650,271870
397918,943208
397918,178194
397918,949449
397918,1123835
397918,696450
397949,895028
397957,659740
397957,449246
398004,524374
398004,686113
398004,559943
398004,683124
398004,518624
398004,186911
398004,831179
398004,1155403
398004,1011282
398004,827580
398004,646481
398004,312408
398162,747479
398186,792590
398186,248912
398186,479851
398186,344482
398186,691433
398186,1115765
398186,959058
398186,101647
398186,1033173
398186,558946
398186,1121275
398186,145908
398186,776840
398186,847881
398186,1166930
398186,827580
398186,823498
398186,937639
398224,405766
398224,1166293
398224,609800
398228,1110012
398228,960189
398228,1124227
398293,768636
398293,140619
398293,43244
398293,83411
398373,284115
398373,388102
398376,916996
398376,554159
398376,4818
398376,500343
398444,644900
398444,567932
398444,377940
398480,454350
398525,467205
398525,652464
398528,1086395
398551,967801
398575,848418
398603,596578
398626,567692
398626,535217
398626,309971
398690,761787
398690,399974
398690,492448
398690,736011
398690,517951
398690,547062
398690,357059
398694,333921
398694,203094
398718,947788
398718,845614
398718,980874
398718,236864
398718,1095746
398718,306102
398718,168402
398733,570508
398822,54972
398822,34995
398822,445430
398822,687808
398822,884911
398822,527501
398828,809897
398828,843335
398828,94816
398828,386827
398892,794223
39890,153508
39890,334460
39890,1013688
39890,578474
398935,917763
398965,1041811
398965,309198
398989,963133
398989,509639
398989,595066
398989,945575
398989,422401
398989,681330
398989,413672
398989,771352
39908,430118
39908,165356
399105,1047362
399105,883207
399108,153443
399108,631776
399108,560979
399108,890222
399108,1132546
399108,908417
399108,344741
399108,285403
399108,1143926
399114,391760
399114,1106025
399114,719358
399114,345458
399114,442822
399114,260239
399114,849987
399114,628248
399114,317082
399114,715046
399134,745790
399141,521474
399241,625041
399241,930268
399253,853945
399344,371727
399348,1109480
399348,747313
399348,547869
399348,135499
399348,718506
399348,604944
399348,1160955
399348,474218
399348,105753
399379,121835
399383,334509
399452,908038
399452,906198
399461,18027
399461,904323
399461,747405
399461,1056365
399461,956584
399461,214094
399466,957725
399619,90786
399619,945526
399688,912843
399688,309790
399720,265549
399720,602468
399720,1017491
39973,1142663
399761,1130903
399778,260855
399790,1123988
399810,702613
399810,194046
399810,851974
399810,9963
399815,763711
399815,480445
399815,765450
399815,435435
399854,718837
399854,627406
399854,291232
399854,167665
399854,1047719
399884,202585
399884,633963
399884,706586
399884,312393
399884,628248
399884,39756
399884,30347
399888,795415
399929,213349
399932,546145
399962,1060876
399962,216316
399962,909147
399962,386776
399962,1106632
399962,508282
400071,527898
400071,699706
400071,737560
400071,872985
400077,947436
400089,13639
400123,1072217
400123,1157006
400123,840096
400123,8850
400123,316685
400123,1163139
400161,1033173
400161,1001325
400175,1119546
400175,199366
400175,899140
400175,800069
400175,722188
400175,144733
400175,790449
400175,197354
400175,168402
40019,1056243
40019,1142678
40019,720742
40022,86672
40022,704884
40022,822771
400255,488642
400319,807708
400353,938599
400356,184986
400356,1026304
400356,13421
400358,840020
400373,491391
400373,1143293
400373,458637
400373,764551
400373,724595
400373,1017699
400450,652086
400469,1163993
400469,476344
400473,457928
400473,827193
400473,588321
400473,932409
400515,348957
400515,779220
400515,778267
400515,630825
400515,99065
400515,559943
400515,1152554
40054,243054
40054,204814
400542,898903
400542,701174
400542,430632
400550,1152564
400550,1107045
400550,953654
400550,906924
400550,452201
400550,1071636
400550,764084
400550,1006403
400550,707479
400551,94024
400551,1120688
400625,465809
400625,99176
400625,935538
400625,801211
400625,48044
400625,420529
400675,33728
400675,1025570
400675,747663
400675,300978
400675,1092448
400675,386827
400675,701174
400675,1115765
400712,898503
400773,705475
400773,433235
400773,46572
400773,604297
400773,43200
400773,611955
400773,635030
400773,394690
400773,967739
400773,1105583
400773,785530
400773,85502
400807,1056994
400815,1097797
400815,334616
400843,1155403
40086,389395
40086,82497
40086,879246
40086,647703
400867,368887
400867,988862
400867,72680
400917,881098
40093,291671
40093,632758
400955,835005
400955,937639
400955,193111
400955,997755
400979,879246
400979,246370
400979,82497
401044,394620
401062,511985
401062,131760
401062,457271
401062,1032459
401062,309936
401062,504309
401062,945339
401062,837033
401062,140216
40113,382996
40113,291857
40113,563388
40113,705246
401142,393065
401211,1147311
401211,592674
401211,1029208
401211,550645
401217,385498
401217,1032376
401217,94210
401217,702012
401217,12300
401217,342127
401217,103317
401217,1071958
401235,341387
401238,893825
401240,1141266
401240,563125
401240,847869
401264,630825
401264,459845
401264,839790
401264,559943
401264,371586
401264,771352
401264,803946
401264,843335
401264,204645
401264,33914
401264,4179
401264,964054
401264,877141
401264,980040
401264,43636
401264,683124
401264,554382
40129,967739
401374,541636
401374,863935
401389,547412
401514,159416
40152,952021
401524,605516
401524,151843
401524,357059
401524,493782
401572,859222
401677,360634
401677,198803
401677,912971
401677,339379
401801,486093
401801,33728
401819,282334
401819,274989
401819,436680
401819,199094
401819,578841
401830,1038004
401830,236980
401830,538321
401849,43914
401849,823817
401893,367257
401893,389523
402010,741085
402010,1082418
402010,1005262
402010,938824
402010,333297
402010,193419
402010,1082884
402010,986638
402010,214094
402010,1091338
402010,36000
402010,610418
402010,576801
402010,559943
402010,709966
402010,1044877
402010,430813
402083,880801
402083,922532
402083,286406
402083,953579
402129,529253
40215,868734
40215,808094
40218,548315
40218,869258
402192,105953
402202,330546
402202,736464
402202,620581
402202,294113
402202,342823
402202,1122511
402263,377709
402263,1067024
402263,1141480
402263,28521
4024,39046
402424,2765
402424,667275
402424,232132
402434,685545
402434,668368
402442,963674
402442,1135594
402442,853945
402505,792590
402521,96375
402521,853945
402539,1162755
402539,17664
402539,68519
402539,685545
402541,863837
402541,578119
402541,940979
402559,600179
402559,611983
402559,807708
402609,89431
402609,702785
402609,174109
402609,531909
402609,199323
402623,573558
402623,83973
402623,244492
402623,729287
402675,340139
402684,386827
402684,1062222
402696,950503
40273,994965
402813,204645
402813,385406
402813,661350
402813,1158559
402813,771352
402813,1161613
402822,228676
402822,94971
402834,77808
402834,1062222
402834,85084
402834,290017
402834,531413
402834,13751
402834,1033388
402834,420274
402834,375447
402834,169873
402834,997700
402834,610418
402834,279069
402834,471407
402834,386827
402834,55765
402834,599390
402834,777217
40287,1050201
40287,136772
402898,628248
402898,312393
402898,235305
40295,921320
40295,1136801
402954,920960
402989,491823
402989,478499
403033,456471
403049,669380
403062,1115657
403063,1136999
403063,488368
403099,408346
403099,930289
403099,370281
403099,629009
403099,68093
403099,40402
403135,1000947
403156,49174
403156,729789
403156,664355
403156,798878
403156,246819
403156,741424
403156,667900
403156,955614
403156,299660
403156,27271
403156,251781
403156,1055695
403156,604688
403156,901643
403182,1149283
403182,772857
403182,1016615
403182,604828
403182,101711
403248,1114376
403248,128631
403300,174567
403353,159049
403353,335572
403354,154599
403354,105528
403354,960278
403354,70680
403354,989753
403354,968241
403354,106775
403354,476330
403436,149052
403436,454350
403438,372802
403438,363891
403512,145108
403512,898903
403512,392405
403512,214655
403512,114090
403512,1013277
403521,181770
403521,1109952
403521,747492
403521,116763
403521,626059
403521,550917
403590,612063
403612,781451
403612,1095233
403612,512623
403612,129073
403612,1136549
403612,207010
403612,685545
403612,626694
403612,918596
403631,632320
403631,419878
403679,748133
403679,329327
403679,484797
403698,178668
403698,1019393
403698,1164369
403698,205366
403698,413857
403699,682485
403709,1079660
403709,151444
403709,206937
403709,139748
403709,163533
403709,274989
403709,675834
403709,818368
403709,433139
403709,535728
403709,775108
403709,370671
403743,758123
40378,386827
40378,890377
40378,971242
403787,634677
403807,1132546
403807,908417
40382,300252
40382,1017710
40382,70253
403858,1009386
403858,367930
403918,721174
403918,271544
403918,420274
403918,1062222
40402,629009
40402,511281
40402,826283
40402,403099
40402,479885
40402,522474
40402,30983
40402,831837
404054,1079637
404054,813554
404054,598927
404137,558867
404137,593533
404137,860965
404137,366056
404137,976522
404228,320351
404228,503774
404228,1093914
404228,386402
404310,749179
404310,694570
404310,801620
404310,639262
404310,518008
404310,687667
404351,305802
404351,800922
404351,124463
404351,444881
404351,152376
404351,163533
404351,1082884
404351,750187
404351,172640
404351,463242
404351,315233
404351,329191
404351,1000371
404351,410843
404356,378522
404383,323512
404383,462168
404486,577982
404486,765617
404486,1166930
404486,1048701
404530,113175
404530,96375
404530,613069
404530,102795
404530,737699
404530,868753
404548,312408
404548,553344
404548,811571
40464,629068
404645,644718
404736,779477
404741,421929
404815,834392
404815,558656
40482,495274
40482,803668
40482,1139344
40482,608753
404874,285891
404888,534891
404889,892839
404889,541195
404889,778987
4049,145974
4049,550295
404924,1151752
404924,816221
40495,474218
40495,1040074
40495,152705
40495,1122475
40495,1089176
404960,490771
404960,932581
404960,847881
404960,802765
404960,633933
404960,1139635
404960,734157
404967,684907
404988,1132546
404988,294226
405034,610930
405034,497939
405034,2948
40504,1003752
40504,1116789
40504,1046099
405065,792590
405124,573012
405124,136231
405124,933560
405163,437435
40518,640099
40518,376280
405190,664312
405190,705260
405190,105874
405190,413046
405190,1153934
405190,375320
405190,719324
405190,1028557
405262,557300
405279,498258
405279,408477
405279,897168
405279,146221
405312,1103131
405312,459845
405312,852389
405312,839790
405312,1062139
405312,112927
405323,533901
405370,663220
405385,602538
405407,486880
405407,1081639
405415,74893
405415,953579
405470,1082418
405470,386402
405470,183186
405470,819817
405470,39898
405517,328771
405517,944751
405535,1155750
405535,62471
405535,771352
405640,354082
405728,1151224
405730,909147
405730,1086501
405734,386402
405734,577982
405734,99558
405734,182509
405734,492448
405734,416364
405734,797537
405734,168596
405734,534891
405739,161641
405761,1017710
405761,300252
405761,70253
405766,398224
405859,716404
405859,431851
405872,731993
405872,441024
405872,573174
405872,803946
405877,519106
405959,796839
405959,405959
405959,958697
405959,1137598
405959,309198
405959,1022024
405959,887528
405959,976522
405959,928605
405959,852742
405959,800585
405959,204249
405959,955614
405959,918846
405959,73390
405959,1143796
405959,895431
406001,542239
406001,346342
406001,610418
406001,479851
406001,475893
406001,843335
406001,956188
406001,1139928
406001,71357
406022,94018
406022,1111328
406022,593469
406022,677142
406128,540430
40623,962058
40623,1102612
40623,47749
406300,1157049
406309,809897
406310,932581
406310,734157
406342,849299
406342,185861
406342,1086395
406342,919851
406342,1118769
406350,677447
406350,1027444
406350,365000
406350,354231
406350,900792
406474,297028
406507,843335
406592,1091660
406592,248912
406592,836633
406675,938487
406675,777028
406675,471398
406675,40402
406675,449278
406675,511281
406677,578841
406677,114700
406710,840096
406710,8850
406710,90691
406710,316685
406772,1046363
406772,920882
406772,224973
406783,1086583
406842,1073209
406899,222814
406899,479851
406899,576822
406916,504247
406916,604828
406950,98164
406950,614653
406950,295623
406950,39191
4070,1013294
4070,1162826
407003,290017
407003,554382
407003,402834
407003,39047
407003,843335
407003,1161613
407003,803946
407035,137849
407035,427401
407096,95099
407096,232511
407124,364793
407221,27781
407221,68858
407221,55765
407221,790329
407221,204249
407221,528177
407249,46545
407249,204356
407249,91601
407249,671272
407316,1117129
407398,366532
407398,284893
407402,807280
407402,771352
407430,763237
407430,1023735
407430,996355
407430,441176
407430,969972
407430,379893
407509,557689
407527,514357
407527,681725
407531,457928
407531,877073
40754,972176
40754,674716
40754,933051
40754,741195
40754,757764
407593,43490
407593,768327
407615,320386
407615,898684
407615,570011
407615,193764
407615,234399
407619,203284
407619,762374
407642,359603
407642,767200
407642,848843
407691,1023113
407691,716805
407691,616104
407691,1032052
407700,657074
407709,1038684
407709,670107
407709,385392
407709,606255
407709,572147
407709,128895
407709,149877
407709,809544
407737,758713
407737,203284
407737,1141266
40775,736455
40775,716060
40775,49484
40775,809534
40775,1020285
407891,517486
407891,750187
407894,610095
407894,307990
407894,827580
407894,96539
407894,1033173
407894,421171
407894,1144088
407894,386464
407894,663243
407936,205380
408102,1156275
408102,268502
408102,942007
408102,771979
408102,118881
408102,612288
408102,1024772
408102,221759
408102,1047965
408149,1115281
408149,920082
408149,44502
408149,38238
408149,612237
408231,647662
408289,650942
408289,512746
408289,322751
408289,533644
408289,1028407
408303,866760
408323,520631
408323,872176
408339,490553
408339,657486
408339,944369
408339,321042
408339,627406
408339,616323
408339,216907
408346,256218
408346,11620
408346,1166385
408346,1151285
408346,386117
408346,526318
408346,333931
408346,629009
408346,981849
408346,942802
408346,68093
408346,11214
408346,29433
408346,713973
408346,1062880
408346,370281
408346,75301
408346,1021601
408346,1042449
408346,831837
408346,262753
408346,1092100
408346,471350
408346,604669
408346,127714
408346,909773
408346,490464
408346,735770
408381,145908
408381,746984
408381,779140
408381,1080355
408381,943208
408381,597203
408381,699610
408381,59498
408381,870765
408381,491823
408381,559943
408381,734157
408460,474702
408460,1062728
408460,612500
408477,897168
408477,860965
408477,1113592
408477,975890
408477,549259
408477,360740
408477,683619
408477,1118839
408477,658012
408483,596758
408516,609002
408516,877141
408516,843335
408516,554382
408516,559943
408516,204645
408618,361334
408618,309901
408618,488194
408618,556920
408701,457185
408701,146884
408701,1071101
408701,938599
408736,774824
408736,983019
408736,677221
408736,658012
408736,277432
408736,651161
408736,441963
408736,345022
408736,912619
408736,292306
408736,498258
408736,103685
408736,744117
408736,897168
408736,1110247
408736,267599
408736,949554
408736,685362
408736,260450
408736,693169
408736,719758
408767,567555
408767,588431
408767,35750
408821,1035320
408821,1044442
408839,1053929
408880,432018
408965,1158207
408989,297186
408989,247868
408989,52774
408989,970626
409011,885102
409011,168402
409011,953579
409011,976337
409011,913952
409011,917957
409011,716007
409011,204249
409013,141528
409013,919851
409013,403612
40903,167167
40903,586700
409097,10143
409143,139830
409143,224765
409173,361672
409235,359997
409257,1161672
409265,376972
409265,931277
409265,577778
409265,46225
409265,833728
409265,591191
409265,720151
409265,396988
409265,257336
409265,635173
409270,837966
409298,386776
409298,533251
409298,843335
409348,599364
409348,83288
409378,363039
409378,856897
409446,815697
409470,666163
409470,9696
409470,699436
409470,673980
409470,248989
409470,322899
409470,568043
409470,457082
409470,616049
409470,406758
409470,409470
409470,543152
409470,623471
409473,599932
409473,964849
4095,830433
4095,196474
409539,306398
409539,386402
409539,212390
409539,1087424
409555,1041744
409555,1151860
409555,416554
409611,870765
409611,346627
409611,547869
409611,165837
409611,620626
409611,781773
409611,860965
409611,572453
409611,135499
409611,10143
409632,478262
409632,663205
409632,24591
409632,562769
409632,967801
409663,303979
409663,746441
409663,277097
409663,1005765
409663,1052793
409663,1073209
409663,1075032
409670,197037
40968,272326
40968,538508
40968,386402
40968,1082884
40968,224398
40968,1025661
40968,577982
40968,194173
40968,842282
40968,635030
40968,1011676
40968,1112044
40970,1151548
40970,121742
40970,868494
40972,448646
40972,525325
409779,1029422
409779,302534
409779,711407
409779,1117936
409779,437623
409787,795667
409787,1125853
409787,989739
409850,497290
409850,639972
409850,98672
409887,641520
40991,59543
40991,1107554
409918,378232
409941,1043680
409941,384846
409941,459528
409941,604828
409941,943967
409956,1152035
410016,92113
410016,752435
410104,554382
410104,49645
410104,776679
410123,697935
41016,587304
41016,1009252
410212,893011
410225,865901
410238,84465
410238,865921
410300,118381
410325,350138
410325,494548
410325,461206
410325,498288
410325,709983
410325,506347
410325,718455
410365,105747
410365,527102
410365,893756
410365,567177
410365,964699
410365,970827
410365,1062199
410365,627406
410365,400471
410408,753146
410503,383063
410503,1031538
410503,282895
410503,923365
410503,1000371
410503,701242
410503,907499
410503,584621
410503,485220
410503,1027389
410524,626197
410524,312564
410524,514505
410524,1042359
410524,75163
410611,329576
410611,896474
410611,578076
410611,28845
410611,895537
410718,489925
410718,779477
410718,566452
410755,1095560
410778,224886
410842,307523
410842,1062222
410842,631061
410843,582055
410843,163533
410843,239888
410843,329191
410843,740170
410843,708463
410843,220235
410843,1075136
410843,816594
410843,775527
410843,444881
410843,297845
410843,539261
410910,1104231
410917,987346
410917,218620
410933,1085225
410933,34052
410950,256141
410950,334620
410981,1037580
410981,178822
410981,1125849
410981,49710
411016,45454
411016,209571
411046,770277
411046,724575
411046,989067
411060,243054
411060,497866
411149,658291
411149,880347
411149,425955
411243,911103
411243,328515
411262,226075
411262,174109
411262,579715
411262,402609
411262,50341
411282,622017
411282,704015
411282,13166
411282,366644
411282,64678
411282,207430
411320,272326
411332,734157
411366,792590
411366,323278
411366,1065566
411449,601309
41146,1031935
41146,944598
411469,880419
411501,66870
411501,457445
411506,659322
411506,554538
411514,940042
411514,977565
411514,758774
411516,610800
411516,1085162
411516,588106
411516,42679
411516,907784
411516,559943
411516,1160623
411516,897873
411516,573240
411516,2855
411516,1028233
411516,501160
411516,907916
411516,1109480
411516,247682
411516,576822
411516,604805
411516,192091
411550,1057921
411550,756690
411550,96170
411550,646786
411550,161700
411550,104500
411550,527783
411579,667341
411589,463411
411589,819595
411589,880266
411589,209340
411589,668368
411589,753130
411589,591043
411589,1097977
411589,1040926
411589,669571
411589,802718
411589,843335
411589,421351
411589,770975
411646,55410
411679,668368
411683,342045
411683,649982
411683,942774
411683,1032883
411779,127016
411796,1003504
411796,764041
411796,989739
411796,479851
41180,855007
41191,364805
41191,590674
41191,1047719
41191,605487
41191,485692
41191,349574
41191,388422
41191,167665
411953,183688
411953,892110
412043,666707
412043,643593
412043,421198
412043,39756
412043,284273
412105,895844
412105,1166055
412105,207165
412173,305770
412173,597290
41219,386513
41219,769552
41219,469743
412409,1029403
412409,839908
412485,668503
412485,1126894
412485,964510
412540,909773
412540,754028
412540,237540
412540,522474
412540,198841
412540,994566
412549,667855
412549,706296
412600,755509
412600,78426
412600,795168
412600,635173
412692,843335
412738,530618
412765,592045
412765,842314
412765,1133334
412765,109304
412765,791438
412765,284286
412765,700163
412812,175106
412812,813779
412812,88405
412812,1095560
412812,594096
412812,528508
412812,135688
412812,280429
412812,47185
412956,818696
412956,253885
412956,842843
412956,770277
412956,303887
412956,71896
413021,632286
413021,639972
413046,432069
413046,49373
413046,705260
413046,991789
413046,105874
413046,63696
413067,556637
413067,364036
413097,241971
413137,426274
413137,770271
413377,560876
413377,865674
413377,659964
413377,213328
413377,180661
413397,527685
413397,430773
413397,907344
413397,831124
413397,942950
413397,1126948
413397,1111355
413397,843335
413397,1126364
413397,911569
413414,342912
413414,818696
413437,1003859
413517,772708
413517,911615
413517,658994
413517,786492
413522,556521
413522,139575
413542,734157
413542,101647
413542,272346
413642,389395
413642,933420
413642,746148
413642,912999
413672,595066
413672,963133
413672,771352
413672,398989
413672,617496
413672,52774
413672,489502
413676,603353
413676,198579
413676,730791
413676,553398
413713,437471
413713,226284
413713,796159
413713,692448
413713,87746
413764,707836
413764,398361
413798,1114375
413798,369406
413798,474244
413798,661803
413798,394441
413798,469742
413821,795325
413857,1019393
413857,403698
413938,17271
413938,386605
413938,119440
413938,368177
413938,656853
413938,193419
413938,973812
413938,769351
413938,210973
413938,348738
413938,539505
413938,1059392
414047,757764
414064,275433
414064,1040078
414064,775108
414090,736004
414114,685012
414140,565421
414148,944185
414148,187827
414148,801134
414148,168402
414148,885102
414148,531413
414148,953579
414148,204249
414217,566798
414265,623920
414265,196936
414315,607552
414315,308026
414315,920968
414356,1082689
414419,473249
414419,930728
414419,1117072
414472,772857
414485,374793
414485,701229
414485,821960
414488,1084786
414488,1056722
414488,260430
414508,65147
414534,95676
414534,191623
414554,35997
414578,1050656
414578,684374
414623,1141589
414623,33131
414623,808086
414623,668368
414623,614291
414623,201322
414657,353054
414657,1060173
414726,617156
41473,1106747
41473,506598
414819,808094
414819,114333
414819,253630
414819,809280
414819,868734
414823,271740
414823,74771
414848,1104230
414872,706561
414883,70253
414883,300252
414883,1017710
414883,563687
414919,1103415
414919,346616
414919,973522
414921,424879
414921,963865
414926,288097
414939,1079660
414939,339779
414939,781814
414949,1011854
414949,997879
414949,721455
414949,800585
414949,887528
414949,958697
414981,666915
414981,56387
415015,635173
415015,42645
415015,421430
415015,1033450
415015,822207
415015,26154
415077,1048465
415077,265741
415077,877141
415120,452623
415120,554382
415120,837373
415120,1125612
415120,828494
415120,381018
415120,771352
415120,989753
415120,29530
415120,736415
415120,105682
415243,388446
415243,793537
415243,473355
415256,828130
415268,918808
415304,504537
415332,631061
415332,792590
415332,289368
415333,273472
415333,302051
415333,559943
415333,848909
415333,801013
415333,380040
415333,884483
415333,695365
415333,575912
415333,903347
415333,920082
415333,856776
415333,204645
415333,33605
415333,775268
415333,459845
415333,1149283
415333,475893
415333,382884
415333,984817
415333,370006
415333,686447
415333,39047
415333,265741
415333,1113409
415333,1103131
415333,843335
415333,519406
415333,1094415
415333,460543
415333,999419
415333,719204
415333,604959
415333,479851
415333,721308
415333,1081225
415377,879810
415390,517758
415417,719599
415417,757328
415418,312408
415452,17989
415452,397476
415452,493010
415483,523487
415615,841886
415641,963944
415641,565918
415641,413397
415656,1119796
415656,1107964
415656,767719
415656,955614
415656,659242
415656,910984
415656,928605
415656,596763
415656,450931
415656,957056
415656,797888
415656,165837
415656,792188
415656,936119
41566,827580
41566,1140658
41566,970496
41567,476276
415695,1002537
415695,357059
415695,3542
415695,256690
415695,761787
415695,421589
415695,870765
415695,69594
415695,492448
415695,946384
415711,386776
415711,300982
415711,55735
415711,814504
415711,181322
415738,878829
415738,300694
415738,989753
415738,379200
415738,801871
415738,839076
415738,19984
415738,1005176
415739,760069
41574,43414
41574,1158310
41574,866109
41574,1152613
415786,39562
415786,622110
415786,1127819
415786,1053400
415903,152476
415903,473682
415965,604828
415965,651613
415965,208012
415977,754266
415977,159549
41604,843335
41604,1135327
41604,476719
41604,610289
41604,725041
41604,291227
41604,43666
41604,24175
416044,36953
416044,477483
416044,544170
416112,1073209
416112,226250
416112,122757
416112,75583
416112,484278
416152,438736
416152,526871
416152,913537
416181,12743
416247,667544
416261,130966
416261,1133628
416261,1062222
416261,976112
416261,863113
416261,210814
416261,500733
416280,6370
416364,1041881
416364,1011676
416364,897522
416377,1092786
416377,1157882
416377,655225
416377,32674
416377,832724
416377,1121779
416520,1148571
416520,286502
416533,558946
416533,136676
416533,300589
416533,791552
416549,1038608
416554,282455
416554,44364
416554,1041744
416554,1151860
416571,37907
416571,745790
416571,192108
416571,160147
416571,230043
416571,527971
416571,379567
416598,454350
416647,990333
416647,386003
416647,331896
416650,847845
416650,81566
416650,1018909
416678,1028970
416678,554962
416678,890272
416678,257336
416678,988915
416678,94728
416694,1006625
416694,983019
41678,453340
416950,680077
416950,231757
416950,435825
416963,962058
416963,89447
416963,227521
416989,646635
416989,868324
416989,274374
416989,522474
417000,852035
417000,853945
417000,265126
417000,774218
417000,904691
417000,893825
417000,204093
417000,339379
417083,202354
417083,973289
417083,865735
417083,763815
417117,280429
417117,1013277
417117,899374
417117,126854
417117,468064
417117,1038439
417117,114090
417117,47185
417117,849382
417117,1027343
417166,7231
417166,679955
417166,491391
417166,796846
417166,458637
417166,1003511
417166,1143293
417166,1056504
417172,777670
417172,1062468
417172,932268
417172,454350
417197,613742
417224,338645
417427,411589
417468,1081159
417468,559943
417468,524374
41747,239088
41747,583827
41747,938599
417543,555335
417577,173132
417577,114090
417577,135688
417577,468064
417577,1095560
417628,338575
417628,648739
417655,295787
417655,84759
417655,740301
417670,775386
41770,435149
41770,318506
41770,1013708
41770,36994
417716,373952
417716,768327
417716,375662
417789,654175
417789,937846
417789,1039820
417830,906494
417872,1010252
417872,973478
4179,693963
4179,600955
4179,803946
4179,39047
4179,877141
4179,448817
4179,94816
4179,386827
4179,1053061
4179,843335
4179,401264
4179,479851
417991,871480
418026,624595
418026,535605
418037,651204
418037,332683
418079,96152
418108,1131728
418140,545746
418140,1001883
418166,792590
418166,843335
418166,734157
41820,453340
418205,94816
418219,825682
418219,225489
418224,112927
418224,787947
418305,588321
418350,355420
418398,94971
418398,1109528
418398,681017
418400,83288
418400,1038971
418440,639607
41854,677090
41854,712642
41864,433139
41864,1040078
41864,1107964
41864,114791
41864,241641
41864,60154
41864,519106
41864,287161
418643,787139
418688,430047
418731,1031280
418731,805375
418731,957063
418731,924649
418731,438519
418731,706573
418731,353259
418735,304714
418735,675513
418735,413938
418735,386605
418735,781852
418742,236864
418742,125337
418742,273384
418755,1002956
418776,18004
418776,778987
418776,624895
418807,4179
418807,1027552
418807,771352
418807,559943
418807,898125
418807,33605
418807,617496
418807,386827
418807,479851
418807,94816
418807,528177
418807,22845
418844,272214
41887,255280
418870,494729
418870,88538
418870,387163
418885,805092
418885,657522
418885,1017186
418885,398989
418885,656343
418885,671272
418885,1082884
418885,418885
418885,1126373
418885,918154
418885,292096
418885,479851
418915,714368
418915,1832
418915,115074
418915,554382
418915,1062222
41897,884302
41897,981303
418987,94024
418987,588502
418989,246370
418989,439280
418989,1158488
419034,1020285
419034,376368
419034,1131051
419034,35495
419080,469127
419241,195176
419289,460896
419289,798502
419289,537330
419289,168402
419289,854416
419289,1090020
419331,477925
419382,549783
419382,938599
419467,968227
419478,36584
419478,635906
419478,424392
419535,483944
419535,610700
419535,182217
419535,388823
419539,490855
419539,618048
419539,105720
419539,1037681
419585,633206
419608,554382
419608,277836
419646,459114
419646,891667
419720,419720
419729,1052793
419771,988284
419771,6893
419822,1118769
419822,724768
419822,543682
419822,171676
419822,120691
419837,224973
419837,586229
419875,775258
419903,453340
420036,894679
420036,496867
420064,786385
420064,721174
420134,348470
420155,235861
420155,186681
420178,1033261
420178,228676
420178,624887
420200,668368
420223,509339
420223,903537
420242,465262
420242,855740
420274,403918
420274,386827
420274,290017
420274,531413
420274,13751
420274,1062222
420274,640099
420274,85084
420274,386402
42038,742134
42038,672513
42038,617912
42038,1094790
42038,950550
420415,42283
420415,742286
420441,713049
420476,824667
420476,454350
420476,149052
420476,357775
420476,264320
420554,207552
420647,1118769
420647,1082418
420647,579475
420647,935460
420647,470445
420678,807708
420678,795667
420678,874014
420683,558867
420735,820315
420749,1102034
420749,620581
42079,244716
42079,353259
42079,131450
42079,519247
42079,1108869
42079,981691
420834,314834
420834,386776
420851,1062222
420851,791515
420851,390244
420851,540690
420851,290017
420851,350146
420851,1031071
420903,435435
420903,726440
420903,480445
420921,139955
420921,245716
420921,187487
420933,570911
420957,81474
421005,6674
421005,67007
421005,236685
421005,90276
421005,1139215
421005,193093
421098,2855
421098,880813
421098,957822
421098,661652
421127,868666
421127,591146
421171,1090020
421171,460896
421171,663243
421171,827580
421198,1031558
421255,297139
42133,1130650
42133,551841
421337,635173
421351,429499
421351,212524
421351,411589
421351,802718
421351,880266
421361,1012016
421361,172357
421361,481616
421391,772795
421397,180661
421397,144608
421406,43636
421406,425359
421406,517758
421406,89540
421406,649856
421430,412600
421430,642205
421430,42645
421430,297782
421430,2646
421430,763599
421430,627406
421430,635173
421430,159229
421430,853432
421430,1137988
421430,648027
421430,207552
421430,527889
421430,679644
421430,415015
421434,585716
421434,1166930
421434,1007771
42145,746477
421454,239083
421454,950430
421454,257454
421561,1094217
421589,752946
421589,69594
421661,776976
421724,479851
421724,848909
421750,110543
42181,517553
42181,452211
42181,1092505
42181,16668
42181,795667
42181,1120133
42181,611983
42181,628816
42181,442416
421871,121331
421871,560175
421871,1112044
421871,222691
421871,438519
421871,20786
421871,433404
421871,777533
421871,953579
421871,924649
421871,128890
421879,531367
421891,276527
421908,422537
421929,94332
421929,404741
421951,280685
421985,1108562
421985,501160
422049,669320
422110,1160003
422121,559943
422121,1113409
422121,204645
422151,176380
422154,396657
422163,1085880
422199,344787
422199,120475
422199,206937
422199,48599
422199,1040078
422199,846042
422199,403709
422285,1063410
422285,1036132
422285,1114657
42238,1060236
42238,70406
42238,1092420
422401,963133
422432,785589
422452,1005253
422452,819555
422452,600955
422452,127948
422466,377940
422466,493685
422471,408618
422535,919851
422537,547221
422537,276770
422537,1026330
422537,506165
422537,421908
422537,438888
422537,211965
422537,343431
422537,658012
422537,984180
422545,620422
422569,337973
422569,968770
422582,73905
422625,599364
422625,1114657
422625,1063410
422650,333056
422650,847845
422650,785557
422724,958325
422746,377631
422746,139575
422746,639783
422800,743332
42283,415280
42283,420415
42283,1032729
42283,224886
42283,582073
42283,161063
422867,223261
422867,909147
422867,626189
422886,26160
422886,518008
422886,694570
422893,202068
422893,899140
422901,208742
422901,227821
422901,501160
422935,1160671
422935,431883
422950,665157
422950,354267
422950,475332
422950,320360
422950,601578
422950,676212
422950,600955
422950,1094415
422950,1107233
422950,728514
423087,97768
423087,189872
423087,976930
423096,253478
423096,1003859
423125,735630
423127,547869
423164,235257
423164,880727
423164,192779
423164,1126948
423164,963944
423164,942950
423164,907344
423164,549248
423164,413397
423241,335813
423241,1130650
423241,729601
423241,195000
423321,678031
423321,158803
423321,298336
423321,559943
423333,936299
423333,815802
42345,953579
42345,885102
42345,490140
42345,168402
423461,1145982
423461,1157376
423471,857791
423471,926878
423505,1011854
423505,599553
423505,353741
423505,944818
423563,370721
423563,175177
423563,393383
423563,855133
423585,891966
423610,302051
423610,638488
423610,211894
423610,843335
423610,10907
423610,913967
423610,920885
423610,125440
423610,1058559
423610,856776
423610,13751
423610,514230
423610,593155
423610,672378
423610,682684
423610,554382
423618,812341
423618,486230
423653,83585
423653,619695
423677,357718
423746,964114
423751,138335
423751,574190
42379,46545
42379,257336
423805,809139
423805,1081864
423805,305092
423805,1096086
423805,750072
423805,626338
423805,471409
423805,524262
423805,479851
423805,859651
423814,476789
423814,815900
423841,301004
423841,1125088
423841,856133
423841,130041
423853,226250
423868,515699
423868,468109
423906,457928
423915,1002106
423915,733654
423932,490160
423953,959625
423953,87946
423953,832524
42400,981052
424005,525350
424005,456196
424005,260855
424053,689666
424059,840204
424059,362850
424059,520828
424059,934782
424210,615285
424210,853826
424304,65095
424304,1113599
424304,356721
424315,1018571
424349,279496
424392,68093
424392,635906
424399,253300
424459,858101
424459,86306
424459,860965
424459,379219
424459,546145
424459,369938
424459,619426
424459,1165542
424459,141044
424459,843335
424459,1043280
424459,1073328
424459,598631
424459,350253
424459,722406
424459,567178
424459,433139
424459,843532
424459,554382
424459,884911
424459,450412
424506,864154
424515,771352
424515,786918
424515,445234
424515,777217
424515,290017
424515,554382
424515,223897
424515,652464
424515,932763
424515,518624
424515,27781
424541,524262
424541,458637
424541,549728
424541,846413
424541,269338
424541,714283
424541,1003511
424541,491391
424541,668368
42462,858045
424637,446545
424644,12275
424733,6461
424771,1013040
424795,1073605
424865,554382
424865,843335
424865,479851
424865,759792
424865,368177
424866,598076
424866,649643
424866,552950
424866,73236
424866,463422
424866,507164
424996,428206
425065,708285
425065,393629
425084,249797
425084,8850
425092,30444
425132,1098249
425132,320628
425132,1113409
425132,1086694
425132,809897
425132,683124
425132,302051
425132,554382
425132,672378
425132,86063
425132,36466
425132,630825
425132,792590
425132,843335
425132,509625
425132,142461
425132,559943
425132,603820
425132,120227
425132,880347
42521,425261
42521,426803
42521,723183
42521,604347
42521,1050371
42521,841377
42521,1083831
42521,689099
42521,385775
42521,854464
42521,638924
42521,750072
42521,687258
425237,670107
425237,1013405
425261,859651
425261,42521
425261,687258
425261,841377
425330,801134
425330,90040
425359,36337
425359,532900
425359,493782
425422,295623
425441,921580
425441,649258
425441,336616
425441,586502
425441,475497
425458,486340
425461,86516
425461,1070535
42551,514656
42551,360742
42551,337614
42551,591822
42551,792762
425569,1062222
425768,942551
425768,577982
425768,386402
425771,307725
425771,975655
425798,679644
425798,62420
425822,786492
425842,772881
425844,924426
425909,287938
425909,1034602
425909,567263
425909,302051
425909,554382
425916,640296
425920,492242
425955,612850
425955,1115281
425955,116577
425955,672378
425955,526047
425955,1116244
425955,614836
425955,659065
425985,200177
425985,290017
425985,239083
425985,663220
426081,223044
426081,193111
426081,852035
426081,892110
426092,329915
426094,275783
426094,538891
426129,132544
426129,609517
426174,497290
426174,43884
426192,732149
426192,594027
426192,269345
426192,890178
426192,694801
426192,756117
426218,357775
426218,11134
426218,149052
426218,524907
426218,1153703
426218,989767
426231,266032
426231,914590
426231,577982
426274,85828
426274,413137
426274,770271
42628,1133682
42628,759765
426294,553416
426294,369922
426294,243582
426307,1066851
426307,256493
426307,480445
426307,262260
426337,922981
42643,174567
42643,1110247
42643,25808
42643,1071199
426435,422950
42645,642205
42645,1005710
42645,853432
42645,18820
42645,903433
42645,5395
42645,776289
42645,919042
42645,1057929
42645,211420
42645,635173
42645,1036860
42645,898768
42645,237820
42645,631283
42645,633963
42645,1067868
42645,469365
42645,959092
42645,830747
42645,386402
42645,577982
42645,1100581
42645,531413
42645,263180
42645,202223
42645,893546
42645,452632
42645,165647
42645,220155
42645,13751
42645,967927
42645,1062222
42645,110301
42645,371727
42645,668252
42645,376972
42645,1112044
42645,620233
42645,699706
42645,737560
42645,1107609
42645,293900
426482,250474
426493,687676
426562,905198
426629,852035
426629,73981
426629,853945
426647,934144
426647,847551
426647,299191
426647,312498
426647,6375
426647,686875
426658,10143
426658,1044597
426658,206014
426658,43636
426658,559943
426658,341040
426658,479851
426658,97768
426658,369525
426658,843335
426658,310392
426663,968437
426764,758230
426764,981303
426764,170091
426764,776302
426764,707969
426764,90622
426764,944751
426764,870556
426764,155638
426769,953654
426769,248878
426769,604828
426769,648811
426769,268607
42679,929814
42679,264175
42679,812341
42679,890350
42679,610800
42679,1085162
426803,638924
426803,1083831
426803,42521
426803,1081864
426803,67970
426803,1068613
426910,45483
427,187827
427106,923637
427106,878963
427165,827580
427165,1129978
427224,647886
427224,116887
427234,834392
427234,478136
427256,674001
427256,746614
427260,5384
427260,763367
427260,76718
427334,666915
427334,197811
427334,170055
427334,1000123
427355,386776
427401,1088150
427431,16024
427431,699264
427431,426647
427431,955647
427520,700163
42755,386870
42755,19984
42759,817310
427755,781852
427765,761508
427765,62283
427767,670979
427806,192823
427806,79674
42782,929315
427821,1012876
427821,501703
427821,827193
427821,478648
427821,373438
427865,1143861
427865,21493
427897,957627
427897,1157103
427919,452623
427919,1038398
427919,427919
427919,137518
427919,474702
427919,810141
427919,977933
427919,386870
427919,303407
427919,531537
427919,290017
427919,778289
427919,222620
427919,465316
427919,29460
427931,1039305
427932,1086501
427958,699706
427996,934570
427996,100097
427996,24680
427997,795168
427997,1031927
427997,1137988
427997,145822
427997,617474
427997,207552
427997,1033450
427997,585374
427997,21886
427997,286528
427997,213255
427997,275632
427999,534224
427999,488983
428080,380040
428080,853257
428080,1100908
428080,1050126
428080,269410
428104,803946
428133,743341
428133,62179
428133,394441
428133,603354
428133,328489
428133,465971
428133,1120342
428133,209534
428133,847845
428133,574064
428133,1016866
428183,1157663
428196,1094217
428196,485074
428196,948545
428196,221724
428196,875887
428196,988899
428196,96727
428196,356784
428196,1033265
428196,773031
428196,255955
428196,479283
428196,768987
428196,1005262
428196,229690
428206,135688
428226,369922
428265,658012
428265,77069
428271,383068
428271,936119
428271,491391
428271,846413
428271,962357
428271,424541
428271,598790
428289,850411
428289,771352
428289,903347
428289,966855
428289,1066364
428305,89022
428305,232630
428305,428305
428306,1048496
42836,216047
42836,1114727
42836,790812
428364,451362
428440,64897
428440,283730
428441,386827
428441,554382
428463,381475
428463,706504
428469,371359
428469,230043
428469,848846
4285,1008301
4285,697941
4285,524262
428526,589673
428526,1065324
428526,626197
428529,780035
428529,439601
428590,340933
428602,1136558
428602,514292
42861,905653
42861,1075589
42861,451106
428633,878405
428647,303887
428697,121339
428736,94816
428748,1111955
428748,459528
428748,943967
428748,142837
428748,824916
428839,350542
428839,64678
428839,762374
428839,1112115
428911,1017710
428911,70253
428911,300252
428915,168402
428945,1015621
428945,137255
428945,604828
428945,651613
428985,193419
428996,550003
428996,667295
428996,303010
428996,505878
428996,535212
429017,514505
429108,127895
429108,515816
429108,1126894
429108,190389
429108,750595
429108,1118769
429108,567317
429108,668503
429185,101964
429185,244624
429202,1134923
429202,831441
429217,193419
429217,657192
429217,696543
429217,986638
429217,213501
429217,781852
429217,1059392
429217,31093
429400,893546
429400,697780
429400,811812
429400,202600
429400,685013
429400,988002
429400,165647
429400,11871
429400,737560
429400,48926
429400,145687
429400,434418
429400,23721
429400,792932
429422,757571
429498,429498
429498,476330
429499,819595
429499,411589
429499,16336
429499,13547
429499,73631
429499,1007051
429499,421351
429562,916092
429562,610289
429562,870765
429562,32912
429562,312408
429562,382106
429562,552411
429562,775386
429562,1040570
429584,862681
429643,921189
429643,80058
429643,899374
429643,701174
429643,430632
429649,57197
429649,735013
429649,1080006
429649,196254
429649,375313
429649,255005
429649,685518
429700,650531
429733,796605
429733,969242
429733,808124
429816,524789
42989,386827
42989,615928
429917,843335
429917,630825
429917,1009682
429940,371643
429940,529578
429956,1073209
429995,155178
429995,144977
429995,58241
429995,506610
430047,1011854
430047,418688
430047,24895
430088,1057259
430088,274989
430088,389711
430088,901643
430088,1056294
430088,220831
430088,888067
430088,649104
430088,679599
430088,676232
430088,781217
430088,959092
430088,475851
430088,328855
430088,798878
430088,577778
430088,288161
430088,563388
430088,228676
430088,49174
430088,1072048
430113,642205
430113,699706
430113,988002
430118,39908
430141,1062222
430141,13751
430141,202510
430164,5336
430164,483028
430164,332756
430165,240350
430165,334720
430165,905564
430165,43949
430180,854796
430209,444337
430209,272398
430209,210866
430209,334720
430209,880963
430209,1119735
430209,905564
430209,243054
430219,841847
430219,797962
430219,976376
430238,514011
430238,852717
430241,282410
430241,58737
430241,337092
430241,228676
430241,456436
430241,681076
430269,877276
430273,623151
430273,390052
430273,1135674
430273,435747
430273,733771
430273,911960
430273,960189
430273,468404
430273,10989
430273,1082884
430273,984236
430273,912853
430273,599986
430273,782855
430318,28521
430377,668368
430384,213803
430384,1154174
43040,411589
430439,686246
430439,750636
430439,1102681
4306,113541
4306,18319
4306,1105396
4306,1151548
4306,848752
4306,247415
430632,958446
430632,126854
430632,701174
430633,564851
430633,430633
430645,101711
430646,546145
430646,316954
430646,746235
430646,1043280
430647,465043
430647,1002947
430647,499176
430684,694041
430773,851509
430773,989178
430773,413397
430798,664389
430798,175659
430798,673470
430798,215696
430798,1166385
430798,627565
430798,143985
430798,129309
430798,70406
430805,689733
430805,1163947
430817,114983
430825,697178
430825,957835
430840,30767
430840,386402
430840,1082884
430840,223613
430840,901850
430840,993565
430840,125618
430840,360246
430840,805092
430840,1096557
430840,369406
430840,671272
430840,1063162
430840,386870
430883,74061
430883,478379
430883,819829
430896,46574
430896,1125366
4309,110567
430908,658057
430908,36208
430908,962419
430908,512568
430979,573171
430979,515334
430979,601309
431075,884911
431075,893887
431117,892859
431117,529648
431117,378522
431169,1111355
431169,1126948
431207,975540
431305,920885
431305,255861
43133,174567
43133,489681
431337,28931
431387,460774
431397,617496
431411,845354
431411,334278
431411,550982
431477,94196
431480,369938
431501,36337
431502,903787
431505,836762
431505,676526
431505,936037
431505,429017
431505,711842
431505,267586
431596,1096036
431596,369938
431596,863739
431664,421871
431664,204249
431664,693550
431664,438519
431684,693296
431688,151943
431708,109164
431708,407691
431738,446545
431784,369735
431784,911960
431810,416678
431810,890272
431810,1028970
431851,870092
431851,405859
431855,78071
431855,386175
431855,246900
431855,371643
431855,808124
431855,793241
431855,242496
431883,1160671
431883,422935
431885,5327
431885,229174
431885,386162
431885,657355
431888,851793
431888,523047
431888,469736
431888,233515
431888,408102
431888,213546
431888,874745
431888,559816
431888,940114
431915,758926
431972,193093
431980,1053142
431988,620581
43200,967739
43200,1017744
43200,571931
43200,805092
43200,675257
43200,1118769
43200,826835
43200,906050
43200,1105670
43200,283539
43200,46572
43200,1082884
43200,418885
43200,657522
43200,509418
432069,97984
432069,1153934
432069,492803
432069,413046
432069,135562
432087,90660
432130,685013
432130,1013020
432130,30767
432141,975890
432170,302051
432170,559943
432170,488045
432170,679676
432191,1112522
432218,645379
432218,675305
432234,82740
432234,560052
432234,17664
432234,959390
432234,1017256
432234,386286
432234,685545
432234,430377
432234,380733
432234,697941
432240,163473
432240,975311
432244,10143
432244,1019680
432254,346647
432254,1149255
432254,970827
432254,957822
432258,102795
432258,315587
432258,738010
432299,924185
432329,552175
432405,792932
432405,816899
432405,946975
432405,1046252
432405,642205
432405,878788
43244,768636
43244,398293
43244,475676
43244,83411
432457,218595
43248,610095
43248,94105
432488,1118311
432488,700163
432510,809873
432510,472038
432510,467906
432629,746061
432676,906050
432676,1160272
432676,731316
432676,688489
432679,231364
432707,372914
432707,167479
43281,996211
43281,300589
43281,827193
43281,639972
432825,144082
432906,49252
432906,1210
432906,13751
432906,1062222
433096,559943
433096,848909
433096,348957
433111,542086
433111,887392
43312,255171
43312,672790
43312,601309
433139,114791
433139,1107964
433139,818368
433139,843335
433139,792590
433139,679599
433139,519106
433139,465608
433139,926719
433139,60154
433139,775108
433139,993530
433139,1047719
433139,968227
433139,475271
433139,675834
433139,577778
433139,158936
433139,187298
433139,984199
433139,547869
433139,305498
433139,1093167
433139,554382
433139,48599
433139,274989
433139,151444
433139,627406
433139,58411
433139,370671
433139,1104015
433139,1118769
433139,245326
433139,275433
433139,1113257
433139,206937
433139,175774
433139,338575
433139,1091651
433139,758230
433139,760867
433139,31937
433140,830747
433140,1057929
433140,371727
433140,642205
433140,577982
433140,322804
433140,42645
433172,712562
433172,169093
433183,532622
433183,231020
433183,1021101
433183,381139
433187,386776
433187,1082418
433187,1118769
433187,1098695
433187,1147699
433190,107879
433190,465262
433190,588502
433221,678821
433221,725340
433221,1141266
43323,188339
433235,635030
433235,785530
43326,30132
43326,989059
43326,479851
433266,765126
433342,68540
433342,475950
433363,813080
433363,1073209
433363,626338
433363,204814
433363,458637
433404,20786
433404,181066
433419,446287
433419,95099
433443,362196
433485,214852
433485,482912
433518,271415
433570,611230
433661,555395
433661,216297
433661,651613
433661,852717
433661,409941
433676,152337
43369,693875
43369,837302
43369,615101
43369,1118769
433786,1089176
433786,453359
433786,34052
433786,1122475
433786,1134524
433786,1136943
433786,929227
433786,785586
433786,1069520
433883,372829
433883,44502
433977,370454
433983,1070535
433983,121030
433983,1057929
433983,1081474
434012,541648
434012,611708
434012,1143386
434012,277653
434069,693550
434233,847352
434273,1023275
434273,137589
434273,159765
434273,441935
434418,94026
434418,1057929
434418,625189
434418,42645
434423,842282
434612,232792
434636,994217
434640,352815
434640,617496
434650,508794
434650,906778
434650,996224
434650,457928
434696,779455
434832,573066
434832,393076
434832,494156
434832,554496
434832,800855
434832,264036
434832,339872
434832,1080503
434832,746993
434832,247137
434832,784003
434832,903317
434832,26124
43484,899374
43490,812341
43490,588106
43490,378449
43490,768327
43490,559943
43490,407593
435074,658012
435074,603207
435099,43636
435104,188730
435149,629952
435160,847352
435160,1118769
435160,33605
435160,1082884
435160,918154
435160,418885
435160,479851
435165,966332
435193,294684
435195,877276
435195,855798
435195,587687
435195,754355
435195,980425
435333,1141266
435344,610418
435344,735497
435344,278917
435344,899834
435344,91065
435394,874679
435394,798513
435435,216522
435435,870054
435435,321824
435435,662179
435435,996236
435435,480445
435435,1107882
435435,846723
435435,690627
435435,482987
435435,334720
435435,393539
435435,610095
435435,893887
435435,775970
435435,1166930
435435,777030
435435,376193
435435,54972
435435,1151613
435435,531333
435435,190273
435435,338407
435435,726440
435435,884911
435435,744097
435435,1022574
435435,183969
435435,920706
435484,787589
435612,159842
435622,981590
435622,1101823
435625,592674
435625,555673
435670,196474
435670,17301
435670,1107807
435670,792910
435670,667756
435670,1012331
435670,4095
435670,213317
435670,830433
435747,115892
435747,263357
435747,1161753
435747,782855
435747,777239
435747,952825
435747,2765
435747,430273
435747,1114135
435747,1095233
435825,267831
435825,727093
435825,22043
435875,162356
435875,835546
435875,682597
435875,25808
435875,211965
435964,1096257
435964,366705
435964,550026
435964,600199
435964,803946
435964,790516
435964,253891
435964,28755
435964,559943
435964,554382
435982,1033388
435982,223138
4360,452050
4360,973794
4360,444675
4360,1057
4360,736644
436042,953579
436042,76723
4361,948910
4361,1011676
436144,457756
436144,529253
436144,1004807
436144,352295
436152,338407
436152,676147
436152,846413
436152,139748
436152,549728
436157,196305
436157,774218
436157,683194
436157,1066848
436157,11476
436158,876857
436158,1136801
436158,864826
436158,921320
436197,1013688
436197,1118769
436197,584553
436197,478031
436197,1067225
436238,323865
436269,1052412
436269,346767
436269,1130650
436306,108052
436306,1008920
436306,1040362
436306,390308
436306,186911
436316,141620
436316,469755
436316,706586
436350,861103
436350,527756
43636,277076
43636,1118769
43636,254609
43636,683124
43636,401264
43636,559943
43636,870765
43636,454350
43636,517758
43636,233195
43636,216223
43636,734142
43636,493782
43636,36337
43636,341040
43636,157504
43636,387882
43636,486093
436384,642205
436401,711410
436401,115558
436519,177488
436522,50884
436522,585024
436558,576215
436558,628816
436558,1089707
436558,452211
436558,611983
436558,326535
436558,442416
436558,679966
436558,479097
436558,678609
436558,27781
436558,42181
436558,721174
436573,845354
436622,775012
436638,1016571
436643,132270
436643,215289
436643,810629
43665,568694
43665,387496
43665,284286
43665,238254
43665,832524
43665,799875
43665,133249
43665,730500
43665,755781
43665,840782
43665,473013
43665,813663
43666,610289
43666,291227
43666,548969
436661,865704
436661,556429
436661,746824
436661,479851
436680,158936
436680,401819
436680,274989
436696,61024
436696,27781
436696,121331
436710,843335
436715,721541
436798,478031
436800,375601
436800,672327
436802,792590
436807,1113409
436807,1034682
436807,559943
436807,899388
436807,843335
436807,425132
436807,247205
436807,471961
436807,603820
436940,1103415
436940,1006028
436940,272421
437004,554382
437004,559943
437004,683124
437019,786322
437035,722188
437035,400175
437049,338980
437049,1151548
437049,866402
437049,698780
437049,861314
437049,464760
437115,629862
437153,36337
437153,341040
437153,89540
437264,303100
437314,1080733
437314,873983
437394,1073209
437424,350253
437424,1165542
437424,394483
437424,897144
437424,1125065
437435,105065
437435,766996
437435,405163
437471,754461
437471,497529
437471,201752
437471,413713
437471,692448
437471,1024580
437471,610418
437471,888756
437471,796159
437471,1110904
437497,216134
437497,1114765
437497,1025986
437497,988002
437497,661652
437497,546539
437497,627406
437497,642205
437497,816899
437497,938824
437497,217363
437497,878788
437501,1137834
437562,271194
43760,94175
437623,409779
437623,1013712
437623,866711
437655,1143415
437655,963395
437655,1039953
437655,964633
437655,1128905
437655,413397
437708,677221
437708,165718
437708,408736
437708,949554
437708,349268
437708,685362
437708,1151524
437709,1008970
437721,453340
437721,609002
437721,864154
437721,674190
437721,1118769
437763,1143232
437763,942802
437763,1121309
437763,393870
437763,1106747
437775,488194
437777,524244
437777,213493
437856,551940
437856,158911
437856,83795
437949,94584
437949,1040609
437949,1105768
437949,706320
437949,610418
437949,658012
437949,796710
437949,1050159
437949,897168
437949,273947
437949,408736
437949,772255
437949,154407
437949,759187
437949,559943
437949,498258
437949,758123
437949,996705
437949,1032459
437949,549259
437949,402684
437949,63047
437949,975890
437949,980571
437955,647703
438024,193641
438024,934916
438025,785557
438025,907003
438025,361184
438076,1062222
438076,386870
438076,55765
438076,1135706
438076,1089707
438076,1096557
438076,94816
438076,271544
438076,787287
438076,528177
438076,721174
438076,945575
438076,290017
438076,771352
438076,27781
438076,517553
438076,386827
438076,678609
438077,360740
438077,772279
438094,172558
438162,531904
438162,772255
438246,689733
438246,755484
438246,666991
438277,536449
438277,507021
438290,1059691
438316,137237
438316,159959
438390,269976
438390,1114039
43847,693306
43847,186277
43847,414949
43847,118048
43847,887528
43847,244533
43847,906141
43847,511457
43847,364266
43847,577710
43847,684398
43847,512132
43847,800585
43847,857956
438474,1021642
438485,554382
438485,491823
438485,843335
438485,539849
438485,999657
43850,109473
43850,36337
438519,695838
438519,204249
438519,168402
438519,953579
438519,421871
438549,515993
438549,796592
438594,712529
438608,212236
438652,1073209
438653,165675
438653,76669
438653,846146
438653,957530
438671,688578
438671,1155407
438671,89540
438685,328771
438685,713633
438736,533192
438736,747858
438736,1072292
438736,762374
438736,1000371
438736,362815
438736,987812
438736,1080733
438736,1019990
438736,324628
438736,769644
438736,526871
438736,1083782
438758,747663
438758,486093
438771,967364
438771,246646
438774,267204
438774,668230
438783,240692
438783,152733
4388,545270
438839,783469
43884,99354
43884,849467
43884,426174
438888,996008
438888,957130
438888,277432
438888,719758
438888,614667
438888,744117
438888,946090
438888,269842
438888,292306
438888,658012
438888,422537
438888,207880
438946,519270
438946,559943
438946,13751
438946,461427
438946,1011282
438946,848019
438946,441951
438946,803946
438946,1065232
438946,879690
438978,648161
438978,232088
438978,370139
438978,950557
439009,61852
439009,229839
439009,346237
439009,96543
439009,139561
439009,134081
439124,636374
439124,720775
439124,366335
439127,25466
43914,169526
43914,251550
43914,401849
43914,887392
439191,202585
439191,596158
439191,1068169
439191,269345
439191,809141
439191,734142
439191,1042250
439191,962971
439191,235305
439203,1111891
439203,133009
439203,870689
439203,141347
439265,803861
439280,209705
439342,287425
439342,314688
439342,473682
439342,178822
439342,818936
439342,811022
439487,792590
43949,430165
43949,240350
439545,959061
439546,1031322
439546,992792
439556,82673
439556,815697
439556,292954
439556,534746
439556,254291
439556,865938
439569,813547
439601,565918
439675,60182
439675,883207
439675,715950
439680,899374
439855,1048695
439873,660767
439873,371488
439915,469743
439943,999488
439943,592235
439994,106215
439994,1055625
439994,755138
439994,355827
439994,526991
440010,709527
440010,502005
440162,411589
440162,506349
440162,264656
440162,591043
440162,802718
440164,1019680
440164,614662
440220,320752
440220,940927
440220,118189
440220,942408
440220,289708
440388,1107554
440388,697354
44039,83585
44039,423653
44039,402966
440431,411589
440431,1097977
440478,567143
440478,728354
440478,1166930
440533,1041221
440533,1034091
440533,553196
440533,737236
440566,956188
440566,471961
440748,57197
440791,408346
440791,237540
440791,909773
441024,981774
441024,405872
441026,677957
441026,1139315
441026,634504
441026,647331
441026,50952
441026,91469
441033,1143293
441033,549728
441033,271924
441033,1069884
441034,189789
441034,240350
441034,68479
441138,766948
441138,549259
441138,174567
441142,1161943
441143,236515
441146,818725
441176,164980
441176,407430
441195,832824
441195,31520
441195,651613
441207,1088537
441207,694283
441212,504309
441212,782549
441212,937124
441212,70791
441214,116926
441216,155557
441216,893677
441248,1103415
441328,1086582
441359,690519
441359,801013
441359,333338
441386,1076834
441386,766654
441386,781271
44140,823729
44140,806343
44140,372802
44140,381052
44140,1073209
44140,85658
44140,764898
44140,911474
44140,1166930
44140,245261
441459,498228
441459,135923
441459,668368
441459,577778
441459,130906
441459,33131
441459,616595
441459,689285
441459,1099189
441520,809897
441595,1099854
441595,827580
441637,338496
441637,687676
441637,332140
441637,116926
441637,550295
441637,24613
441637,27781
441637,633911
44168,981590
44168,573203
441722,337107
441791,567753
441791,108424
441791,628945
441791,349376
441791,362619
441848,648855
441848,720699
441881,89540
441931,646858
441951,461427
441951,438946
441963,1157751
441963,658012
441963,408736
442068,961927
442068,933501
442072,294338
442084,681309
442084,300682
442171,776535
442211,226687
442217,994370
442217,683124
442217,555491
442217,1036828
442217,948096
442217,603820
442217,487042
442217,200368
442245,81474
442245,820473
442303,656820
442312,98297
442343,833934
442343,647202
442350,620949
442399,781070
442399,1075020
442399,90622
442399,1092624
442399,378333
442416,452211
442416,611983
442416,42181
442416,16668
442419,679966
442446,118839
442446,442446
442453,848418
442453,327678
442465,162450
442465,938923
442540,611078
442540,201055
442540,812339
442600,75622
442632,843335
442658,301708
442767,870284
442767,439342
442767,817739
442822,719358
442822,622407
442822,399114
442832,82810
442832,320337
442832,955404
442834,625670
442834,818564
442834,688148
44288,612871
442944,1080657
442944,757243
442944,755357
442944,1061699
44299,1044925
443144,204645
443144,637221
443144,1155111
443144,803946
443144,302051
443144,843335
443144,1044597
443144,662015
443144,386870
443144,855030
443144,963941
443144,425955
443144,22845
443144,870765
443144,52774
443144,132168
443144,709541
443144,504247
443144,500390
443144,681330
443144,746984
443144,692448
443144,281360
443144,457063
443144,120227
443144,989345
443177,491823
443301,472226
443354,594088
443354,1014248
443354,1119195
443354,623539
443354,229581
443367,522869
443367,327526
443454,1099461
443476,448852
443476,293900
443558,317635
443558,917861
443558,1089154
443558,550739
443562,373462
443562,729601
443562,551738
443580,705252
443580,949088
443621,677142
443621,775108
443622,773158
44364,781814
44364,1151860
443641,173452
443641,13751
443641,945575
443641,843335
443641,531413
443641,192771
443641,282749
443641,867473
443641,33605
443641,162806
443797,974742
443797,519945
443797,1040926
443799,90040
443799,750108
443799,918846
4439,568894
444,1158559
444,652464
444,525498
444,605588
444,726182
444,120227
444,683124
444,559943
444,646481
444053,846932
444053,6893
444053,248481
444102,830769
444114,519813
444114,746148
444132,1063617
444145,7675
444145,759043
444168,126854
444168,242550
444168,114090
444168,291411
444168,135688
444168,1095560
444179,123773
444179,766948
444179,549259
444188,682798
444188,776627
444188,532264
444188,699756
444231,216691
444231,282454
444231,848019
444231,386870
444231,554382
444231,92378
444231,771352
444252,101964
444252,552465
44429,346056
44429,847459
444304,584381
444304,449356
444341,1137288
444341,976522
444341,962163
444341,313615
444349,1122795
444349,776147
444404,206574
444404,168402
444404,110543
444413,968437
444413,228676
444413,690627
444413,122338
444413,597617
444413,804262
444413,1073209
444413,482987
444413,621910
444413,1166930
444413,372802
444413,1125277
444413,846723
444420,28265
444420,1094415
444420,27781
444420,1093682
444420,1039218
444496,477015
444496,1070833
444496,519520
444502,197093
444502,1082418
444565,734157
444637,836234
444637,136208
444675,835158
444675,4360
444675,1057
444675,452050
444678,1105169
444710,657588
44472,623145
44472,459528
444721,642283
444721,775108
444721,433139
444721,787032
444721,48599
444721,1021475
444721,220239
444721,305498
444721,457757
444721,789832
44484,534505
444881,163533
444881,775527
444881,315233
444881,410843
444902,971740
444902,834392
444902,94956
444902,911960
445011,433139
445011,818368
445011,370671
445011,151444
44502,1068684
44502,612237
44502,785935
44502,38238
44502,408149
445054,599392
445054,750504
445054,1005176
445054,867762
445054,108424
445054,344322
445069,151376
445069,564286
445069,600955
445069,694422
445097,1144765
445155,236734
445162,540446
445162,92953
445221,249196
445234,777217
445234,424515
445282,771352
445320,779766
445320,1111891
445320,940580
445320,762374
445320,500149
445324,624858
44535,764393
44535,957627
445379,1056011
445429,847845
445430,637019
445430,1166930
445430,775970
445430,97351
445430,190691
445503,901309
445503,765343
445503,267436
445503,466064
445503,882042
445547,431885
445547,1026114
445547,976235
445547,5327
445547,483304
445547,176725
445547,751996
445556,629327
445597,830747
445597,651010
445597,699706
445597,220155
445597,4907
445597,957691
445597,1058417
445597,851102
445597,937930
445672,445984
44572,57197
44572,349196
445765,1165887
445804,478262
445804,588446
445804,529543
445804,663205
445804,861863
445804,773799
44584,772929
44584,887573
445870,597713
445870,1052613
445870,595515
445984,445672
446030,511833
446030,916996
446030,189789
446030,536600
446089,1118769
446145,906050
446223,74601
446228,415656
446228,936119
446228,54916
446228,318911
446252,824685
446252,64531
446252,786094
446252,338575
446252,168910
446252,293060
446252,60154
446252,194807
446252,716335
446252,1093167
446257,982153
446287,433419
446287,95099
446346,1106381
446346,769552
446346,181257
446346,723141
446346,279569
446393,192802
446458,854796
446512,1033265
446512,333297
446512,193419
446512,486763
446512,446512
446512,1133793
446512,749482
446512,1004824
446545,37907
446545,424637
446545,341040
44663,519945
446746,931346
446786,152337
446876,639555
446876,509793
446876,1115407
446908,8357
446947,133484
446961,1068040
446983,633455
446983,1082884
446983,68633
446983,447258
447006,212586
447006,1006993
447006,331681
447035,579475
447035,1082418
447035,1118769
447097,1148339
447097,601309
447097,1129978
44715,959251
447238,1110582
447238,1112522
447258,446983
447339,316099
447339,713379
447339,558867
447339,362763
447410,143239
447410,156730
447410,351759
447410,187827
447410,257890
447410,779477
447453,94024
447485,238693
447530,82497
447530,29460
447530,360229
447530,95099
447530,339892
447530,389395
447530,1135014
447535,902032
447576,79502
447672,772795
447672,1052034
447672,647671
447728,810943
447728,943208
447728,397918
447775,853657
447775,334616
447775,730405
447775,468597
447775,248912
44779,231056
44779,848418
447837,852485
447837,168402
447837,596578
447837,1149283
447862,778288
447862,581106
447862,770982
447862,629862
447916,578638
447937,104370
447937,386827
447937,120228
447937,290017
447937,320360
447987,265821
447987,1131019
447988,559943
447988,803946
447988,117908
447988,22845
447988,479851
447988,129034
447995,540349
447995,207165
448054,120456
448074,81474
448168,574910
448215,75792
448215,873983
448215,648532
448215,157859
448215,172223
448215,1141526
448215,486382
448215,975078
448215,769846
448215,842449
448266,693735
448266,518429
448266,65095
448266,462477
448266,713215
448266,315634
448266,157488
448269,719204
448434,1092786
448434,73155
448434,1157882
448436,1078423
44845,997755
44845,247172
448473,168402
448473,882022
448473,1073209
448473,596578
448539,1057259
448636,689285
448636,1073209
448636,814637
448646,216297
448646,954460
448646,670753
448646,528177
448646,95099
448646,193583
448646,197337
448646,517553
448646,1071636
448646,919747
448646,789241
448646,499439
448646,1016615
448646,544752
448646,1032883
448646,101711
448646,40972
448646,534392
448646,604828
448646,551940
448646,828996
448646,693828
448668,940392
448709,465262
448817,94816
448817,771352
448817,877141
448817,600955
448817,613994
448817,4179
448817,479851
448817,33605
448817,256313
448852,792932
448852,642205
448852,793940
448852,583635
448852,811812
448852,329505
448852,903433
448852,988002
448852,374123
448867,63047
448867,437949
448867,47920
448872,378449
448896,48944
448896,906050
448896,211622
448896,1050201
448896,1079377
448896,386402
448896,577982
448905,478340
44901,772795
449042,546145
449042,993492
449042,424459
449068,90622
449068,773172
449074,169120
449106,224944
44916,299458
44916,211965
449173,1079660
449173,577982
449173,1139962
449173,860965
449173,87598
449173,545341
449173,1085509
449173,889860
449173,850315
449173,204814
449173,786322
449173,386402
449173,1112044
449173,248896
449199,598701
449199,486763
449199,729806
449199,455596
449246,149052
449246,527971
449246,148729
449246,397957
449246,1115765
449246,746984
449246,140383
449278,938487
449278,831837
449278,826283
449278,1050276
449278,777028
449278,522474
449278,909773
449278,1042449
449283,961059
449283,936437
449283,643976
449283,821623
449322,483630
449322,453075
449324,802788
449324,331198
449339,908724
449339,524770
449339,479851
449339,771352
449339,580690
449339,441026
449339,847352
449339,877598
449339,1102943
449339,248912
449339,253923
449379,679644
449459,322804
449459,830747
449515,99558
44957,1118769
449596,433404
449596,20786
449634,711417
449634,1138804
449641,960278
449641,383018
449646,191342
449646,400358
449646,623578
449664,847677
449664,1013052
449664,1085470
44968,566223
449731,577982
449731,121331
449731,544170
449731,386402
449731,204814
449731,1112044
449777,1157376
449777,746614
449777,56586
44978,949306
44978,248170
44978,547985
44978,894761
44978,1025260
44978,922899
44978,326676
44978,686180
449787,983951
449885,308173
449902,868199
449959,670339
449959,667756
449979,989067
45001,847352
450085,815208
450085,715169
450085,63658
450085,236974
450085,457928
450085,481504
450085,264863
450107,1106977
450137,879246
450137,163473
450137,131071
450137,604828
450137,862083
450137,386870
450137,724112
450137,712502
450137,76700
450155,1062350
450155,580139
450173,226812
450290,526871
450290,1106049
450290,682796
450290,531209
450290,457880
450290,56973
450290,37216
450290,782073
450290,360139
450290,1083782
450290,565374
450375,183574
450375,950736
450375,33605
450375,479851
450375,269901
450375,779999
450375,554382
450395,856897
450397,374050
450397,621712
450397,114983
450397,187827
450412,181932
450412,86306
450412,424459
450412,1125065
450433,492448
450433,110348
450433,357059
450433,642831
450434,491669
450452,352741
450452,620822
450468,181066
450468,180097
450476,75163
450476,233515
450476,874745
450534,1002947
450534,597466
45057,310392
450614,1026121
45065,937615
45065,1115637
45065,163992
45065,877276
45065,754355
450715,448646
450715,699249
450727,809194
450727,565455
450823,148836
450823,554538
450823,334720
450823,578520
450823,905564
450823,377200
450823,729601
450827,394441
450827,984451
450827,100544
450827,657126
450827,923660
45086,747334
45086,16438
45086,1096640
45086,870765
45086,71567
450905,389015
450905,913471
450905,616104
450905,407691
450905,1032052
450905,314834
450905,864601
450905,266194
450905,954254
450905,675652
450905,940979
450905,1093877
450905,970802
450931,415656
450931,792188
45094,373811
451010,631431
451010,365243
451078,361035
451078,1140014
451104,559943
451104,683124
451106,792532
45118,1046908
451207,183472
451207,1003859
451238,830747
45124,989173
451260,1108515
451260,8651
451278,367174
451316,136208
451318,605516
451318,357059
451318,806568
451318,492448
451321,208661
451321,959013
451321,540893
451324,1042716
451324,961173
451362,889817
45142,641521
451479,843335
451479,490608
451484,485385
451484,218801
451496,239083
451503,787141
451570,747405
451574,603354
451574,181339
451574,869258
451574,685233
451574,676000
451574,133779
451574,248109
451635,336542
451766,262042
451766,28139
451798,597992
451798,1132216
451798,719499
451798,25992
451798,1129978
451798,387053
451798,363095
451830,989993
451830,646238
451830,549783
451830,782613
451830,938599
451830,736714
451830,202327
451830,281312
451830,463258
451830,239088
45184,554382
451937,479851
451937,1074731
451937,33605
451937,290017
451937,682684
451981,262259
452044,985965
452044,531209
452044,666348
452050,379893
452050,689012
452050,164781
452050,242262
452050,877030
452050,1066674
452050,121464
452050,161154
452050,976522
452050,407430
452050,955614
452050,1057
452050,736644
452050,835158
452050,599217
452050,444675
452050,763237
452050,337092
452050,4360
452057,1094415
452057,349258
45207,160398
45207,909163
45207,916996
452091,90507
452091,577244
452110,70406
452110,1043522
452110,627565
452110,129309
452110,1060236
452110,163371
452110,485387
452110,215696
452110,175659
452110,606894
452125,601309
452201,148120
452201,216297
452201,764084
452201,1021128
452201,1082971
452211,1120133
452211,42181
452211,137265
452211,442416
452211,611983
452211,517553
452211,881039
452211,16668
452231,24731
452231,536418
452231,1032696
452253,1070336
452253,711842
452253,183698
452253,581629
452253,890272
452253,242813
452253,594303
452253,676526
452296,857239
452296,394997
452296,942161
452345,1102276
452345,1065174
452402,4818
452408,827193
452408,1111271
452468,843335
452468,776550
452468,903347
452468,559943
452468,848909
452468,114079
452468,204645
452468,630825
452529,925649
452529,936137
452530,155263
452546,361455
452546,517498
452623,1062651
452623,465316
452623,301363
452623,1002584
452623,554382
452623,819555
452623,877141
452623,1050922
452623,15935
452623,903347
452623,19984
452623,97838
452623,720081
452623,945575
452623,169873
452623,559943
452623,479851
452623,300694
452623,386870
452623,473520
452623,599392
452623,109927
45263,912414
452632,946975
452632,485294
452632,165647
452632,73712
452632,42645
452652,212451
452652,300396
452716,1073209
452716,168402
452716,678136
452716,718038
452716,1072492
452716,913867
452716,32706
452738,361215
45280,211323
452875,345428
452875,799434
452940,831637
452940,649643
452940,419034
452940,840520
452940,89144
452940,552950
452940,94733
452940,673772
452940,1121064
452940,358036
452982,405872
453014,87178
453014,1133124
453075,543901
453075,368863
453075,118657
453075,1044498
453075,174567
453075,498258
453075,923156
453075,276770
453075,489681
453079,787287
453102,1127353
453102,1125088
453144,326135
453146,89972
453158,164756
453158,1095019
453158,490151
453158,435982
453169,935450
453169,578701
453169,720000
453183,285257
453183,911960
453199,669121
453199,997781
453252,1043006
453252,216099
453252,693828
453275,459953
453275,453340
453340,674190
453340,609002
453340,437721
453340,843335
453340,864154
453340,922883
453340,828435
453340,257139
453359,720465
453359,256876
453359,151444
453359,804367
453510,170915
453510,1011211
453510,597779
453510,716834
453510,15234
453510,1135257
453510,711842
453512,983019
453512,233769
453512,940286
453512,292797
453533,738804
453654,445430
453802,686238
453802,939393
453802,342641
453802,868822
453802,825727
453810,481416
453810,630612
453810,488194
453893,651010
454048,903110
454048,639694
454048,459868
454048,1105230
454130,809139
454185,1075712
454185,320579
454227,774972
454227,383666
454248,444127
454248,24550
454248,579601
454248,974221
454272,1064004
454312,494412
454312,318994
454312,332683
454319,168402
454319,976522
454319,684608
45433,45433
45433,899374
454346,1004454
454346,489337
454346,1002358
454346,1075168
454346,858714
454350,659061
454350,539967
454350,1018705
454350,32619
454350,251627
454350,559943
454350,714638
454350,727722
454350,121574
454350,212911
454350,723659
454350,332817
454350,149052
454350,962058
454350,357775
454350,792590
454350,1118769
454350,772505
454350,264918
454350,1049969
454350,745790
454350,989767
454350,638924
454350,930278
454350,1086098
454350,1153703
454378,458523
454378,119724
454378,1116866
45454,376170
45454,411016
454611,410843
454616,686262
454648,695091
454648,222620
454648,989753
454648,612500
454648,483432
454648,485702
454648,771352
454648,459220
454648,386870
454648,1010549
454648,553254
45466,1130928
45466,476634
45466,99938
454666,1082884
454758,765833
45483,945467
45483,757243
45483,426910
45483,706435
454861,479851
454902,1166930
454902,953579
454937,493122
454937,910984
454945,1073209
454945,481708
454986,850652
454986,745790
454986,895603
455026,189936
455026,667275
455026,67734
455026,250879
455026,676147
455026,1093139
455026,458637
455042,705089
455042,355827
455042,577452
455139,51802
455139,1072492
455139,31393
455143,461692
455143,357775
455161,179822
455161,162580
455166,20786
455166,503712
455176,1124489
455314,928639
455329,1046409
455329,545128
455329,66548
455337,190191
455354,322139
455455,216047
455455,897551
455455,790812
455455,675856
455455,167479
455455,193524
455502,457662
455506,481504
455573,168402
455596,600664
455596,720148
455596,449199
455596,893825
455596,904418
455596,284577
455596,598701
455740,1153757
455740,11756
455740,667756
455740,93178
455803,155417
455803,197653
455803,465644
455803,1085470
455803,940079
455803,559943
455803,1036860
455803,874745
455803,676526
455803,221759
455803,771979
455803,940114
455803,290662
455803,563752
455803,652265
455852,580690
455852,992195
455876,559943
455994,1123466
455994,347509
455994,7451
455994,787287
456002,13751
456002,1050126
456002,380040
456002,859940
456002,929367
456002,870765
456002,843335
456002,1073449
456002,269410
456002,771352
456002,549182
456002,244655
456002,1135327
456002,479851
456002,856897
456013,886647
456013,1053289
456013,70791
456013,38490
456033,978039
456033,357282
456033,633963
456033,531022
456033,458598
456033,628248
456061,1074837
456161,477406
456161,912506
456196,377817
456196,424005
456206,229288
456224,11648
456224,469742
456250,669235
456250,113407
456292,368884
456373,479167
456422,918154
456422,309086
456422,898717
456436,95250
456436,299660
456436,1056294
456436,1078730
456436,228676
456436,382996
456436,323382
456436,943699
456436,773158
456436,58737
456436,804686
456436,430241
456436,359892
456436,119081
456436,477065
456436,143435
456436,1067647
456436,708929
456436,127016
456436,689012
456436,337771
456436,72265
456436,206379
456436,282410
456436,744551
456436,955332
456467,94584
456471,764366
456471,559943
456471,346342
456471,1150361
456471,683124
456471,342216
456471,490608
456471,554382
456509,1115489
456509,228586
456509,18757
456509,800107
456525,878127
456557,1003859
456593,271737
456593,157857
456593,370671
456626,125161
456626,94816
456626,479851
456626,386827
456626,771352
456626,1090826
456626,33728
456633,928020
456638,663450
456638,946975
456638,195630
456647,879246
456647,29460
456647,339892
456647,320420
456647,1121182
456647,1116433
456647,13281
456647,620911
456647,579715
456828,436680
456859,163933
456859,580205
456917,277629
456926,322391
456926,66155
456926,94175
456976,479851
456976,86063
457042,1066078
457063,1154719
457063,443144
457082,616049
457085,1002320
457085,16353
457085,965187
457143,457928
457151,371727
457151,699706
457151,42645
457151,47703
457151,216722
457153,315183
457184,140930
457185,646238
457185,938599
457200,683124
457200,554382
457223,843132
457223,265217
457223,364185
457223,46545
457232,559943
457232,964343
457232,849639
457232,485702
457232,820673
457232,442217
457293,1090020
457293,1006329
457305,1101540
457316,1083950
457316,112292
457316,485598
457316,77920
457347,442399
457371,946699
457372,1016476
457372,862104
457445,411501
457565,539111
457589,693550
457589,779492
457589,178321
457589,168402
457589,855817
457662,519106
457662,338575
457662,274989
457662,64531
457662,35149
457662,1010090
457662,628654
457662,433139
457662,526358
45769,235943
45769,942451
457713,185108
457713,410843
457713,179185
457713,657583
457713,110752
45773,374845
457743,510801
457751,1042601
457756,352295
457756,436144
457756,75622
457757,1093167
457808,777670
457808,1014848
457827,165651
457827,386605
457880,376483
457880,772795
457880,56973
457880,369192
457880,1083782
457880,526871
457880,29826
457880,1163980
457880,1069899
457880,378522
457880,450290
457907,301708
457907,381962
457928,777356
457928,827193
457928,1103415
457928,588321
45805,226812
45805,849196
45810,730405
45810,164502
458102,679966
458127,1039017
458127,943935
458127,1005886
458148,681819
45819,386870
45819,1062222
458196,1118769
458502,324133
458502,1053400
458502,32605
458523,1116866
458523,539057
458523,48170
458523,867473
458559,525350
458559,260855
458571,824685
458598,735223
458598,357282
458598,534037
458598,260239
458598,978039
458598,531022
458598,365722
458609,630185
458609,377940
458609,792590
458609,874384
458609,703922
458609,598940
458609,37907
458609,575444
458609,974720
458609,146011
458609,26783
458609,584608
458609,120815
458609,80105
458609,315167
458631,734157
458631,576575
458633,958697
458633,887528
458633,254048
458637,610095
458637,849023
458637,813080
458637,704031
458637,771352
458637,338407
458637,1143293
458637,139748
458637,679955
458637,287217
458637,846413
458637,64054
458637,764551
458637,491391
458637,37604
458637,685545
458637,783299
458637,677960
458637,381980
458637,1017699
458641,510448
458687,938057
458707,219473
458707,474590
458707,844385
45871,587445
45871,927428
45877,1098344
45877,506839
458796,1122424
45882,19984
45882,994962
45882,531413
45882,1031282
458835,1073021
458838,27819
458838,679693
458838,981188
458838,69055
458838,310143
458838,186290
458838,155861
458838,397114
458838,598076
458838,588871
458838,925976
458838,53329
458838,73236
458838,89144
458838,649643
458838,1131051
458838,1043801
458846,186911
458846,659486
458846,559943
458846,652464
458846,646481
458846,367257
458846,137849
458846,605588
458846,329680
458846,1085334
458846,598485
458846,773353
458883,626189
458883,16816
458883,912778
458975,855798
458975,389711
45899,653610
45899,216223
45900,36260
45900,297954
459049,229027
459049,556920
459049,488194
459113,968354
459114,1149264
459114,115026
459114,149052
459174,334050
459174,1016091
459174,790332
459174,86444
459174,33131
459174,598098
459174,780088
459174,189272
459174,297954
459174,146501
459174,1084752
459320,899703
459320,405734
459320,543412
459320,382812
459320,906902
459320,519288
459320,121331
459346,846944
459346,1162178
45939,523047
45939,321308
45939,711842
45939,987314
459437,647860
459437,1073328
459437,300353
459455,118189
459455,1109175
459465,1042250
459465,854212
459477,448646
459477,517553
459497,843335
459528,943967
459528,389395
459528,604828
459528,329402
459528,1149283
459528,509635
459528,927440
459528,409941
459538,830416
459567,186911
459567,843335
459594,287157
459596,714989
459694,340659
459702,508145
459702,54221
459702,1157185
459706,737560
459706,42645
459728,43636
459728,425359
459747,47281
459757,807779
459757,122123
459757,810629
459801,541098
459801,532249
459822,554382
459845,852389
459845,1062139
459845,1103131
459845,554382
459845,204645
459845,848909
459845,843335
459845,964054
459845,1125612
459845,401264
459845,605211
459845,559943
459848,552998
459848,847352
459868,903110
459868,273178
459868,144181
459868,616362
459868,295612
459921,21416
459929,212094
459953,553700
459953,990541
459953,453340
459953,453275
460166,747434
460166,313512
460166,614291
460166,183
460166,1008301
460166,17664
460166,685545
460166,335350
460171,532260
460243,477272
460243,204873
460307,258856
460307,176027
460307,1105921
460307,231020
460307,532622
460307,1021101
460345,843335
460345,559943
460345,1044597
460354,1058417
460354,290368
460354,1023158
460354,1103455
460354,998422
460354,830747
460363,19573
460363,1832
460363,3307
460421,267123
460421,622772
460421,380353
460447,742134
460523,577778
460523,1056172
460543,273472
460543,630825
460543,204645
460543,133259
460543,835857
460543,843335
460543,856776
460543,197813
460543,479851
460543,415333
460543,903347
460543,1044597
460543,279671
460543,604959
460552,809148
460552,337822
460552,495431
460568,1133106
460573,804677
460573,890259
460573,1107911
460573,250601
460573,788388
460573,91685
460573,836153
460573,461493
460587,42645
460649,133249
460656,94290
460656,233037
460656,748561
460667,1086395
460683,223226
460683,358819
460683,191290
460683,1137367
460683,238460
460683,385093
460698,248170
460715,299325
460715,847352
460740,943967
460740,651613
460740,879246
460740,55765
460740,231802
460740,332815
460774,476614
460787,89540
46083,959058
46083,328815
460885,1084798
460885,98233
460885,850113
460890,984393
460890,779220
460890,260804
460890,714368
460890,559943
460896,663243
460896,421171
460896,798502
460896,848712
460896,954883
461005,207552
461059,238892
461059,956188
461059,7190
461059,1050126
461059,459845
461059,554382
461059,999419
461059,374476
461077,826283
461077,980321
461077,646576
461077,237540
461077,104333
461077,1167160
461079,433786
461079,15704
461079,938599
461155,276193
461155,858677
461155,1143926
461155,1148482
461155,183601
461185,348738
461185,1005262
461192,437949
461192,63047
461195,808745
461195,1049909
461195,688821
461195,310572
461206,908263
461206,1142678
461206,718455
461206,720742
461206,615410
461244,157504
461262,189729
461262,484276
461303,1103415
461303,112292
461303,457928
461303,142760
461303,282243
461314,183358
461314,646481
461344,827580
461344,71357
461344,479851
461344,386827
461344,531413
461344,559943
461344,848909
461344,433139
461344,290017
461344,1157720
461344,610418
461360,129752
461370,889585
461370,710473
461370,650532
461380,255369
461380,531413
461415,778190
461415,1166930
461427,843335
461427,441951
461427,438946
461427,519406
461427,393134
461427,906007
461427,197447
461427,956188
461428,27781
461428,1089707
461428,528177
461439,708039
461439,369922
461439,276052
461457,327300
461457,860428
461489,490771
461489,108563
461489,68035
461489,932581
461493,59937
461493,1039321
461517,547869
461517,747313
461517,860980
461517,604347
461517,279651
461517,31943
461633,331587
461666,488194
461666,361334
461692,455143
461692,357775
461692,454350
461692,149052
461692,962058
461758,528177
461768,987425
461768,1004481
461768,859297
461768,140930
461768,193419
461769,333921
461785,760377
461797,818368
461797,1064505
461797,1056172
461797,483286
461797,1074104
461973,457880
461973,515024
461995,711092
461995,1061432
46215,68788
46215,136208
462168,852140
462221,1055023
462221,1035142
462221,1117793
462222,365000
462222,642205
462222,859372
462290,1062330
462290,501160
462290,411516
462290,462290
462336,295612
462434,537346
462434,215113
462476,642713
462476,621574
462477,845354
462477,693735
462477,1113599
462477,617851
462477,518429
462477,23188
462487,1034375
462487,559943
462487,703392
462550,1094973
462722,741854
462748,777589
462748,569568
462777,774100
462817,191919
462817,201585
462817,138871
462817,39336
462817,266205
462817,386605
462817,193419
462817,642955
462817,479283
462817,90821
462817,1131461
462878,400979
462878,101711
462878,647703
462878,114044
462939,1033173
462939,120589
463008,1135674
463008,912853
463018,853945
463036,408390
463075,904753
463075,267790
463145,1116789
463177,380005
463177,280685
463177,885417
463177,421951
463181,559943
463181,779220
463242,163533
463242,1164315
463242,297845
463242,26003
463242,410843
463248,206379
463258,239088
463258,938599
463258,953579
463258,816540
463258,890713
463411,819595
463417,328515
463422,27819
463422,598076
463422,393618
463422,424866
463422,73236
463422,552950
463471,1107964
463471,274989
463471,338575
463471,433139
463471,789832
4635,993530
463506,1149283
463506,852485
463506,50637
463547,698836
463547,166647
463569,227210
463569,339892
463628,594545
463628,168402
463630,943564
463670,155440
463670,87676
463670,124721
463670,1092355
463680,1035671
463680,360742
463680,677291
463680,550645
463680,165097
463680,1032729
463864,984429
463864,911214
463864,485612
463864,59467
463868,715976
463896,794877
463896,320822
463945,661652
463947,991105
463966,801013
463966,219599
464028,780467
464028,1023006
464028,198579
464028,430883
464041,1095560
464041,114090
464041,135688
464041,304498
464065,394441
464156,701174
464156,335205
464156,609002
464178,465151
464179,775108
464179,433139
464179,519106
464179,48599
464274,194641
464291,727093
464291,267831
464336,175429
464336,361035
46434,744924
464361,469742
464418,621712
464463,608514
464526,293900
464526,47703
464565,310311
464565,1113736
464565,126266
464565,827580
464565,230347
464565,46545
464565,501005
464565,396988
464566,976522
464566,718947
464566,801134
464566,1052392
464580,1166388
464580,269378
464580,810629
464580,916996
464580,751105
464580,1122475
464580,1095233
464580,1104341
464580,450688
464580,857467
464580,536600
464580,847373
464580,1023127
464580,122123
464580,668821
464580,1122800
464580,862641
464580,62592
464580,843335
464580,215289
464580,1107368
464580,662489
464580,700755
464580,851585
464580,558692
464581,730310
464581,920799
464581,853403
464581,35599
464581,528177
464729,721174
464796,1098904
464796,631962
464923,532260
464923,527814
464992,534224
465035,1100121
465043,306117
465043,430647
465043,499176
465063,1102969
465091,998703
465151,1080041
465160,997331
465160,58241
465176,33131
465176,668368
465262,843335
465262,540956
465262,73155
465262,857499
465262,299393
465262,801429
465262,379668
465262,898313
465262,509793
465262,638924
465262,835084
465262,1116476
465262,25103
465262,992209
465262,94024
465262,384209
465262,907740
465262,448709
465262,678741
465262,708285
465262,420242
465262,979549
465262,777356
465262,241326
465262,300736
465281,252494
465281,1051264
465281,32708
465281,222500
465281,474138
465298,496379
465298,953278
465298,358367
465298,770589
465298,942996
465298,606894
465298,70406
465298,634126
465298,1064798
465316,899828
465316,222620
465316,712711
465316,1125612
465316,304240
465316,877141
465316,879300
465316,848909
465316,553254
465316,960278
465316,705766
465316,108424
465316,554382
465316,122787
465316,771352
465316,15935
465316,531700
465316,1027039
465316,479851
465316,457232
465316,777670
465316,33605
465316,526308
465316,685510
465316,379200
465316,495696
465316,452623
465316,772140
465316,1163786
465316,695091
465316,943564
465316,300694
465316,415120
465316,1124200
465329,558946
465329,207509
465329,857499
465329,1096595
465360,1152164
465360,604828
46545,800619
46545,334255
46545,1113736
46545,647141
46545,1088211
46545,483237
46545,51033
46545,804136
46545,771352
46545,247511
46545,609002
46545,386870
46545,33605
46545,396988
46545,909371
46545,64442
46545,257336
46545,1031935
46545,207572
46545,479851
465466,989178
465466,413397
465466,153026
465493,977606
46560,559943
46560,772139
46560,370006
46560,709501
46560,605588
46560,661656
46560,504185
46560,137666
46560,771352
46560,884483
46560,554382
46560,49645
46560,1062222
465602,127690
465608,870556
465608,465262
465608,640021
465608,959058
465608,626653
465608,776840
465608,906936
465608,1103415
465608,1005895
465608,73155
465608,714638
465608,695105
465608,1144617
465608,69748
465608,718837
465608,984199
465612,614345
465644,920968
465644,652265
465644,1135257
465644,267586
465644,197653
465644,893562
465644,654071
465644,309190
465644,742391
465644,936037
465644,93853
465644,711842
465644,290662
465644,455803
465644,676526
465652,559943
465702,1134713
465702,1013040
46572,675257
46572,43200
46574,300978
46574,747663
46574,400675
46574,1062222
46574,430896
465779,114090
465779,1095560
465779,392405
465779,554382
465809,48044
465809,340803
465810,685980
465940,875843
465953,688578
465953,1113539
465953,130281
465953,653610
465953,732347
465953,465953
465953,976522
465953,239083
465971,847845
465971,428133
465971,390236
465971,726782
465971,100217
465971,626059
465971,785946
465971,81566
466041,566262
466064,765343
466064,445503
466064,856253
46608,433460
46608,656820
46608,616429
46608,688275
466252,144965
466252,1127999
466344,938057
46641,728336
466412,187827
466412,168402
466412,102228
466412,27781
466412,1102276
466422,268800
466422,530107
466422,267204
466752,642205
466752,878788
466782,259075
466790,1105169
466864,468404
466888,497636
466900,943242
46697,371586
46698,1073209
46698,664087
46698,200177
46698,893982
46698,1118839
46698,168402
46704,522474
46704,237540
46704,380956
467041,973080
467053,1159076
467065,374845
467065,866814
467065,309747
467065,945575
467065,154507
467065,667295
467065,503885
467065,585218
467065,1062222
467065,535212
467065,378223
467065,1086501
467128,928817
467128,366257
467128,560794
467140,172365
467140,760309
467157,879246
467157,1076924
467157,203460
467157,34462
467157,867406
467157,350106
467157,652513
467157,448646
467157,870642
467205,737452
467205,386827
467205,228642
467205,554382
467205,652464
467205,800390
467205,843335
467205,859940
467373,203284
467373,87909
467373,1037346
467393,96784
467393,341346
467393,502454
467443,83585
467443,1055785
467443,963944
467450,419671
467496,360229
467496,907751
467526,222783
467539,840037
467539,922182
46754,5490
46754,1094759
46754,517389
46754,1048155
46754,1019048
467577,827580
467650,998221
467650,582203
467650,381985
467650,98733
467663,24459
467663,985659
467686,472226
467686,5896
467686,772795
467748,248017
467756,420933
467762,690330
467864,1086153
467903,355827
46793,527102
46793,58537
46793,29533
46793,128317
46793,301627
46793,305213
46793,661652
46793,493041
46793,549182
46793,685013
46793,614922
46793,602716
46793,1043449
46793,760532
467956,29494
467956,135833
467956,695411
468005,733000
468009,56506
468033,541794
468033,781814
468042,1086501
468048,375863
468064,899374
468064,588176
468064,126854
468064,264023
468064,114090
468064,319043
468064,183327
468080,33728
468109,423868
468109,128317
468118,755801
468118,364813
468121,50637
468121,1097935
468164,674190
468164,609002
468164,864154
468164,830971
468164,257139
468221,280525
468221,834374
468243,1162420
468243,458707
468267,1079660
468331,1166711
468334,599558
468334,402609
468370,256709
468370,943208
468370,363095
468385,661652
468404,701994
468404,97229
468404,733771
468404,180568
468404,578844
468404,277693
468404,203029
468404,241971
468404,786094
468404,960189
468404,234453
468404,777239
468404,346953
468404,370326
468404,75564
468426,1046224
468430,249474
468430,687614
468430,181339
468430,403521
468430,603354
468430,248109
468430,209534
468430,639783
468430,513223
468430,740362
468430,189150
468430,726782
468430,1108792
468498,392921
468498,572479
468550,1072492
468550,802294
468550,608615
468551,479851
468551,984597
468551,797552
468551,801013
468551,1122475
468551,247682
468551,62647
468551,1089176
468551,1136943
468551,1134524
468551,960553
468564,734157
468564,1033173
468564,520171
468564,578459
468564,1013440
468597,853657
468597,334616
468597,570431
468597,468597
468597,730405
468597,361215
468625,702383
468625,478977
468625,1110150
46864,536959
468704,528887
468729,121095
468729,828367
468729,957959
468729,488983
468729,770931
468729,534224
468729,83167
468729,667297
468775,846174
468783,803946
468783,1086395
468783,694570
468783,653332
468795,126907
468795,191817
468795,1105804
468820,906131
468840,658012
468900,94024
468926,207552
468926,690642
468933,90786
468933,129073
468933,993650
468933,103280
468933,723141
468933,769552
468933,1095233
468933,594684
468933,882866
468933,1149506
468933,374739
468933,685545
468933,737669
468933,115892
468960,224973
468960,46545
469017,649184
469017,481708
469017,944033
469017,781778
469017,216407
469040,8850
469071,729601
469071,648981
469071,497976
469120,1071093
469127,1166696
469127,817822
469127,27384
469222,776302
469222,208610
46923,734157
46923,112292
46923,92819
46923,1160671
46923,734673
46923,711046
46923,843335
46923,870765
46923,932581
469239,195253
469239,384144
469239,841847
469239,124016
469272,899374
469275,615491
469365,737560
469393,884911
469480,840476
469483,207430
469515,808124
469515,1159383
469559,989739
469559,576215
469581,600199
469581,613448
469581,46457
469581,779220
469581,8529
469581,319666
469581,1004606
469581,377957
469581,603138
469736,239583
469736,874745
469736,1070336
469736,431888
469736,308026
469742,392588
469742,394441
469742,413798
469742,25278
469742,1114375
469742,709593
469742,661803
469742,133275
469742,914594
469742,933501
469743,1118769
469743,103280
469743,279569
469743,723141
469755,948883
469755,124653
469786,1056529
469786,485040
469794,730405
469794,361215
469794,771352
469819,964277
469819,20260
46982,66324
46982,179622
46982,1145018
46982,952239
46982,1048115
46982,575243
46982,841575
469838,1161559
469838,282286
469848,1022549
469848,1072492
469848,1094217
469848,987768
469848,608615
469848,967479
469848,442567
469848,1121058
469848,1123245
469848,236864
469848,386059
469848,323611
469871,91734
469898,1057929
470035,775108
470035,252855
470144,623539
470160,833782
470226,306253
470226,772795
470226,171661
470269,975238
470269,1065120
470269,631807
470330,554496
470330,76577
470330,784003
470330,903317
470330,494156
470330,247137
470364,1103132
470364,1155750
470364,600199
470364,1147240
470364,843335
470364,779220
470364,559943
470364,554382
470364,1093995
470445,1118769
470445,420647
470455,964343
470455,704970
470463,872985
470463,1138804
470463,1058417
470463,787287
470516,1144886
470516,119726
470516,1074872
47053,16816
470579,256714
470652,281542
470652,27168
470652,22681
470686,874559
470715,424053
470715,1152927
470715,327561
47074,479851
470740,1155240
47076,21372
470769,577561
470769,1069746
470788,168402
470793,99489
470793,207074
470795,616104
47089,60494
47089,271333
47089,64065
470894,831179
470894,525498
470894,989690
470894,1044597
470894,102828
470919,377940
470919,745790
470921,453340
470921,990541
470960,1162850
470960,518429
470960,23188
47098,653610
47098,239083
47098,955467
471044,498258
471080,232345
471099,76700
47116,206379
47116,210330
47116,1117007
47116,520191
47116,127016
47116,145189
4712,577778
4712,274989
47122,375313
471271,226018
471271,135474
471271,830747
471271,691221
471271,728636
471271,787287
471271,528177
471271,129672
471271,931681
471271,1130276
471271,426628
471295,196185
471295,368592
471324,684406
471324,233580
471324,312817
471324,392020
471324,383513
471324,588592
471350,370281
471350,271282
471350,629009
471350,127714
471350,394916
471350,408346
471398,511281
471398,406675
471398,826283
471398,449278
471398,777028
471398,1122524
471398,329509
471398,943815
471398,831837
471398,408346
471398,695524
471398,522474
471398,938487
471407,369406
471407,528177
471407,33605
471407,386827
471407,479851
471407,843335
471407,679966
471407,94816
471407,771352
471407,402834
471407,640099
471407,554382
471407,1062222
471407,4179
471407,1106084
471409,488368
471409,114706
471409,1071629
471409,790939
471452,153829
471452,970206
471469,224476
471524,790113
471575,54972
471575,744097
471575,1151613
471738,883546
471738,24282
471738,945936
471738,837860
471738,837181
47185,280429
47185,554382
47185,701174
47185,472208
47185,843335
47185,657341
47185,135688
47185,983019
47185,315167
47185,88405
47185,175106
47185,643405
47185,114090
47185,606584
47185,1095560
47185,549182
47185,835913
47185,899374
471888,970071
471889,136559
471961,440566
471961,485186
471961,843335
471961,692448
471961,473597
471961,956188
471961,554382
471961,281360
471961,559943
471987,773029
471994,524820
471994,261523
472044,83795
472070,423321
472070,49645
472077,964002
47208,722667
47208,604795
472107,394403
472144,386870
472208,430632
472208,126854
472208,899374
472208,172632
472208,701174
472208,1082778
472208,114090
472208,468064
472208,849382
472208,199341
472211,986975
472211,374476
472218,949215
472226,506462
472226,443301
472252,1063410
472252,66551
472367,645225
472367,107282
472394,355200
472394,705766
472394,719204
472457,178288
472457,853194
472677,396988
472736,558928
472764,463075
472764,282247
472776,487702
472776,879077
47281,459747
47281,897168
472857,1042716
472857,334720
472912,323611
472948,765457
472948,571905
472948,883546
472948,914537
472948,24282
472959,91065
472959,735497
472978,351759
472989,1118769
472989,87379
472989,1082418
472989,309086
473002,604828
473002,152379
473013,674019
473013,500110
473013,1090342
473013,759778
473013,233088
473013,787465
473023,192802
473092,1070698
473117,843335
473133,391943
473186,294531
473186,129192
473249,414419
473249,380040
473257,354988
47327,668368
47327,1162755
47327,877541
47327,33131
47327,297954
473305,369456
473305,454648
473305,122787
473305,142246
473305,531700
473305,549232
473305,381018
473305,149581
473305,735514
473305,137518
473308,1149283
473320,693828
473320,16990
473320,1048435
473320,954460
473355,65
473355,829874
473355,363891
473355,675937
473355,1074563
473355,774218
473355,381052
473355,480356
473355,968437
473355,1130903
473355,846723
473355,933445
473355,700081
473355,388446
473355,786492
473355,581411
473355,1148718
473384,538062
473398,484797
473405,759792
473461,1126894
473520,386870
473520,290017
473520,452623
473520,154452
473520,474702
473520,994962
473520,909959
473520,1005176
473520,19984
473520,137518
473520,599392
473562,505269
473571,651268
473571,781852
473571,905720
473573,340659
473597,471961
473597,333841
473597,843335
473597,171220
473597,22845
473597,616749
473597,593155
473597,681330
473597,1158559
473597,39047
4736,570067
4736,390346
4736,754703
473648,166799
473648,358819
473648,890623
473648,671272
473682,415903
473682,60936
473682,439342
473682,912286
473684,599604
473684,242001
473757,324925
473761,214065
473761,136768
473761,1147311
473761,395343
473761,248017
473811,1091554
473907,81474
473907,62524
473921,578099
473977,655714
473998,837221
474138,252494
474138,334619
474138,1051264
474138,597014
474138,465281
474152,302699
474152,800125
474152,813379
474152,386827
474152,386870
474152,290017
474152,723436
474152,531413
474152,903347
474218,785586
474218,337040
474218,818564
474218,574741
474218,1134524
474218,1005802
474218,1040074
474218,10143
474218,330021
474218,399348
474218,938599
474218,775108
474218,393499
474218,40495
474218,1082418
474218,1089176
474218,559943
474218,998703
47423,530107
47423,801013
47423,1050168
474244,413798
474244,1114375
474244,661803
474244,236424
474244,469742
474332,586641
474384,979071
474384,1679
474384,899698
47441,176466
474477,748210
474494,1045193
474494,1138804
474494,532297
474508,328049
474520,1149283
474520,249634
474556,778190
474556,360932
474556,542305
474556,671272
474556,168402
474556,642205
474556,1039414
474556,762374
474556,964235
474556,577982
474556,772795
474556,731235
474556,649991
474556,386402
474556,499411
474556,366644
474556,526871
474556,350188
474590,867465
474590,988568
474590,458707
47461,47461
474702,750504
474702,222620
474702,109927
474702,73844
474702,386827
47473,520828
47473,166901
474801,699834
474801,1030899
474801,370551
474801,688148
474801,474218
474811,321042
474811,615577
474827,970626
474905,832509
474911,388013
474911,149009
474975,760039
474975,24312
474975,742065
474975,843335
47502,762374
475095,81518
475095,641157
475095,887537
475095,498165
475198,938599
475198,1033230
475198,710473
475198,246458
475205,491823
475205,491040
475205,638846
475205,1166508
475206,804943
475206,703922
475243,368177
475271,436680
475271,679599
475271,896474
475271,1072048
475271,274989
475271,220239
475271,277216
475271,1091651
475271,421148
475271,433139
475271,338575
475271,786094
475271,287953
475271,756148
475271,628654
475271,602571
475271,64531
475271,457662
475271,119252
475271,968227
475271,873427
475271,957056
475271,880185
475271,578841
475271,640765
475271,401819
475271,948898
475332,373685
475332,814668
475332,945260
475339,157349
475339,534891
475339,118864
475339,119002
475339,779477
475393,341040
475437,750681
475468,351297
475468,830433
475469,154284
475483,911215
475497,425441
475497,971785
475497,965003
475503,851597
475503,790869
475569,699528
475569,560794
475569,1060909
475569,740240
475569,928817
475569,206014
475569,32006
475676,83411
475676,614292
475676,43244
475676,269629
475676,699270
475676,269976
47568,667756
47568,364813
475736,80530
475736,488191
47575,130324
47575,916996
47575,215289
47575,1166388
47575,795058
47575,807779
475764,1016476
475799,1021836
475799,212639
475851,49174
475851,430088
475851,667900
475851,220831
475851,901643
475851,597001
475851,251781
475851,299660
475884,1146361
475884,566369
47589,18027
47589,214094
475893,843335
475893,711966
475893,559943
475893,479851
475893,1023648
475893,94583
475893,486578
475893,363039
475893,33605
475893,920082
475904,757243
475904,971108
475904,706435
475904,84759
475904,382432
475904,740301
475904,404351
475904,775527
475904,797925
475904,116404
475904,249724
475904,841523
475904,858994
475904,1080006
475904,1056030
475904,1058287
475904,375313
475904,262179
475930,792227
475930,739398
475930,1021642
475971,386059
475971,718634
475971,172357
475973,1130396
475973,647703
47608,404351
47608,329191
47608,475904
47608,178872
47608,1000371
47608,463242
47608,744822
47608,967013
47608,196254
47608,167847
47608,634064
47608,174924
47608,291232
47608,410843
476136,961173
476136,654105
476144,431820
476152,1002951
476155,977441
476155,288637
476155,633963
476171,282414
476171,186473
476297,191866
476297,396988
476315,302965
476320,929294
476320,1012127
476320,206001
476330,612500
476330,1037616
476330,199781
476330,1125612
476330,429498
476330,920633
476330,300694
476330,989753
476330,784204
476330,672024
476344,380673
476344,899703
476344,1163993
476344,173592
476344,192228
476368,110543
476368,168402
476385,1030822
476494,1073209
476494,311995
47650,361215
47654,377804
476562,877141
476562,386827
476562,94816
476562,479851
476572,61843
476572,929397
476594,20260
476594,574392
476611,896342
476611,1034016
476614,843335
476628,723095
476634,1033813
476634,45466
476634,262640
476634,1130928
476635,384846
476635,319080
476636,853945
476641,668368
47666,1097077
47666,112780
476665,1062222
476685,193641
476685,1056725
476685,76700
476685,1016571
476719,191891
476789,423814
476848,434885
476891,636255
47692,220155
47692,386332
47692,642205
47692,5395
47692,322804
477000,880741
477000,224973
477015,444496
477015,893756
477034,850581
477034,1141266
477037,376737
477064,191726
477104,540690
477104,699982
477104,390244
477104,1115765
477118,832195
47726,619703
477272,339715
477272,204873
477272,988892
477272,179746
477272,460243
477273,551365
477273,582842
477273,80939
477378,826054
477393,329191
477393,362102
477393,196254
477393,74721
477393,937888
477393,249724
477393,1080006
477393,375313
477406,723283
477425,301537
477425,22300
477425,678699
477436,930278
477436,618601
477460,354082
477460,1093995
477460,229567
477483,544170
47749,1102612
477530,626653
477567,846413
477567,458637
477571,1129978
477643,916184
477643,993661
477643,1037054
477716,734157
477753,782073
477767,344723
477777,600199
477777,903347
477777,1093995
477777,972754
477777,290017
477777,790516
477777,771352
477777,319666
477777,1134621
477781,91436
477781,163981
47783,913867
47783,1122475
477830,832724
477901,1031322
477901,224280
477925,419331
477925,1140795
477925,351172
477933,251941
478027,745441
478031,657074
478031,1103745
478031,584553
478031,262277
478031,436197
478031,733607
478031,1118769
478036,747545
478128,1019115
478136,468404
478136,427234
478136,778907
478162,413397
478215,1110247
478215,437949
478215,1050159
478215,673016
478255,868734
478255,414819
478264,494638
478264,1102681
478340,577244
478340,90297
478353,226250
478353,81474
478353,1145476
478353,786492
478353,216407
478359,773668
478359,444
478359,835829
478359,1011282
478359,674086
478359,1087440
478359,186911
478395,338496
478395,858913
478395,413046
478395,371355
478395,96749
478499,491823
478499,402989
478499,837709
478499,443177
478515,119262
478569,758733
478648,996211
478648,106457
478648,497290
4787,777533
4787,953579
4787,199366
478707,168402
478751,82475
478751,370671
478797,672503
478797,1007051
478797,533392
478825,256120
478977,121835
478977,1096278
478977,575097
478977,851782
478977,468625
478977,68985
478977,1729
478977,671272
478977,1027050
478977,676711
478977,702383
478977,1110150
478977,66777
479097,339892
479097,576215
479097,795667
479097,319606
479150,458127
479150,11406
479150,211759
479150,860965
479167,993795
479167,1102276
479167,168402
479167,853945
479167,1055997
479167,456373
479167,885102
479167,187827
479167,980492
479167,729654
479167,466412
479167,997755
479167,779477
479167,786492
479167,1049711
479167,306031
479175,1118769
47920,448867
479218,556920
479218,818365
479283,201585
479283,191919
479283,462817
479283,428196
479369,781852
479369,600839
479457,693072
479457,20358
479457,853945
479492,723391
47952,616104
47952,1002743
47952,626989
47952,923810
47952,716805
479534,824685
479612,651613
479612,695801
479612,679500
479612,604828
479633,1060756
479636,383098
479636,903173
479636,1158903
479636,1060236
479636,104439
479636,606894
479636,70406
479636,490873
479636,595951
479636,887056
479636,87862
479636,496379
479636,802570
479636,1110935
479636,893577
479636,770589
479636,634126
479636,100261
479636,951226
479636,778958
479658,823245
479658,843335
479658,265741
479658,316702
479658,952246
479658,415333
479658,984817
479658,1115281
479697,1106025
479697,981778
479811,63047
47983,375313
47983,349196
479851,1166711
479851,71357
479851,339892
479851,1089176
479851,1096557
479851,370139
479851,94816
479851,549259
479851,386870
479851,398989
479851,610418
479851,870765
479851,1062222
479851,554382
479851,386827
479851,512149
479851,1033388
479851,274989
479851,848909
479851,39047
479851,746984
479851,418885
479851,33605
479851,559943
479851,626469
479851,2755
479851,1136943
479851,903347
479851,249344
479851,630486
479851,531413
479851,1092448
479851,418807
479851,668368
479851,679966
479851,155417
479851,843335
479851,273864
479851,771352
479851,547869
479851,909147
479851,545058
479851,1082884
479885,581601
479885,831837
479885,713607
479885,826283
479885,522474
479885,938487
479885,981849
479885,511281
479971,693828
479988,919851
479996,959092
480020,910913
480020,704549
480034,673222
480034,447410
480034,351759
480034,204814
480034,779477
480034,764458
480034,11406
480034,960436
480034,449173
480111,1082446
480111,534128
480111,843335
480111,487077
480111,526047
480111,1012389
480124,1135182
480188,322139
480220,1043006
480310,386870
480356,473355
480388,842752
480409,546145
480409,1009895
480421,326125
480421,484297
480421,1123835
480426,898717
480426,672074
48044,750636
48044,465809
48044,935538
48044,633963
48044,142823
480442,421871
480442,132544
480445,420903
480445,54972
480445,1068040
480445,143168
480445,193419
480445,399815
480445,870054
480445,763711
480445,372857
480445,843335
480445,336794
480445,262260
480445,527501
480445,32006
480445,426307
480445,435435
480445,234406
480445,726440
480445,198527
480445,517786
480445,10143
480472,722251
480481,107688
480481,509635
480481,1037847
480481,604828
480481,1149283
480481,692130
480481,656684
480518,170749
480518,487251
480518,31826
480611,717569
480611,804954
480611,1032782
480611,28149
48062,940114
48062,233515
48062,942007
48070,63175
48072,287425
480727,727619
480733,784729
480733,493677
480733,330366
480733,265380
48076,494296
48076,877141
48076,1018330
480761,685545
480761,1118769
480761,17664
480761,82740
480761,189272
480818,734461
480818,22548
480841,476171
480841,282414
480841,927710
480845,744929
480845,579118
480845,746614
48085,48085
48085,715186
480860,503787
480860,1146979
480860,738681
480860,795029
480860,904051
48087,302051
48087,933844
48087,356714
48087,371343
48087,1023145
48087,296598
48087,1094415
48087,843335
48087,946425
48087,888756
48087,71357
48087,920082
48087,346342
48087,958806
48087,554382
480903,995045
480903,864068
480903,651613
480903,409941
480903,604828
480937,349984
480937,74790
480937,631906
480940,786492
48099,1130695
48099,633963
48099,1068169
48105,716805
481053,18447
48106,1040078
481152,648064
481302,378851
481302,54278
481314,118733
481316,89540
481316,984853
481316,36337
481327,908696
481327,30132
481327,507917
481375,227521
481375,537409
481416,453810
481416,408618
481419,615150
481419,319226
481419,1134946
481504,830567
481504,1103415
481504,305676
481504,264863
481504,181599
481504,1134018
481538,670107
481543,1024772
481543,1134112
481543,1008853
481543,28608
481568,284045
481568,143841
481568,867850
481579,93379
481579,1145305
481616,421361
481616,1074540
481639,720345
481661,913867
48169,838681
48169,134652
481708,614563
481708,216407
481708,649184
481708,790082
481708,629950
481708,665050
481708,122757
481708,274128
481708,372424
481708,1073209
481708,573683
481712,833463
4818,464580
4818,616130
4818,398376
481810,1078801
481810,131314
481828,678434
481828,762374
481835,811128
481861,792590
481862,374793
481862,1107041
481864,765776
481883,634409
481883,675834
481883,1069483
481883,864406
481914,1017244
481935,158118
481935,50256
481935,879154
481935,231405
481935,785201
481935,422121
481935,517521
481935,924784
481935,622366
481969,187827
481969,759765
481969,621712
481969,374050
481976,2299
481976,905198
481976,265002
481976,1130236
482066,683124
482066,86063
482066,508454
482066,290017
482066,1161613
482066,559943
482066,386870
482066,652464
482066,789688
482066,903347
482094,483304
482094,176725
482094,751996
482094,5327
482094,557184
482114,557331
482114,19294
482119,748097
482119,828980
482146,483398
482146,111014
482146,211705
482168,179248
482168,893675
482193,142760
482193,1103415
482193,105720
482203,189789
482203,770791
482203,925588
482203,342127
482203,161609
482203,240350
482203,334720
482203,841724
482203,905564
482265,1109905
482265,357153
482333,408977
482333,356784
482333,292824
482333,420415
482333,152533
482333,18027
482374,962058
482386,850200
482420,689047
482420,145189
482420,547653
482420,1117007
482420,885102
482420,168402
482420,206379
482420,443622
482420,943699
482420,282410
482420,512568
482420,520191
482420,419878
482420,944019
482420,938599
482420,47116
482420,210330
482486,483174
482510,568171
482530,513090
482530,4306
482530,534170
482530,1105396
482530,683124
482530,394969
482530,1151548
482570,479851
482570,94765
482612,1096557
482612,345508
482612,669450
482612,531413
482612,717212
482612,479851
482613,577420
482613,33932
482665,274166
482668,357376
482680,76700
48278,469742
48278,1114375
482815,193317
482853,785257
482861,920633
482894,653641
482894,207552
482897,803861
482897,596763
482897,910984
482912,433485
482912,792188
482912,797888
482912,599307
482912,87831
482912,775554
482987,563388
482987,122338
482987,444413
482987,1064616
482987,621910
482987,804262
482987,690627
482987,846723
482995,1056172
482995,274989
482995,49174
482995,151444
482995,228676
482995,733399
482995,430088
482995,148947
482995,577778
482995,506603
482995,433139
482995,1086357
482995,672006
482995,267748
482995,456436
482995,299660
482995,214042
482995,600919
482995,370671
482995,700540
482995,1093167
482995,401819
482995,597001
482995,210330
483,604679
483,776529
483048,773031
483048,372227
483048,875887
483048,395613
483048,807443
483048,828029
483048,988899
483048,675513
483076,569894
483076,1151613
483076,54972
483076,61427
483076,870054
483076,744097
483076,435435
483076,726440
483076,480445
483076,853742
48308,210473
483081,24895
483081,84407
483081,842752
483081,376783
483106,365842
483174,1103415
483174,23622
483174,482486
483174,971815
483205,56973
483205,772795
483237,257336
483237,46545
483237,396988
483237,151897
483237,494825
483237,804136
483237,647141
483237,746984
483237,334255
483237,269175
483237,501005
483237,952809
483286,1097377
483286,1056172
483286,504700
483286,901643
483299,819459
483304,176725
483304,751996
483307,637337
483309,182793
483309,520317
483361,386827
483361,966386
483361,719358
483361,849987
483361,764153
483361,633963
483398,821236
483398,242648
483398,934535
483398,674944
483398,691305
483398,1075593
483398,1167160
483419,573558
483419,244492
483419,729287
483419,83973
483419,402623
483432,76718
483432,777670
483432,682253
483432,722651
483432,485702
483509,326943
483509,240806
483509,716226
483509,775012
483539,299924
483571,799875
483571,950429
483571,681254
483571,83795
483620,486093
483620,33728
483620,175405
483620,1153875
483620,648159
483630,276770
483635,309335
483635,370139
483635,1087305
483659,779220
48368,544170
48368,36953
483843,585248
483843,186277
483843,857956
483843,232685
483843,254048
483843,288553
483843,1135613
483843,1130903
483843,992323
483843,577710
483843,803233
483843,1026121
483843,684398
483843,748696
483843,1011676
483843,1046977
483843,1112044
483843,511457
483843,725277
483843,573683
483843,800585
483843,145568
483843,45058
483914,22845
483914,959108
483914,94816
483914,380973
483914,795974
483914,479851
483914,33605
483914,531413
483914,1062222
483914,1146349
483931,899374
483944,570911
483958,1073209
483958,1046224
483958,840148
483977,577982
483989,290017
483989,683124
483989,843269
483989,424865
484004,641900
484035,1018367
484040,832524
484060,180609
484076,398525
484076,1020680
484076,646481
484076,652464
484076,559943
48415,894010
48415,549376
484151,6893
484151,828829
484245,559943
484245,771352
484270,601648
484270,322804
484270,296866
484276,461262
484278,689285
484278,183893
484278,105004
484278,871176
484278,169407
484278,1073209
484297,871552
484297,1123835
484297,326125
484397,232345
484397,936806
484442,604828
484442,1037847
484442,693828
484470,1151548
484470,4306
484476,1131189
484476,534469
484476,185683
48448,976522
48448,936806
484502,168402
484502,493257
484502,690627
484535,669827
484538,168402
484538,68223
48459,735013
48459,255005
484660,831326
484660,200368
484662,386059
484662,333297
484662,1066350
484695,14654
484695,94024
484713,190389
484722,271544
484722,679966
484726,875040
484751,33528
484751,945107
484751,357288
484791,317061
484797,976788
484797,194449
484797,248061
484797,538891
484797,61103
484797,37216
484797,570508
484797,758353
484797,933501
484797,666443
484797,907233
484797,473398
484839,1118769
484839,255065
484842,1037224
484845,484845
484845,778370
484916,127339
484916,796432
484916,386827
484916,22845
484941,82497
484941,1092957
484941,339892
484941,647703
484946,905646
484946,168402
484964,792590
484974,1056164
485040,169761
485059,876021
485059,554382
485070,752902
485070,655532
485070,1007572
485105,89540
485108,609002
485111,858352
485114,603937
485114,699921
485155,336622
485155,168402
485161,352600
485161,610418
485161,249344
485186,856776
485186,361604
485186,471961
485186,296840
485186,843335
485209,565159
48522,600955
48522,51351
48522,634355
485220,1057145
485220,923365
485220,105000
485290,889127
485294,452632
485385,451484
485387,1060236
485387,606894
485387,452110
485387,70375
485448,986148
485448,204645
485448,992202
485488,858978
485488,269845
485491,350188
485491,1003859
485491,705953
485528,260279
485528,261987
485528,973893
485598,903012
485598,711046
485598,1118327
485598,1083950
485598,857068
485598,77920
485598,547706
485598,558946
485598,506361
485598,1007999
485598,684362
485612,973478
485612,463864
485690,165675
485690,715109
485692,364805
485692,399854
485692,1047719
485692,41191
485702,483432
485702,739562
485702,1128400
485702,671468
485702,454648
485702,244873
485702,1125612
485702,457232
485702,127057
485702,514530
485702,989753
485702,981093
485702,709734
485702,598168
485702,960278
485702,554382
485702,60242
485702,750472
485717,276212
485812,762783
485812,736011
485824,962058
485878,777356
485878,25103
485878,70248
485887,303705
485887,480034
485887,204814
485887,11406
485887,801108
485940,976337
485940,168402
485940,953579
485940,900428
48598,111879
48599,587687
48599,433139
48599,1040078
48599,312937
48599,548748
48599,787032
48599,916979
48599,968227
48599,338575
48599,206937
48599,374611
48599,272330
48599,1056172
48599,961604
48599,211931
48599,896314
48599,77059
48599,464179
48599,760867
48599,917855
48599,457757
48599,1148571
48599,677142
48599,187298
48599,640765
48599,475271
48599,789832
48599,60154
48599,578841
48599,679599
48599,577175
48599,378339
48599,519106
486019,889021
486019,459017
486082,504309
486082,214783
486093,725897
486093,175405
486093,1048648
486093,43636
486093,204645
486093,483620
486093,310392
486093,136208
486093,208610
486093,648159
486093,663027
486093,528270
486093,693106
486093,843335
486093,33728
486093,1082418
486093,22947
486093,624837
486093,639555
486093,855798
486093,262906
486093,99485
486093,142613
486156,318145
486156,100146
486169,627406
486169,1047719
486230,1040065
486230,771545
486230,407642
48625,158693
486275,754355
486275,877276
486340,175629
486351,739194
486351,776096
486351,297564
486354,149052
486354,863
486354,357775
486354,989767
486354,1153703
486354,503338
486382,873983
486382,815802
486382,605782
486382,1141526
486382,768368
486382,394823
486382,1052450
486470,979001
486470,1108358
486470,394000
486470,352600
486578,49645
486578,943793
486578,174153
48659,150815
48659,942180
48659,176873
48659,168402
48659,1087424
48659,944185
48659,705246
48659,713428
48659,671272
48659,566452
48659,782337
48659,165675
48659,987862
48659,610856
48659,960436
48659,292879
48659,695139
486602,1064004
486628,29460
486632,176725
486632,72431
486632,47666
486632,669176
486632,604615
486723,249665
486723,761176
486735,254569
486735,905564
486735,78408
486735,318145
486735,880963
486735,670867
486763,132544
486763,446512
486763,234411
486763,592674
486766,1031322
486860,155058
486860,33131
486860,675899
486860,683473
486860,668368
486860,310827
486880,1089900
486880,656343
486880,405407
486880,610408
486880,390052
486880,137237
486907,1110304
486931,1022024
486931,772795
486931,528401
486960,88713
487035,664680
487042,315667
487042,700262
487042,901385
487042,302051
487042,601578
487042,559943
487042,442217
487077,809897
487077,970739
487120,1081338
487120,257890
48722,656776
48722,501706
487270,775471
487270,1028015
487270,189789
487270,685743
487270,905564
487327,572010
487327,853883
487338,677808
487338,243054
487338,184504
487338,688275
487338,204814
487341,135499
487341,1019680
487341,1116258
487381,59157
487381,747522
487381,741195
487381,972176
487381,1079637
487416,760039
487423,186911
487423,424515
487457,94583
487457,975890
487482,992474
487482,484009
487623,1166396
487623,483620
487623,262906
487625,1120065
487702,424459
487702,884911
487702,683661
487702,472776
487702,276805
487710,1053061
487801,968684
48782,734157
48782,847881
48782,28817
487992,364813
487992,279525
4880,503774
4880,848418
4880,547208
4880,404228
488045,280959
488045,432170
488045,834278
488045,613994
488099,158803
488099,920633
488099,600199
488099,1128904
488099,639215
488099,290892
488106,372424
488106,216407
488106,481708
488124,777670
488124,654177
488124,878829
488124,989753
488124,635071
488124,1125612
488124,801871
488124,943564
488124,736415
488191,72442
488191,475736
488191,593155
488191,856776
488194,465262
488194,398186
488194,1103415
488194,843335
488194,361334
488194,170091
488194,747881
488194,892565
488194,561582
488194,1047719
488194,35828
488194,504774
488194,167847
488194,639555
488194,1100979
488194,322284
488206,4818
488206,554159
488206,123817
488234,1085509
488234,889860
488234,345476
488234,52754
488234,840148
488234,386402
488275,762374
488314,1003859
488336,498051
488336,605516
488336,736011
488336,357059
488336,761787
488336,492448
488340,9092
488346,363039
488351,289713
488368,1071629
488368,403063
488368,326473
488368,638924
488368,790939
488368,809139
488368,859651
488368,67758
488368,471409
488368,723183
488368,880963
488368,689099
488368,39328
488368,750072
488368,67970
488368,240350
488385,252855
488393,1000588
488393,495215
488393,1064820
488393,607364
488395,757831
488395,268914
488415,118156
488415,210866
488415,321824
488415,519349
488415,774970
488415,497866
48843,736714
48843,938599
488448,1071636
488448,870131
488448,693828
488448,1147686
488502,151444
488592,593104
488592,417393
488592,297845
488592,582055
488605,955404
488605,784824
488605,222814
488605,682365
488605,852140
488618,508794
488618,1103415
488618,791552
488618,170104
488642,1160544
488642,641382
488642,963539
488642,537135
488642,400255
488642,310912
488642,821356
488680,296472
488720,890927
488720,869999
488720,453340
488777,802570
488777,629116
488777,697507
488777,70406
488777,606894
488777,383098
488777,735771
488798,905620
488805,725340
488828,507033
488828,413713
488828,781219
488926,377817
488926,273067
488926,238460
488926,499457
488926,1162434
488926,527166
488926,27781
488926,12418
488926,501407
488926,361195
488966,1065193
488983,882984
488983,468729
488983,534224
488983,516789
488983,224225
488983,667297
488983,957959
488983,427999
489009,994717
489009,406447
489009,185683
489021,526871
489021,1079689
489021,710482
489021,22043
489021,56642
48909,131672
489129,147679
489129,306931
489129,633626
489129,635552
489162,890623
489162,425330
489195,81566
489195,254245
489195,304989
489201,1062553
489219,699706
48926,853432
48926,1008639
48926,903433
48926,642205
48926,375312
48926,699706
48926,878788
48926,94698
48926,211420
48926,376972
48926,94026
48926,448852
48926,988002
48926,42645
489285,1166930
489285,781358
489285,163211
489285,176466
489285,690627
489316,89297
489316,661803
489316,1114375
489316,409143
489316,224765
489316,1053104
489331,584621
489337,1002358
489337,858714
489337,1004454
489337,325677
489337,1075168
489337,808467
489384,1073209
489384,168402
489384,885102
489392,210195
489392,538891
489392,473398
48944,913408
48944,448896
48944,128703
48944,66917
48944,906050
48944,323920
48944,1050201
489440,846266
489531,33528
489531,992826
489531,610418
489531,956188
489531,1033388
489531,71357
489536,352711
489573,239390
489573,211965
489573,495055
489573,957351
489573,722963
489593,1115765
489620,1095233
489637,454350
489637,835306
489637,776732
489637,97768
489637,76793
489637,189872
489637,559943
48964,812341
489666,651268
489666,988899
489681,1044498
489681,817487
489681,766948
489681,211965
489681,479851
489681,999840
489681,867576
489681,753173
489681,174567
489681,975890
489681,658012
489681,453075
489681,175501
489689,1105583
489689,157653
489754,104333
489754,911955
489754,821236
489754,111014
489754,739110
489843,927884
489843,908275
489887,377940
48992,22206
489925,150815
489925,843014
489925,782337
489925,566452
489925,847226
489925,860965
489940,997525
489940,413046
489940,490981
489940,761838
489940,49373
489944,300376
489944,916783
490017,574392
490036,746315
490036,479851
490124,706920
490124,942033
490124,854355
490140,204249
490140,386402
490140,885102
490140,582463
490140,953579
490140,712726
490140,168402
490151,148725
490151,1033388
490151,302051
490151,33225
490151,577760
490151,334197
490151,935450
490151,610418
490151,374795
490151,1094415
490151,1017095
490151,453158
490166,133364
490177,386776
490236,546840
490314,484009
490464,1062880
490464,723421
490464,370281
490464,981849
490464,942802
490464,408346
490504,599642
49053,547869
490553,700269
490553,661652
490553,408339
490608,876460
490608,792590
490608,683124
490608,856776
490608,630825
490608,559943
490608,856897
490608,430633
490608,479851
490608,672378
490608,1103890
490610,51468
490610,321824
490610,801013
490610,243054
490610,927808
490610,219599
490676,918154
490676,1118769
4907,522354
490720,920882
490734,979491
490771,734157
490771,266534
490771,647233
490798,650942
490847,658012
490855,105720
490855,497290
490855,963110
490864,1062590
490873,770589
490873,536096
490873,70406
490873,274374
490873,408346
490873,606894
490873,995042
490873,646888
490962,585694
490962,1053400
490962,1116789
490962,103032
490965,955467
490965,239083
490965,541700
490965,81405
490965,883351
490965,257454
490965,465953
490973,774100
490973,894881
490973,462777
490981,587939
490981,492803
490981,1153934
490981,857791
490981,635511
490981,906819
490981,63696
49101,243124
49101,290017
49101,1062222
491034,775108
491040,491823
491040,184086
491150,244709
491150,691101
491161,1093985
491161,652289
491219,1075168
491219,858714
491219,489337
491220,189789
491221,1065871
491221,361037
491254,355827
491254,56103
491257,265728
49126,386605
49128,433854
49128,284436
49128,1144088
491390,1043013
491391,1001219
491391,668368
491391,764551
491391,1017699
491391,271924
491391,743895
491391,626338
491391,37604
491391,846413
491391,76698
491391,338407
491391,458637
491391,965672
491391,1066674
491391,581794
491391,498228
491391,549728
491391,679955
491391,1091878
491391,1100619
491391,113496
491391,254532
491391,135923
491391,524262
491391,424541
491391,287217
491391,481708
491391,139748
491391,1062053
491551,827580
491570,973619
491570,820169
491605,1110742
491605,1003752
491605,589087
491605,117201
491605,322391
491621,242001
491621,224973
491621,800619
491621,257336
491621,456917
491621,421185
491621,569337
491639,68633
491669,450434
491669,526871
491669,376483
491734,1000519
49174,482995
49174,664355
49174,1083327
49174,758230
49174,597001
49174,282334
49174,798878
49174,131424
49174,274989
49174,741424
49174,653610
49174,1057259
49174,403156
49174,251781
49174,679599
491777,584253
491777,1062222
491823,184086
491823,1166508
491823,475205
491823,402989
491823,638846
491823,734157
491823,837709
491823,478499
491823,408381
491830,1165523
49188,776529
49188,1124424
491907,363795
491907,1053400
491918,820329
491918,128784
491970,1155670
492008,786177
492008,596000
492008,338980
492008,926164
492008,155017
492008,113541
492008,322266
492127,249091
492168,1000371
492233,1048731
492242,425920
492242,369922
492242,99670
492257,525757
492257,1056810
492302,609167
492302,900080
492302,510313
492312,943191
492312,735075
492312,287243
492312,1013579
492312,936022
492312,384560
492312,391575
492352,1005176
492352,528177
492352,701768
492352,27781
492398,76669
492448,1103055
492448,634378
492448,736011
492448,549182
492448,69594
492448,103280
492448,1080006
492448,488336
492448,1126894
492448,721796
492448,97229
492448,1002537
492448,17171
492448,605516
492448,752946
492448,357059
492448,1122475
492448,1078241
492448,114333
492448,1151548
492448,804875
492448,214426
492448,208491
492448,679644
492448,1089176
492448,374066
492448,86306
492448,567317
492448,571931
492448,843335
49252,13751
49252,528177
49252,1062222
49252,432906
49252,476665
49252,482612
49252,307523
49252,55765
492622,711046
492622,112292
492673,1036769
492673,30767
492673,206644
492673,386795
492673,844542
492673,510313
492673,1013020
492673,824373
492673,564605
492673,833302
492715,772587
492715,231746
492716,33605
492716,845869
492716,4179
492716,495341
492716,1005604
492716,28149
492716,290892
492716,943564
492716,222620
492720,512009
492720,34814
492724,394441
492724,642205
492724,386402
492724,1166930
492724,577982
492724,321954
492724,236424
492736,588425
492736,501160
492736,1077960
492736,653602
492766,884902
492779,1051980
492803,1028557
492803,490981
492803,724090
492803,940260
493035,153192
493041,525414
493041,46793
493122,1118769
493122,433139
493122,958349
493122,843335
493122,377442
493122,623920
493122,910984
493122,870264
493122,370139
493247,131760
493255,809897
493255,880347
493257,484502
493257,562933
493257,690627
493257,480445
493257,1166930
49349,130327
493500,1087424
493500,1024625
493500,624595
493506,938057
493535,311096
493608,823692
493608,743650
493609,202585
493630,67393
493630,1032729
493630,565441
493673,433139
493673,896314
493673,587687
493673,338575
493677,441791
493677,654453
493679,663679
493679,585993
493685,377940
493685,422466
49373,489940
49373,63696
49373,1153934
49373,491150
49373,761838
49373,991789
49373,659499
49373,413046
49373,635511
49373,244709
49373,515512
493744,552411
493752,180097
493765,467663
493765,981457
493782,157504
493782,517758
493782,559943
493782,205318
493782,89540
493782,688578
493782,36337
493782,43636
493782,870765
493782,541110
493782,239083
493782,168402
493782,425359
493782,454350
493782,341040
493782,387882
493782,216223
493782,130281
493819,1127431
493819,225791
493819,627866
493819,1109801
493926,129780
493926,827580
494001,853267
494022,517553
494023,575871
494023,225669
494023,830416
494023,457928
494043,284787
494047,1005176
494047,599392
494047,1095075
494047,27781
494047,555253
494047,850393
494047,494047
494047,1062222
494047,1142251
49406,559943
494152,614242
494152,710683
494152,863825
494152,343396
494152,1151093
494156,1147569
494156,667274
494156,434832
494156,339872
494156,247137
494156,470330
494156,784003
494156,903317
494241,1065232
494241,886095
494241,438946
494241,743908
494241,371586
494241,846160
494241,1096257
494241,877141
494241,559943
494241,604959
494241,554382
494241,600955
494241,1005253
494251,538536
494251,992792
494296,778267
494296,316702
494296,93895
494296,500137
494296,877141
494296,48076
494296,531413
494315,127049
494315,253433
494333,887890
494333,1046235
494365,379423
494365,906329
494365,189789
494365,972668
494365,240350
494381,550645
494381,500753
494412,609002
494412,332683
494412,563496
494412,827580
494412,651204
494412,454312
494412,318994
494429,109277
494468,225791
494468,648311
494468,37907
494497,91685
494497,150065
494497,1149219
494537,937438
494548,410325
494548,709983
494548,184955
494548,919848
494638,478264
494659,582417
494729,329548
494729,418870
494729,343181
494729,387163
494729,876514
494729,88538
494735,828798
494811,375447
494811,168402
494811,1161613
494811,51351
494815,411516
494815,547638
494825,501005
494825,257336
494825,833998
494825,46545
494825,521806
494825,758366
49484,459376
49484,424004
49484,716060
49484,669533
49484,367376
49484,809534
494850,898618
494850,707937
494850,577926
494850,626989
494850,983274
494850,360413
494880,169194
494899,375962
494899,615928
494899,494899
495001,212161
495001,1025271
495001,837148
495001,74637
495001,713962
495001,60204
495055,394579
495055,134172
495055,489573
495055,1139837
495055,235397
495055,211965
495062,397918
495103,600934
495155,825253
49516,136208
49516,1079058
49516,561977
495171,755867
495171,676526
495171,720151
495171,1135257
495197,909147
495205,959414
495205,484278
495205,125305
495205,1073209
495215,1000588
495215,864400
495215,1031538
495215,1064820
495215,874390
495215,488393
495215,1118769
495215,968770
495215,940520
495251,757243
495251,675682
495321,724090
495341,474702
495341,222620
495341,1085535
495341,590272
495341,19984
495341,137518
495341,169673
495341,1005604
495341,1005176
495341,259042
495341,750504
495345,604828
495431,645435
495431,1085153
495431,337822
495431,797131
495434,811336
495434,114090
495434,899374
495434,47185
495442,83795
495442,984194
495520,950939
495520,1082884
495520,153474
495520,1118769
495520,386402
495520,113407
495562,526308
495562,899909
495562,1163786
495562,695091
495562,300694
495562,553254
495562,989753
495660,772795
495686,322419
495696,90193
495696,754172
495696,960278
495696,553465
495696,526308
495696,73246
495696,255014
495696,1088099
495696,415120
495696,1125612
495696,637101
495696,93563
495696,843335
49570,472226
495700,105720
495700,541008
495700,114281
495700,497290
495700,465723
495749,16017
495749,754261
495766,820778
49583,133249
495833,1047719
495898,725842
4960,575202
496122,388446
496122,793537
496122,1073209
496122,990349
496122,168402
496122,690627
496122,644233
496122,369938
496122,846723
49618,680249
49628,361119
49645,559943
49645,554382
49645,472070
49645,486578
49645,504185
49645,46560
49658,915306
496693,604828
496728,637337
496728,482680
496744,584426
496744,433139
49678,1112044
49678,842282
496840,902319
496840,832051
496840,642205
496840,615577
496840,14829
496840,291909
496840,792932
496840,343876
496840,988002
496840,122862
496840,371862
496867,894679
496867,386402
496867,746984
496867,420036
496901,1053391
497076,511341
497083,497320
49710,145623
497122,827580
497128,1132821
49728,762374
49728,101831
49728,239507
497290,495700
497290,558946
497290,34367
497290,106457
497290,609193
497290,114281
497290,105720
49732,344007
49732,851833
497320,497083
497320,119665
497360,479851
497360,852485
497371,1163993
497371,4361
497371,220436
497529,201752
497529,437471
497550,41180
497550,696348
497552,1110582
497552,265126
497552,911071
497552,168402
497552,120228
497552,236864
497552,230295
497552,853945
497552,1022896
497552,96375
497599,912442
497599,820810
497599,165985
497599,737445
497599,788410
49762,207509
497636,207745
497636,228665
497636,643351
497636,642205
497636,386827
497636,1166930
497636,988002
497636,658014
497636,577982
497636,438652
497636,386402
497636,622869
497636,194173
497636,671272
497636,1097977
497636,411589
497636,858767
497640,664571
497761,824059
497761,522630
497761,848418
497786,651613
497786,1116352
497825,119081
497825,689012
497825,516223
497825,299660
497825,127016
497825,622974
497825,319726
497825,1035842
497825,411779
497825,168402
497825,14001
497825,955332
497825,520191
497825,210330
497866,386512
497866,362815
497866,906149
497866,321824
497866,257166
497866,801013
497866,916996
497866,665796
497866,243054
497866,28521
497866,210866
497866,812341
497866,944387
497866,240350
497866,189789
497866,534224
497866,179339
497866,488415
497866,677957
497866,355420
497917,394969
497933,917861
497939,2948
497939,512766
497939,550645
497939,1066266
497939,945988
497939,244226
497939,405034
497939,18027
497939,898169
497939,852656
497939,355827
497939,577452
497939,565441
497939,570593
49794,57336
497962,627406
497962,827909
497976,271140
497976,729601
497976,243054
497976,195000
497989,1057929
498051,752946
498051,605516
498051,374066
498051,382468
498051,736011
498051,961149
498051,39047
498051,214426
498051,208491
498051,282339
498051,69594
498051,966474
498069,651613
498069,852717
498069,304843
498070,847352
498070,727841
498126,268099
498126,336637
498126,547221
498126,658012
498126,70827
498126,827580
498212,843335
498212,229567
498212,902450
498212,652386
498212,186911
498212,1152554
498212,778267
498212,779220
498224,932581
498224,611140
498224,307140
498228,1017699
498228,113496
498228,534382
498228,580161
498228,135923
498228,1062053
498228,764551
498228,1066674
498228,965672
498228,679955
498228,743895
498228,1073209
498228,491391
498228,524262
498228,846413
498228,740109
498228,458637
498258,722963
498258,471044
498258,408477
498258,408736
498258,386827
498258,453075
498258,861207
498258,103685
498258,948883
498258,766948
498258,1040609
498258,957571
498258,915076
498258,94584
498258,33102
498258,719758
498258,879416
498258,211965
498258,975890
498258,308737
498258,1076835
498258,1021380
498258,169421
498258,309549
498258,974002
498258,277432
498258,513770
498258,1092448
498258,173424
498258,847352
498258,405279
498258,862107
498258,174567
498258,841361
498258,817487
498258,276770
498258,402684
498258,1009969
498258,437949
498258,758123
498258,225663
498258,1163563
498258,743332
498258,958877
498288,410325
498288,350138
498288,709983
498288,718455
498296,1115765
498296,1097443
498296,662497
498296,350146
498296,416571
498296,326141
498296,523053
498296,640099
498296,230043
498296,160147
498365,737575
498365,168402
498365,885102
498365,1133682
498365,759765
498368,664241
498368,380046
498368,957657
498368,998076
498368,108997
498368,912442
498371,152886
498451,151140
498451,1014364
498451,688275
498451,429995
498451,826550
498451,58241
498451,285185
498639,232132
498639,1016091
498639,598098
498639,1073209
498639,1084752
498639,849023
498639,960803
498653,375313
498653,243054
498653,895028
498653,622360
498718,146501
498746,1097443
498788,724812
498870,620581
498870,1138966
498870,811149
498870,332756
498895,379567
498937,917759
498937,949322
498941,235686
499003,945526
499003,143168
499003,90786
499003,924929
499003,240692
499003,643923
499003,1110150
499003,478977
499003,762908
499003,29948
499015,377153
499015,566262
499015,407737
499015,807395
499026,630726
499052,386605
499052,510042
499146,164980
49917,433139
49917,742461
49917,760867
49917,677142
499176,1118988
499176,830917
499176,140266
499176,666741
499176,465043
499176,306117
499176,430647
499176,121920
499197,981849
499197,408346
499197,942802
499202,507994
499202,677452
499202,15071
499202,681819
499204,273947
49924,592638
49924,59498
49924,949088
499254,43484
499254,908462
499280,102471
499308,500110
499308,265329
49933,773993
499337,655220
499337,764826
499361,245937
499411,20075
499411,691861
499439,448646
499461,899374
499559,766948
499560,308201
49959,996799
49959,1066078
49959,952956
49959,541963
49959,529722
49959,300805
49959,973625
49959,1049865
49960,991052
499644,517553
499833,338575
49993,361965
49993,379893
49993,506626
499942,90786
499942,460667
499967,213794
500037,195858
500050,547869
500050,557331
500050,97391
500050,1156371
500110,473013
500110,609517
500110,302306
500137,300694
500137,461059
500137,152478
500137,386827
500137,494296
500149,576866
500149,1111891
500149,940580
500149,439203
500149,870689
500149,970249
500149,133009
500149,779766
500149,445320
500149,843335
500149,764742
500149,141347
500149,625932
500155,782073
500165,98297
500180,900955
500180,958978
500244,1033121
500248,608865
500248,319345
500248,783828
500248,1021259
500248,615458
500290,936733
500290,500503
500290,1060236
500290,634126
500343,536600
500390,297186
500390,204645
500390,52774
500390,989345
500390,443144
500390,247868
500390,843335
500390,1125612
500390,1136635
50043,1161194
50043,241452
50043,525042
50043,174674
50043,560152
50043,339495
500503,500290
500503,634126
500503,606894
500503,536096
500515,526910
500566,506581
500566,540539
500570,1114153
500570,570508
500570,619665
500570,61103
500588,386776
500588,1021051
500590,489563
500730,712698
500733,1089707
500733,604828
500733,1149283
500733,528177
500733,364999
500733,897324
500733,277211
500733,130966
500733,976112
500733,36089
500733,806960
500753,494381
500797,75314
500809,501398
500809,196474
500817,641981
500817,554538
500817,976522
500817,437358
500817,103317
500953,1034741
500953,355827
500953,950079
500962,724272
500962,195494
500983,1064443
501005,396988
501005,152494
501005,1021468
501005,351297
501005,848547
501005,673289
501005,866698
501005,310311
501005,207572
501005,464565
501005,872139
501005,399292
501005,230347
501095,231895
501149,156808
501160,745739
501160,1077960
501160,897873
501165,777356
501172,984199
501172,465608
501287,488194
501308,1052613
501308,10508
501308,1003377
501339,720183
501339,287262
501339,517260
501398,2486
501398,328463
501398,500809
501398,667756
501407,57526
501407,928639
501430,53829
501434,932581
501488,112292
501560,681361
501560,92953
50161,339379
50161,331040
501678,1062852
501702,424459
501702,683661
501702,298801
501702,337008
501702,567178
501702,88200
501703,427821
501706,556496
501706,48722
501706,354231
501706,1110381
501706,518200
501706,586611
501723,605967
501770,616104
501770,1111509
501792,959058
5018,65095
5018,693735
5018,315634
501813,41191
501813,1047719
501814,253637
501847,1065241
501847,746214
501847,1082418
501847,806515
501847,355420
501847,248481
501847,1118769
501847,685432
501847,827580
501847,219404
502005,29777
502005,1056719
502005,386827
502005,440010
502028,1034562
502048,1031538
502148,66155
502148,772795
502168,33605
502168,352600
502168,71357
502168,283714
502168,610418
502238,282481
502238,1151144
502238,587102
502238,654673
502238,21416
502238,184442
502240,311667
502240,113670
502240,1102706
502339,364936
502393,469742
502393,394441
502431,564851
502454,1104871
502454,467393
502483,779220
502483,1012664
502514,20039
502514,776732
502514,1127520
502514,21685
50252,768247
50252,1103415
50256,622366
50256,950162
50256,517521
50256,481935
50256,788198
50256,924784
50256,158118
50256,422121
50256,271870
502599,1028138
502681,376108
502785,946090
502785,300113
502785,994310
502842,1048496
502867,989178
502867,963395
502867,1126948
502867,942950
50292,658291
50292,559943
50292,1003504
50292,709541
50292,675170
502928,877459
50293,56973
502985,744929
502985,1086357
502985,806568
502985,957056
502996,374664
502996,248481
502996,843335
503030,1091271
503030,494241
503058,242541
503133,638426
503133,353259
503133,244716
503133,1050953
503133,569031
503133,1096091
503211,288237
503290,636255
503290,106566
503290,228757
503290,234399
503290,1068318
503295,732399
503295,850056
503316,707937
503316,648178
503316,1062752
503338,486354
503386,224973
503386,586229
503391,712642
503400,729255
503400,114983
503400,204249
50341,89431
50341,620911
50341,153619
50341,226075
50341,599558
50341,411262
503430,301932
503430,235320
503430,357378
503430,903642
503449,650399
503521,886069
503521,384663
503521,722533
503670,328515
503695,780435
503719,989239
503727,1105105
503727,532025
503774,307135
503774,270202
503774,320351
503774,526184
503774,404228
503774,1105804
503774,547208
503787,795029
503787,738681
503787,904051
503787,1146979
503787,480860
503885,336370
503885,1062222
503885,13751
503930,425955
503930,843335
503930,672378
50397,279349
50397,1079058
50397,108819
50397,732598
50397,136208
50398,677221
50398,575831
50398,996020
50398,57795
503981,619652
503997,1110150
504012,750428
504014,624892
504023,252414
504023,864185
504023,159049
504077,577778
504077,1057806
504123,856897
504123,803946
504126,48782
504126,847881
504126,734157
504134,338645
50414,623481
50414,1013638
50414,1130903
504169,1159383
504185,380040
504233,464729
504233,656904
504233,721174
504247,843335
504247,1163979
504247,479851
504247,559943
504247,776550
504247,848909
504247,626469
504247,22845
504247,443144
504247,681330
504247,1081507
504247,204645
504247,528177
504247,339892
504247,554382
504247,604828
504247,853990
504309,1083017
504309,486082
504309,1082884
504309,441212
504309,401062
504309,479851
504309,224702
504309,146418
504309,309936
504309,457271
504309,945339
504309,214783
504391,1071990
504391,845970
504391,223979
504391,864042
504391,775108
504443,965162
504463,1124931
504478,1103745
504478,642471
504510,691861
504510,543996
504519,945575
504519,302192
504537,415304
504566,167260
504566,84470
504566,778288
504566,581106
504619,363039
504627,141462
504700,483286
504700,280525
504737,295612
504774,556920
504774,488194
504774,361334
504774,1058848
504774,1127447
504774,820662
504774,1100979
504802,75163
504802,90417
504802,1158193
504802,676526
504802,782021
504802,170915
504909,693828
504980,375220
50502,671733
505086,150989
505086,1143359
50509,1052437
50509,792783
50509,586229
50509,379014
50509,224973
505208,25699
505269,706021
505269,473562
505269,892525
505269,1011854
505269,333997
505269,997962
505325,842514
505325,702833
505333,1062222
505333,531413
505333,627838
505333,674768
505342,772795
505342,647671
505342,983019
505342,1083782
505507,220239
505507,775108
505529,456203
505529,250559
505529,627406
505635,823067
505685,473292
505688,980025
505688,193875
505865,307698
505878,428996
506017,1157555
506165,1022569
506165,498258
506165,719758
506165,422537
506165,277432
506165,642587
506189,325312
506189,631962
506273,658012
506327,730405
506327,334616
506332,832524
506332,133249
506332,95099
506338,805442
506338,937884
506338,848587
506338,942722
506338,931226
506347,461206
506347,1040541
506347,908263
506347,66804
506347,410325
506349,440162
506349,411589
506349,113034
506349,802718
506361,801134
506361,611921
506361,976522
506361,247261
506361,558867
50637,201243
50637,982153
50637,1149283
50637,651613
50637,463506
50637,2755
50637,468121
50637,904171
50637,604828
506372,960018
506372,927136
506372,327037
506372,1027803
506372,843335
506439,1095851
506462,1083323
506465,712121
506548,801013
506548,210866
506548,179339
506581,500566
506581,806800
506598,262753
506610,657355
506610,155178
506610,144977
506616,776550
506626,49993
506626,361965
506626,174924
506626,969972
506626,601285
506626,1070515
506634,189789
506634,240350
506634,133003
506634,224719
506661,411516
506688,779477
506688,351759
506688,1158207
506803,1004750
506803,1043013
506839,277512
506839,901758
506839,805092
506839,782337
506839,1166930
506839,33728
506839,121620
506839,1082884
506839,30767
506839,390052
506839,62420
506839,975355
506839,998097
506839,68633
506839,1163139
506839,433139
506839,17224
506839,852742
506839,94816
506839,944751
506839,771352
506839,995215
506839,145908
506839,244203
506839,398965
506839,386827
506839,642205
506839,958697
506839,824351
506859,506361
506874,515993
506874,601309
506940,266383
50697,527889
50697,23877
50697,1138246
50697,873224
50697,421430
507021,438277
507033,719812
507033,22845
507033,583793
507033,605211
507091,649856
507129,100131
507151,598076
507164,343718
507164,1131051
507164,598076
507164,843575
507164,155861
507164,424866
507164,89144
507164,840520
507263,699070
507357,672502
507376,528177
507376,36089
507376,897324
507376,364999
507376,27781
507376,604828
507376,409941
507376,347918
507376,129921
507484,515816
507558,668368
507573,909147
507573,957627
507619,880443
507619,972176
507740,734891
507740,734200
507740,728740
507813,462434
507813,592584
507869,836176
507869,1131051
507869,343718
507869,155861
507893,677142
507893,775108
507932,968437
507932,597617
507932,933445
507942,103317
507942,240350
507942,905564
507942,10304
507942,342127
507942,1098154
507983,962058
507983,688056
507983,486860
507983,668368
507983,117487
507994,499202
507994,1059261
508061,698450
508061,650482
508145,459702
508145,54221
508145,1157185
508197,1149283
508207,679966
508207,731441
508282,399962
508310,478359
508310,719553
508310,145724
508310,661350
508319,168402
508319,466412
508319,102228
508319,976337
508319,322804
508319,953579
508319,114983
508329,520317
508348,497290
5084,162356
5084,174567
5084,489681
508454,1161613
508454,959766
508454,232630
508454,482066
508454,1079759
508454,255014
508454,903347
508454,290017
508454,559943
508493,221759
508526,65025
508526,514085
508526,1130342
508526,626488
508526,98864
508584,858714
508584,1075168
508584,1002358
508584,489337
50862,1013040
50862,877639
508640,248017
508640,1124346
508640,214065
508640,136768
508640,1048496
508733,924726
508733,747405
508733,547706
508794,973522
508794,175861
508794,1103415
508794,457928
508794,674382
508794,737738
508794,791552
508808,62524
50884,566062
50884,436522
508852,646481
508869,26827
508869,1151548
508869,40970
508869,848752
508869,800596
508869,1006804
508871,409941
508871,1048731
508871,131329
508880,146501
508880,396042
508880,685545
508944,204814
508944,168402
508944,11406
508957,746433
508957,25103
508957,396673
508957,501165
509047,1103415
509047,101239
509047,970887
50905,800897
509154,318576
509276,1066078
509339,420223
509418,46572
509418,515816
509434,710200
509434,1097077
509434,13751
509434,161942
509434,515957
509434,51468
509434,176725
509498,787947
50951,550645
50951,455042
50951,705089
50951,241412
50951,622650
50951,526991
50952,441026
50952,91469
50952,598267
50952,677957
509543,858994
509543,943920
509543,546848
509543,404351
509543,253636
509543,174924
509543,163533
509570,497552
509570,968962
509570,677470
509570,551298
509570,767425
509600,123134
509600,199572
509625,425132
509635,257890
509635,852717
509635,651613
509635,647703
509635,604828
509635,65755
509635,1149283
509635,566262
509635,393351
509635,850083
509635,480481
509636,674948
509636,137518
509636,386870
509636,1138617
509636,30065
509636,452623
509738,1111512
509793,843335
509793,718837
509793,1127412
509793,751904
509793,909026
509793,1147617
509793,465262
509793,292815
509793,639555
509793,870556
509793,1088987
509793,657759
509793,598899
509848,72807
509848,654639
509853,480445
509853,933330
509888,1009570
509888,1152886
509892,655132
509892,554382
509892,521935
509892,763367
509892,349989
509892,831042
509892,302051
509892,859498
509892,819555
509968,917683
509968,397312
51003,88861
510047,642587
510047,124590
510110,1056722
510110,29494
510110,64693
510128,1116866
510128,599553
510128,282410
510128,107049
510128,458523
510291,733694
510291,716805
510303,884911
510303,394969
510303,276307
510313,1116795
510313,206644
510313,900080
510313,642205
510313,30767
510313,492302
510313,609167
510313,763932
510313,15691
510313,1163139
510313,746168
510313,537337
510313,178147
510313,792932
510313,1036769
510313,854311
510313,928245
51033,257336
51033,1113736
51033,46545
51033,269175
510339,611921
510339,558867
510339,128578
510344,669685
510409,392739
510409,324874
510409,847881
510409,827580
510435,910984
510435,243781
510448,161402
510448,458641
510495,12275
510495,424644
510495,796714
510495,355827
510495,812288
510518,678821
510559,738334
510559,960189
510559,984764
510559,468404
510559,1124227
510567,1105972
510567,731277
510567,849620
510567,993633
51061,567263
51061,509892
51061,826859
51061,692448
51061,945107
51061,920082
51061,113251
51061,956007
51061,793788
510638,1139344
510638,803668
510646,870765
510646,967739
510646,683124
510646,559943
510646,1034375
510756,731000
510756,914080
510756,819673
510756,950162
510767,15691
510787,442399
510787,1092624
510787,1021543
510801,372200
510801,350542
510801,772795
510801,13751
510801,697584
510801,178163
510801,846944
510801,103032
510801,762374
510801,1053400
510801,29208
510801,1116789
510801,808552
510801,817437
510801,1110582
510803,976788
510803,55997
510803,1066481
510856,933810
510856,852121
510856,313615
510856,1158003
510873,936823
510873,871368
510873,1002482
510882,1135674
510882,985140
510912,510912
510912,331150
510928,29530
510928,90193
510928,465316
510928,1163786
510928,1125612
510928,544421
510928,253414
51096,477261
511013,1082571
511013,927898
511056,877141
511056,517941
511056,612716
511056,502168
511056,715819
511056,249344
511056,979001
511095,1163139
511099,396454
511099,708154
51114,75813
51114,646481
51114,652464
51114,1011282
51127,439127
511270,604828
511270,547616
511281,981849
511281,831837
511281,777028
511281,408346
511281,522474
511281,802319
511281,826283
511281,190665
511281,40402
511329,987862
511329,298659
511335,980747
511335,623920
511341,497076
511384,1126894
511386,641540
511386,912882
511386,987538
511386,743396
51140,932110
51140,852601
51140,1070515
511409,534994
511409,691994
511409,597705
511414,134901
511414,963870
511457,364266
511457,483843
511457,887528
511457,723803
511457,857956
511457,577710
511457,1011676
511457,721455
511457,298100
511457,588390
511457,1161107
511457,186277
511457,796839
511457,232685
511457,309198
511457,800585
511457,1073209
511457,168402
511457,1112044
511457,684398
511457,118048
511459,274374
511459,522474
511538,531413
511566,996008
511627,542305
511745,350617
511745,170139
511745,403698
511745,867300
511826,560060
511833,1053820
511833,446030
511833,916996
511833,1045745
511833,875193
511833,1143316
51189,80530
511899,361773
511899,36901
511899,212671
511899,749687
511899,421171
51194,843335
51194,920885
51194,308544
51194,39047
511985,388692
511985,260534
511985,828143
511985,401062
511985,1032459
511985,579601
512009,492720
512009,174567
512009,34814
512042,386402
512042,889585
51210,1103745
512149,402834
512149,518518
512149,903347
512149,94816
512149,604959
512149,1033388
512149,479851
512149,389395
512149,1042381
512149,386827
512149,554382
512225,768921
512225,89253
512259,95105
512259,420647
512259,1118769
512280,65216
51232,1052725
512339,721174
512339,1062222
512339,253845
51234,219351
51234,116500
512376,386402
512411,280346
512430,70827
512430,292057
512463,291801
512568,1117007
512568,482420
512568,248130
512568,962419
512568,419878
512568,520191
512568,430908
512568,1135613
512568,1026121
512568,206379
512598,932581
512600,33605
512600,94816
512600,28755
512604,931205
512623,781451
512623,685545
512623,737669
512623,362210
512623,403612
512623,397476
512623,1095233
512623,626694
512623,207010
512623,361455
51265,727645
51265,408736
51265,1155549
51265,1156845
512650,315607
512650,246283
512650,173814
512658,717941
512746,801013
512746,479851
512746,322751
512766,836107
512766,577452
512766,497939
512801,774256
512801,1005802
512811,777356
512857,1022549
512861,598691
512920,623826
512920,102879
512920,15234
512920,445221
512920,433100
512920,249196
512920,93853
513025,1059054
513025,664241
513090,394969
513172,1016615
513172,729756
513172,1149283
513172,1165523
513223,687614
513223,468430
513249,517767
513249,1115697
513270,747405
513270,1025545
513270,206310
513278,441637
51334,1162170
513381,869953
51340,71357
51340,730151
51340,1033388
513405,121443
513405,615074
513405,370671
513405,1129128
513405,253433
513405,971242
513405,676077
513405,300982
513405,386776
513405,863235
513405,12743
513405,801013
513405,33605
513405,127049
513405,536600
513405,860965
513405,248912
513405,734829
513405,771352
513435,500588
513435,386776
513456,1040065
51351,772140
51351,204645
51351,333841
51351,297186
51351,207385
51351,494811
51351,559943
51351,93895
513513,46545
513513,257336
513513,1046363
513513,321679
513594,349853
513594,46545
513634,320812
513650,772795
513770,498258
513813,162859
513813,1140768
513813,86903
513818,1151851
513818,679966
513849,923660
51388,61103
513929,550982
513929,1113599
513929,802086
513929,845354
513929,23188
514001,2398
514001,674019
514001,849620
514011,866814
514011,384846
514011,430238
514011,409941
514023,245261
514023,1139962
514023,481708
514023,57526
514023,476494
514023,311995
514023,1073209
514023,449173
514073,602140
514085,508526
514085,67527
514085,98864
514103,906050
514103,1102276
514103,771537
514103,329895
514103,223897
514103,24170
514103,175698
514112,1073209
51414,864268
51414,801013
51414,243054
514225,790516
514230,423610
514230,631339
514230,1075246
514230,876460
514270,520782
514292,428602
514292,840148
514292,80178
514414,722530
51442,1154374
514441,963674
514441,342794
514497,859498
514497,115074
514497,1044597
514497,711387
514497,1137050
514497,799434
514497,430633
514497,108601
514497,1081159
514497,423610
514497,980782
514497,705766
514497,186911
514497,554382
514497,470364
514497,641157
514497,646481
514497,479851
514497,610456
514497,1034375
514497,13751
514497,695365
514497,1027039
514497,1161613
514497,1011282
514497,296840
514497,800390
514497,302051
514497,813379
514497,257986
514497,796159
514497,559943
514497,549182
514497,827580
514497,856776
514497,312408
514497,524374
514497,879690
514497,145724
514497,726268
514497,386827
514497,534264
514497,1058559
514505,410524
514505,290662
514505,429017
514505,750464
514505,942007
514505,874745
514505,940114
514505,198023
514505,591191
514523,692942
514523,249091
514523,859498
514523,1119218
514530,960278
514530,485702
514533,28139
514533,910229
514540,95099
514540,790132
514540,957825
514540,339892
514553,133249
514562,845865
514562,858772
514562,700269
514562,74507
514562,301214
514621,797258
514621,853945
514656,29494
514656,15622
51468,222972
51468,834424
51468,1116845
51468,849541
51468,243054
51468,801013
51468,509434
51468,13751
51468,1129264
51468,710200
51468,490610
51468,515957
51468,59517
514714,992034
514714,827580
514752,322266
514752,665384
514752,338980
514752,965260
514752,925681
514752,1137598
514841,109815
514841,617186
514841,653185
514841,999365
514841,120915
514868,1008314
514900,210330
514900,127016
514900,420178
51491,83795
51491,774218
51491,682485
51491,1131486
515022,932581
515024,825985
515024,461973
515090,675257
515090,115875
515090,727979
515090,43200
515105,739920
515108,879579
515108,949154
515108,178816
515210,847023
515210,746984
515210,775108
515210,219472
515210,858352
515210,154308
515298,399962
515334,17148
515334,430979
515361,920057
515512,90209
515512,244709
515512,63696
515512,635511
515620,1093682
515620,394158
515689,1123425
515689,622258
515699,2063
515699,423868
515699,661652
515733,372223
515806,204907
515816,1126894
515816,216223
515816,386402
515816,33605
515816,478031
515816,805092
515816,33728
515816,1082884
515816,1067225
515816,668503
515816,507484
515832,1094973
515900,103600
515957,710200
515957,509434
515993,601309
515993,438549
516000,289983
516000,880963
516000,808637
516000,32354
516000,334720
516000,151075
516081,242500
516081,934508
516099,1116471
516140,843317
516144,276770
516144,730796
51617,28149
51617,604710
51617,945162
51617,171385
516217,140383
516217,712770
516223,210330
516223,612553
516223,54323
516223,531413
516223,497825
516223,430241
516253,98297
516316,342794
516316,792762
516316,594088
516332,1109175
516332,368177
516370,612500
516370,386870
516370,95099
516370,509892
516370,116744
516370,1050922
516370,977933
516370,819555
516370,94816
516370,960278
516370,137518
516370,590228
516414,288214
516414,33225
516438,612716
516438,859940
516451,737462
516451,1102887
516451,1122795
516451,672502
516506,17271
516617,309335
516767,635173
516767,42645
516767,690480
516767,527889
516767,878788
516767,1137988
516767,207552
516789,882984
516789,957959
516789,488983
516789,534224
516931,204249
516931,178321
516931,168402
516931,139672
516931,567096
516961,796832
516961,385102
516961,106664
517042,453340
517089,70827
517089,223264
51716,721174
51716,27781
51716,1125612
51716,116744
51716,516370
51716,420274
517235,139840
517257,792188
517257,856950
517257,1132616
517257,954043
517260,344511
517260,501339
517260,711407
517296,1166930
517296,62524
517296,482987
517296,376193
517324,875684
517324,796234
517324,888624
517324,82728
517324,672555
517324,774594
517324,562769
517335,891868
517389,911569
517389,1094759
517389,526209
517389,5490
517426,1019590
517426,688068
51743,857321
51743,802104
517451,484916
517451,479851
517451,125161
517477,868666
517477,394399
517477,890259
517491,1156271
517491,1142678
517498,854199
517498,361455
517498,95188
517498,625736
517498,1099128
517498,605778
517498,824351
517498,98349
517498,393769
517498,1103055
517498,313661
517498,91576
51750,114218
517521,158118
517521,422121
517521,481935
517521,50256
517521,622366
517521,896993
517521,1024570
517521,204645
517553,693828
517553,1016615
517553,255908
517553,130966
517553,363513
517553,448646
517553,994185
517553,16990
517553,230202
517553,1089707
517553,1071636
517553,631492
517553,345240
517553,919747
517553,528177
517645,744929
517677,68633
517677,1082884
517758,43636
517758,870765
517758,341040
517758,493782
517758,36337
517758,415390
517758,216223
517758,843335
517758,454350
517758,541110
517758,958906
517758,1078599
517767,513249
517767,1108832
517826,877179
517889,1158846
517889,841426
517889,698710
517889,402559
517889,807708
517889,1124234
517941,662331
517941,562315
517941,945107
517942,803340
517951,398690
517951,776976
517951,547062
517958,428206
517958,114090
517958,47185
517958,1095560
517958,135688
517979,393405
518008,404310
518008,422886
51802,1094217
51802,1072492
51802,1055071
51802,455139
518031,1011328
518090,13724
518090,651454
518164,667756
518174,181964
518200,501706
518214,587659
518218,386776
518218,55735
518218,192145
518218,266194
518218,314834
518218,1093877
518218,1112367
518218,240350
518218,302051
518229,884911
518229,898717
518229,334460
518232,857424
518258,485598
518258,1007999
518297,386402
518361,1145940
518361,950269
518366,578731
518366,158309
518396,843335
518398,232132
518398,524262
518398,1162755
518398,668368
518405,679061
51842,649184
51842,1066674
51842,965672
51842,846413
51842,871176
518429,1162850
518429,845354
518429,1028138
518429,479851
518429,23188
518429,684865
518429,71567
518429,65095
518429,470960
518518,298336
518518,554382
518518,386827
518518,479851
518518,759792
518518,559943
518518,843335
51859,808094
51859,868734
518826,1105396
518826,155017
518826,4306
518864,700952
518864,990333
518864,228416
518864,948883
518885,493782
518885,1000371
518885,36337
518885,843335
518885,656427
518913,215515
518914,670753
518914,693828
518914,866814
518914,290017
519059,892536
519061,680119
519093,105747
519093,250559
519093,1062199
519093,938824
519093,1010858
519093,328230
519093,627406
519106,114700
519106,48599
519106,433139
519106,611252
519106,701740
519106,457662
519106,305498
519106,775108
519106,1056172
519106,896474
519171,1112794
519185,189789
519185,561517
519185,133003
519185,870497
519185,523865
519185,342127
519185,240350
519185,333060
519185,81699
519213,704946
519227,169491
519227,663136
519238,4818
519247,1017710
519247,70253
519247,1108869
519247,300252
519247,42079
519270,220642
519270,69024
519270,877141
519270,204645
519270,559943
519270,363291
519270,843335
519270,719204
519270,665517
519270,184505
519270,494296
519270,870765
519270,920885
519270,346342
519288,797537
519288,382812
519288,577982
519288,368194
519288,1011676
519314,319616
519314,1066481
519349,243054
519349,497866
519349,864268
519349,488415
519349,801013
519369,658511
519369,332140
519369,338496
519369,371355
519369,1049865
519369,116926
519369,441637
519406,903347
519406,250845
519406,93895
519406,284895
519406,1103131
519406,600955
519406,584500
519406,68547
519406,459845
519406,148557
519406,204645
519406,692942
519406,674691
519406,554382
519406,1125612
519406,683124
519409,592674
519409,469742
519409,779436
519409,96691
519409,1062222
519409,596578
519409,933501
519409,959092
519409,671272
519409,41180
519409,965040
51947,1011282
51947,312408
51947,186911
51947,388351
519520,444496
519530,452057
519537,414819
519537,697675
519537,114333
519567,786492
519618,131071
519618,163473
519618,982483
519629,376193
519629,925542
519629,1166930
519629,980854
519629,1064452
519629,782172
519629,435435
519737,313323
519737,21416
519776,604828
519791,544170
519813,308155
519813,389395
519813,1016571
519813,444114
519813,53847
519813,82497
519813,366014
519813,912999
519813,360229
519813,879246
519813,76700
519813,350816
519813,29460
519813,246370
519813,101711
519813,754065
519813,1046437
519813,339892
519813,95099
519822,13555
519849,681185
519849,980854
519849,763711
519849,920706
519849,1151613
519849,435435
51985,696929
519889,319606
519889,795667
519889,244934
519945,675937
519992,856776
52001,868734
52001,808094
520035,765343
520037,690299
520037,786749
520037,1017497
520048,727093
520048,536942
520048,999542
520048,526871
520077,907370
520077,435045
520157,476171
520167,831179
520171,612871
520186,269175
520186,920612
520186,257336
520186,46545
520186,396988
520186,329041
520186,30233
520186,973080
520186,224973
520191,50378
520191,569085
520191,482420
520191,40640
520191,72265
520191,127016
520191,282410
520191,1117007
520191,47116
520191,622974
520191,389809
520191,497825
520191,332387
520191,121331
520191,881529
520191,689012
520191,119081
520191,282334
520191,299660
520191,689047
520191,443622
520191,210330
520191,411779
520191,206379
520191,547653
520191,1035842
520273,458609
520273,703922
520281,94099
520317,390433
520363,117525
520363,249634
520399,653340
520399,350290
520442,1154890
520588,235748
520588,544162
520588,848418
520631,408323
520631,277575
520631,872176
520631,195765
520672,228202
52077,627406
52077,642205
52077,878788
52077,195858
52077,841216
52077,988002
520782,514270
520784,353259
520812,738851
520828,1072492
520828,610800
520828,386827
520828,321377
520828,1077960
520828,501160
520828,1031538
520828,631061
520870,94105
520870,56873
520870,924649
520870,871296
520870,1084569
520870,70253
520870,94459
520914,652281
520914,492352
520929,747327
520971,1104990
520971,63264
520971,852140
520971,2687
521045,207231
521045,1090243
521161,853984
521161,103032
521209,559662
521209,1044597
521209,145724
521245,77920
521245,1083950
521245,300838
521245,711046
521271,79195
521312,903180
521312,950079
521312,212236
521312,17075
521312,401264
521312,896643
521426,517758
521461,553954
521461,526871
521474,328170
521474,399141
521509,1047719
521568,987314
521568,711842
521568,676526
521568,612288
521568,455803
521580,483237
521580,971667
521580,982139
521580,224973
521580,920612
521580,787432
521597,362976
521597,536493
521620,80530
521643,62524
521656,544162
521675,1003859
52171,132044
52171,1029201
521730,604828
521748,139462
521806,1113736
521806,46545
521806,494825
521892,313549
521935,659964
521935,290017
521935,1210
521935,386827
521935,386870
521985,962900
521985,926587
521985,473292
521985,582941
521985,1057614
521985,948636
521985,198260
521989,363039
521989,843335
522001,1034775
522001,216047
522001,1079757
522066,863935
522066,827580
522066,126888
522070,531547
522070,473398
522070,601046
522070,235336
522070,750131
522070,1013277
522112,928639
522117,481316
522144,872932
522144,1099189
522144,918846
522144,848418
52217,1072492
522184,658014
522184,833443
522185,466515
522185,1085949
522185,20697
522185,1048496
522185,561435
522185,115797
522185,59010
522185,1142546
522185,214065
522212,218838
522212,984194
522250,899578
522250,1118549
522250,976522
522354,691221
522354,604115
522354,557646
522354,711417
522354,583480
522354,830747
522354,128937
522354,699706
522354,556029
522354,787287
522354,42645
522354,577982
522354,988002
522354,642205
522450,538321
522450,193292
522474,511281
522474,274374
522474,831837
522474,981849
522474,802319
522474,408346
522474,329509
522474,826283
522474,907480
522474,581601
522474,416989
522474,159672
522474,40402
522474,713607
522474,937184
522474,646635
522474,909773
522474,479885
522474,30983
522474,642205
522508,1003859
522542,973353
522542,393405
522542,706419
522542,704438
52255,930278
52257,797494
522584,573419
522612,1012876
522612,709839
522612,827193
522612,1103415
522612,271268
522630,848418
522630,497761
522630,320351
522731,408460
522731,608311
522731,983558
522731,567753
522731,1062728
522733,595981
522733,640290
522733,553036
522733,10571
522755,666915
522755,56387
522821,1125524
522821,706435
522821,168402
522821,116404
52283,285257
522860,1069746
522869,327526
522869,443367
522869,937438
522869,729488
522889,126418
522889,688068
522889,765464
522889,836458
522912,689525
522912,686875
522912,241965
523047,570064
523047,874745
523047,213546
523047,320571
523047,431888
523047,45939
523047,790957
523053,662497
523053,326141
523053,498296
523072,431885
523072,669176
523112,432510
523130,570464
523130,416375
523142,37907
523142,745790
523149,920612
523149,468960
523149,46545
523152,252299
523152,679966
523152,271544
523152,721174
523152,267790
523152,528177
523152,517553
523222,860965
523222,1002115
523222,247261
523222,129534
523222,506361
523222,611921
523222,955462
523222,1063617
523222,197559
523222,621712
523223,81275
523223,338645
523230,693828
523264,1126640
523264,336468
523264,792590
523264,576822
523264,312142
523325,1104767
523325,981778
523396,700540
523396,558867
523396,883052
523396,817957
523396,282334
52345,357737
52345,750187
523479,1149506
523479,476614
523487,207676
523487,1128431
523487,394620
523487,858913
523487,931189
523487,1139344
523487,415483
523511,540284
523513,44978
523513,757764
523551,1053400
523551,960839
523592,620374
52360,1118769
523655,892839
523655,741407
523834,438946
523834,559943
523834,683124
52385,96152
523865,81699
523865,334720
523865,134503
523865,519185
523865,100146
523890,70969
523915,1113409
523915,282454
523925,522474
523925,274374
523925,237540
523950,670821
523950,377940
524003,498258
524003,1070941
524003,707971
524016,919136
524016,976956
524021,1031988
524021,28019
524021,12713
524021,1072492
524120,343690
524147,792590
524147,330828
524147,1000371
524239,70434
524239,250223
524244,380733
524244,272330
524244,33131
524244,213493
524244,685545
524244,668368
524244,17664
524244,28656
524244,810822
524244,993650
524244,1095233
524244,646842
524244,982020
524262,146501
524262,668368
524262,456289
524262,846413
524262,338407
524262,5245
524262,200273
524262,549728
524262,479851
524262,855798
524262,849023
524262,243054
524262,491391
524262,586008
524295,102795
524306,1057806
524374,641157
524374,605588
524374,831179
524374,683124
524374,989690
524374,1044597
524374,470894
524374,567555
524374,514497
524374,390308
524374,1011282
524434,764084
5245,372680
5245,458637
5245,51842
5245,232132
5245,287217
5245,626338
5245,524262
524544,1128431
524698,711281
524738,678748
524770,597363
524770,449339
524770,253923
524770,349809
524784,610856
524784,583223
524789,1082210
524820,885102
524820,938599
524820,261523
524820,471994
524820,1087424
524858,186667
524866,994176
524866,270749
524866,249096
524866,236504
524904,116926
524904,1080383
524904,338496
524907,533224
524907,426218
524993,271563
525042,111785
525110,488926
525110,1111489
525110,1137367
525110,238460
525110,599057
525110,1105417
525165,591191
525165,940114
525203,113881
525214,913537
525214,207430
525319,368592
525319,355424
525319,597466
525319,116389
525319,822603
525319,1002947
525325,386870
525325,271650
525325,101711
525325,448646
525325,386827
525325,40972
525325,232750
525350,458559
525350,1092242
525350,178480
525350,677396
525350,556507
525350,424005
525350,945575
525393,792932
525393,793940
525393,217363
525393,597284
525393,685013
525393,878788
525393,642205
525393,1025986
525414,493041
525429,1158207
525429,351759
525429,737575
525429,342786
525469,888049
525476,786492
525476,734157
525476,10143
525507,487588
525598,223613
525653,21416
525653,313323
525657,1132821
525672,937246
525672,965613
525672,1038608
525726,1009969
525726,162356
525726,861207
525726,1026330
525726,118657
525726,893060
525726,362563
525726,498258
525726,781271
525726,276770
525757,492257
525757,1056810
525796,187930
525796,155861
525814,136208
525814,1142663
52582,57052
52582,967077
52582,970496
52582,228504
52582,827580
52582,1129978
525822,1074193
525822,227821
525822,767200
52584,488393
525857,1052659
525912,813561
525912,52283
525969,240350
525969,206510
525969,23187
525969,334720
525969,88166
5260,456196
5260,214166
526016,952237
526039,148120
526039,1031099
526039,842314
526039,709700
526039,587066
526039,715447
526047,559943
526047,534128
526047,955652
526047,872017
526067,984853
526067,216223
526067,653610
526149,771352
526154,600824
526154,268693
526154,353517
526184,1105804
526184,503774
526184,547208
526200,27781
526200,238460
526200,777589
526200,223226
526200,1137367
526205,212204
526209,517389
526209,23928
52623,170850
52623,169093
52623,757243
52623,560362
52623,841523
52629,893982
52629,168402
52629,39629
526308,259612
526308,949941
526308,843335
526308,1125612
526308,122787
526308,495696
526316,673357
526318,386117
526318,68093
526318,526696
526318,981849
526318,942802
526318,29433
526318,408346
526318,10608
526318,1024669
526318,676271
526358,775108
526358,457662
526358,338575
526435,915742
526438,361799
526438,220658
526438,16668
526505,693057
526505,859940
526505,1044597
526505,588431
526536,176380
526652,253630
526667,674716
526696,303748
52678,90297
52678,609002
526871,271587
526871,131053
526871,1082418
526871,278465
526871,661652
526871,843335
526871,37216
526871,369192
526871,450290
526871,376483
526871,1103959
526871,56973
526871,776728
526871,627406
526871,559943
526871,983019
526871,878788
526871,723183
526871,1083782
526871,1003859
526878,780408
526910,738670
526910,606255
526910,128895
526910,149877
527038,33442
527102,650599
527102,602716
527102,938824
527102,410365
527102,661961
527102,967976
527102,46793
527102,766940
527102,661652
527102,627406
527102,1159741
527102,920699
527102,63114
527136,989753
527136,691038
527136,341215
527136,676717
527136,619575
527136,960278
527136,836955
527136,1114920
527136,928150
527166,720162
527166,569568
527166,272326
527166,27781
527166,488926
527166,238460
527166,174873
527166,1137367
527166,783528
527166,1162434
527166,599057
527213,906936
527213,626653
527213,465608
527275,657095
527275,510873
52745,339715
527491,832724
527491,159764
527491,73155
527491,655225
527501,884911
527501,940392
527501,980854
527501,592169
527501,54972
527501,480445
527501,920706
527501,435435
527501,148491
52754,488234
52754,1079660
52754,840148
52754,1085509
527576,592674
527576,1072436
527579,843335
527586,386827
527597,539057
527597,458523
527599,843335
527606,287886
527628,1093167
527628,786094
527628,624224
527685,413397
527685,963395
527685,963944
527685,870765
527685,611534
527722,973794
527722,887392
527722,294305
527722,736644
527724,223613
527724,707971
527724,862107
52774,500390
52774,559943
52774,771352
52774,775386
52774,879246
52774,640296
52774,792590
52774,297186
52774,413672
52774,391605
52774,495696
52774,903347
52774,608311
52774,843335
52774,204645
52774,683124
52774,290017
52774,247868
52774,1044597
52774,341556
52774,197447
52774,554382
52774,33605
527747,707994
527747,1139891
527747,362815
527747,858976
527756,799875
527756,436350
527756,506332
527756,133249
527783,1081169
527783,1067619
527783,411550
52779,212110
52779,876886
52779,944437
527804,180088
527804,1119546
527814,310418
527814,464923
527814,903311
527839,679966
527839,774218
527889,853432
527889,914811
527889,771352
527889,699706
527889,207552
527889,635173
527889,642205
527889,26154
527889,42645
527889,1000834
527889,421430
527889,415015
527889,627406
527898,42645
527898,1069386
527905,453340
527942,1113736
527971,747663
527971,745790
527971,700511
527971,646756
527971,37907
527991,1035671
527991,1032729
527991,311260
528006,13751
528028,369826
528028,1033006
528028,124721
528045,1083285
528053,390433
528054,205015
528054,1066350
52809,1149506
52809,812341
528099,157504
528099,88861
528177,130966
528177,54269
528177,501847
528177,870866
528177,1114136
528177,479167
528177,95099
528177,1089707
528177,517553
528177,336542
528177,29460
528177,693828
528177,358819
528177,721174
528177,604828
528177,448646
528177,554382
528177,605954
528177,363513
528177,27781
528177,438076
528177,954460
528177,271544
528177,678609
528177,290017
528241,381052
528241,804262
528241,402954
528241,221786
528241,826143
528241,968437
528241,372802
528241,89944
528241,764898
528241,960642
528241,166451
528241,122338
528241,391070
528270,1153875
528270,262906
528270,648159
528270,486093
528338,1021475
528372,81474
528388,42645
528388,853432
528401,1106490
528401,762374
528420,326481
528461,554104
528461,656343
528461,957084
528508,571968
528508,1097049
528595,24676
528614,763204
528614,65095
528677,750650
528739,813000
528774,42645
528774,1058417
528774,699706
528774,728636
528774,715239
528774,471271
528844,1119796
528844,936119
528913,702985
528913,896381
528960,207880
529048,989739
529048,1003504
529048,302051
529048,559943
529048,554382
529048,307056
529165,578805
529220,725649
529220,661048
529232,1050291
529232,119732
529238,102209
529253,329895
529253,168402
529253,1090020
529253,386402
529253,926934
529253,577982
529253,277693
529253,1103503
529253,1011854
529253,184462
529292,397957
529297,525672
529297,667934
529301,150756
529369,87616
529369,93836
529405,1155373
529405,370139
529405,309335
529405,624476
529405,986836
529405,938090
529405,186393
529543,694606
529543,991789
529543,313249
529543,707937
529543,227315
529543,646059
529543,1062752
529578,429940
529578,371643
529648,772795
529648,98297
529648,94175
529648,1154891
529648,178163
529648,649087
529648,983019
529648,135671
529648,892859
529648,1028762
529648,647671
529648,66155
529648,378946
529670,17434
529670,899056
529672,29777
529693,37427
529722,209972
529722,1133106
529740,95099
529740,81474
529740,1143861
529874,173330
529877,181913
529877,1070167
529877,829822
529877,703689
529877,821356
53001,827580
530092,926651
530107,994364
530107,268800
530107,96152
530107,145908
530120,13394
530168,347688
530187,65316
530230,1082019
530230,81742
530230,66155
530252,375313
530252,847022
530252,349196
530252,1080006
53039,93837
53039,550982
530402,450721
530502,1124374
530502,854212
530502,1042250
530532,427335
530532,117650
53061,495341
530618,22381
530618,731013
530618,1138131
530618,412738
530618,376483
530639,754261
530952,530952
530952,745739
530983,386402
530983,523890
530983,124741
530983,396265
530983,458523
530983,1040038
530983,760364
530983,679644
530983,177565
530983,206155
530983,1166930
531007,85081
531007,731688
531007,386061
531007,729806
531007,1082884
531022,735569
531022,1011349
531022,187036
531022,260239
531022,175429
53108,960278
53108,137518
53108,427598
53108,590272
53108,268691
531157,137265
531209,376483
531209,878788
531209,700358
531209,131053
531209,152068
531209,526871
53123,158026
531262,649258
531333,870054
531333,920706
531333,435435
531344,845354
531367,922981
531367,766435
531367,572545
53138,271991
53138,720947
53138,375933
53138,566262
531413,290017
531413,547291
531413,386870
531413,541648
531413,798796
531413,94816
531413,945575
531413,386827
531413,13751
531413,402834
531413,771352
531413,1149283
531413,1089707
531413,74771
531413,1062222
531413,95099
531413,1115765
531413,679966
531413,943967
531413,386402
531413,1113582
531413,1096557
531413,852717
531443,1118769
531492,1138820
531492,774824
531492,317061
531492,274606
53150,743993
53150,181066
53150,780186
531505,134333
531505,1111835
531537,1005604
531537,612500
531537,290017
531537,679966
531537,386870
531537,169673
531537,19984
531537,550827
531537,137518
531537,222620
531537,405651
531537,819555
531537,452623
531537,1005176
531537,713327
531547,522070
531547,601046
531552,920968
531552,495171
531573,1149875
531602,149294
531602,934142
531602,691221
531602,830747
531626,762374
531626,531413
531626,1062222
531695,717104
53179,723803
53179,778190
53179,1011676
53179,276307
5318,479851
531876,183601
531876,1143926
531904,531904
531904,70827
531904,975890
531904,438162
531904,77069
531909,89431
531909,95099
531909,402609
531912,1040477
531925,166807
531925,559943
531925,714368
531963,983019
531980,577982
532035,1016236
532035,646576
532035,980321
532035,129857
532035,26859
532035,364145
532048,575444
532048,146011
532064,1062880
532064,937184
532064,643105
532064,128807
532064,942802
532064,981849
532064,735075
532064,370281
532064,283826
532064,205490
532064,1106747
532064,723421
532064,384560
532064,408346
532066,807200
532093,842540
532093,386870
532100,795074
532110,675937
532221,394579
532260,423698
532260,386061
532260,138732
532260,463670
532264,776627
532264,699756
532297,1126082
532297,374948
532297,470828
532297,178370
532297,554787
532297,257048
532297,39168
532304,744107
532306,29997
532311,1094587
532373,1141266
532380,19103
532380,676861
532382,123601
532451,625646
532451,734157
532451,1006404
532453,911071
532453,746984
532453,800572
532453,113196
532456,1086032
532456,959030
532456,1007559
532466,1062222
532466,1113582
532466,13751
532515,573479
532515,668368
532516,294226
532516,103380
532516,785939
532578,158242
532578,328082
532578,700163
532578,1133334
532578,1016571
532578,842314
532578,1151726
532578,1081769
532578,500110
532617,68633
532617,938009
532622,460307
532622,231020
532622,1105921
532626,1089583
5327,431885
5327,397172
5327,445547
5327,669176
5327,751996
5327,155178
532762,762920
532762,177488
532767,291516
532842,679966
532842,1062222
532842,271544
532842,438946
532842,13751
532888,853432
532888,967033
532888,699706
532894,1103131
532894,839790
532894,1154719
532894,22845
532900,39207
532900,425359
532900,691498
532900,962968
532900,826095
532900,43636
532900,268829
532997,846413
532997,1062053
532997,458637
532997,122588
532997,897619
532997,335708
533005,718936
533005,907233
533007,702508
533007,922383
533007,997755
533033,679966
533033,1135706
533097,239374
533097,227891
533192,1136718
533192,960388
533192,782073
533217,952382
533224,264320
533224,989767
533224,892396
533224,524907
533224,1149264
533224,357775
533224,461692
533224,149052
533224,847741
533224,454350
533224,559943
533224,751929
533224,84460
533224,1153703
533251,1021051
533261,105666
533261,637341
53329,804585
53329,598076
53329,27819
53329,881439
53329,73236
53329,155861
53329,669533
53329,1131051
533309,397957
533392,478797
533393,1007572
533495,585716
533495,1166930
533594,854205
5336,342823
5336,912174
5336,430164
5336,772371
5336,1158027
5336,1098689
533629,809712
533629,170416
533629,1102943
533629,860965
533629,580400
533629,976522
533629,256876
533644,386870
533644,322751
53368,378727
53368,1147699
533832,1021899
533832,91158
533832,105000
533832,361398
533832,118540
533832,1057145
533832,923365
533848,338645
533848,886799
533848,799875
533848,302306
533848,1025260
533848,248170
533848,1143861
533848,610095
533848,832524
533848,786492
533848,1143387
533848,804774
533848,202498
533848,369826
533860,1075593
533860,192150
533860,237540
533860,522474
533893,416377
533893,1092786
533893,1157882
533893,832724
533893,73155
533901,405323
533933,219507
533947,750636
533947,664413
533947,226742
534037,334620
534037,458598
534047,1001889
534047,155638
534047,368541
534075,67970
534082,168402
534084,803079
534084,231157
534084,1146823
534084,305257
534088,349007
534088,679966
534088,523152
534088,102493
534088,721174
534088,271544
534128,526047
534128,480111
534128,843335
534170,257768
534170,394969
534170,1151548
534170,26827
534170,4306
534224,723183
534224,355420
534224,192145
534224,210866
534224,257166
534224,121095
534224,516789
534224,957959
534224,436158
534224,677957
534224,427999
534224,189789
534224,83167
534224,477064
534224,559943
534224,1042125
534224,1150612
534224,909147
534224,108095
534224,386776
534224,190691
534224,240350
534224,233972
534224,13555
534224,765343
534224,950939
534264,312408
534264,1044597
53434,699706
53434,110301
534345,1067307
534382,481708
534382,649184
534382,1066674
534382,965672
534392,101711
534392,1016571
534392,448646
534414,1061310
534469,1118821
534469,359870
534469,241965
534469,378924
534469,719634
534469,1131189
534469,699264
534469,168402
534469,955647
534469,763389
534469,484476
534497,394620
534497,854092
534505,843335
534505,848909
534505,369922
534505,44484
534505,191891
534505,637101
534505,322788
534573,333589
534573,631327
534574,771909
534746,576327
534746,815697
534746,780408
534746,487724
534746,439556
534746,211660
534746,13378
534746,363698
534746,292954
534746,865938
534875,626653
534875,286678
534875,919966
534891,1112044
534891,842282
534891,204814
534891,938599
534891,40968
534891,577982
534891,673222
534891,386402
534956,1136943
535002,885102
535022,601309
535061,479851
535061,1044597
535093,1108200
535169,871173
535208,681017
535212,389395
535212,1141473
535212,339892
535212,16353
535212,1152898
535212,360229
535212,428996
535217,567692
535217,398626
535217,792590
535217,228661
535218,350370
535218,605514
535227,375218
535227,768018
53526,136163
53526,553794
535284,237540
535326,256690
535326,492448
535326,357059
535326,69594
535326,1030822
535326,1082418
535326,736011
535326,92650
535326,605516
535326,361505
535339,1107554
535339,681298
535339,59543
535367,81468
535432,638924
535432,750072
535482,839369
535484,1165025
535484,626059
535484,760449
535484,747492
535512,975890
535540,852497
535555,41191
535555,1047719
535576,28521
535669,517758
535669,36337
535728,403709
535728,404351
535728,246819
535731,638791
535793,1009969
535793,211965
535793,336637
535793,871370
535793,276770
535855,344723
535855,149620
535857,46545
535857,1082884
53587,782260
53587,159049
535893,746984
53591,402166
535956,268829
535981,46698
536026,679644
536026,333359
536096,219003
536096,1008439
536096,995042
536096,70406
536096,606894
536096,909773
536096,490873
536096,770589
536096,634126
536096,358367
536096,500503
536096,953278
536096,258247
536096,646888
536125,192688
536125,222620
536125,361880
536125,834917
536203,907751
536203,832824
536203,384846
536203,1016463
536203,31520
536203,806960
53623,108563
53623,734157
53623,847881
53623,576091
53623,115323
536263,668368
536263,146501
536263,898603
536263,116877
536263,1028738
536263,189272
5364,513813
536418,377233
536418,386776
536418,1107554
536420,602571
536420,775108
536449,892536
536449,1060562
536449,855633
536449,692362
536449,702432
536493,535605
536493,329407
536493,87447
536493,378968
536534,25632
536600,500343
536600,7963
536600,340307
536600,263190
536600,685545
536600,18815
536600,795058
536600,396488
536600,1063050
536600,1116874
536600,949194
536600,807779
536600,464580
536600,916996
536600,1143302
536600,129073
536600,436643
536600,379811
536600,377442
536600,962747
536600,934581
536600,876510
536600,263761
536600,1095311
536600,882866
536600,910984
536600,549787
536636,519889
536636,1132682
536636,110802
536644,70253
536644,300252
536644,1017710
53671,1092505
53671,165851
536713,82497
536741,730783
536741,547869
536769,751066
536797,662650
536797,912998
53684,1032052
536857,940156
536889,864826
536942,520048
536942,982416
536942,218044
536959,46864
536978,83795
536978,681254
536978,158911
536978,402010
536978,550794
536978,731896
53703,757243
53703,1080657
53703,152715
537113,895603
537113,745790
537113,956045
537135,1064989
537135,488642
537168,916996
537176,878859
537176,676861
537176,393870
537199,982139
537199,84973
537244,1108832
537244,638924
537330,419289
537330,511899
537337,900080
537337,928245
537337,1116795
537337,510313
537341,733476
537341,174200
537343,27781
537343,206726
537346,1018285
537346,462434
537409,227521
537498,703028
537656,143239
537656,466412
537718,1039305
537718,1137130
537718,624327
537718,480445
537779,1130650
537779,729601
537779,948582
537779,436269
537779,346767
53780,368550
53780,873983
537877,835005
537880,368642
537880,933810
538062,473384
538064,563841
538064,151140
538066,677221
538066,408736
538066,437708
538066,50398
538066,349268
538066,165718
538071,743341
538071,312997
538093,1032459
538093,886647
538093,140216
538093,1053802
538133,577982
538276,257890
538276,270749
53829,501430
538321,401830
538321,522450
5384,763367
538489,206644
538508,140741
538508,825870
538508,386402
538508,329895
538508,480034
538508,948284
538508,1112044
538508,204814
538508,168402
538508,40968
538508,11406
538508,184462
538508,224398
538533,878873
538533,477272
538536,1031322
538607,1126364
538607,1126948
538607,942950
538622,957445
538622,49252
538642,1053929
538642,349307
538669,811571
538669,584500
538680,647993
538689,277620
538725,858352
538725,847023
538811,408346
538811,981849
538811,545390
538811,1155077
538811,826283
538811,883762
538834,910984
538834,870264
538837,162346
538860,1151548
538891,759667
538891,210195
538891,275783
538891,762374
538891,1043388
538891,683124
538891,63681
538899,585716
538923,777356
538923,465262
538926,700606
53895,173874
53895,882284
538978,292833
538978,776396
538978,621034
538978,151265
538978,832524
538978,251342
538978,145189
538979,1157376
538979,768474
538979,746614
538997,583480
539041,898903
539041,114090
539041,899374
539041,537780
539041,80058
539041,345371
539041,735586
539057,527597
539057,1116866
539057,458523
539101,75248
539103,643549
539111,457565
539111,1141360
539144,489337
539144,858714
539144,1075168
539161,808696
539161,280429
539161,145108
539161,899374
539161,622611
539379,908071
539379,909650
539406,718393
539406,934782
539406,351406
539406,775108
539406,812341
539407,869516
539440,48368
5395,1057929
5395,1100581
5395,685366
5395,220155
5395,471271
5395,42645
5395,830747
5395,737560
539505,413901
539505,413938
539505,651268
539505,161447
539505,1088876
539505,386605
539505,193419
539505,828029
539505,1004824
539521,905564
539521,231723
539521,334720
539521,81699
539533,275634
539533,304843
539533,914712
539533,372159
539533,76700
539533,204645
539747,501398
539761,408346
539761,237540
539761,237814
539761,826283
539761,588789
539761,831837
539761,831681
539761,195649
539761,853437
539761,64999
539793,529048
539793,576215
539793,536636
539793,608620
539793,559943
539793,675170
539793,989739
539793,764041
539793,1132682
539793,673538
539793,50292
539814,1127243
539814,981022
539847,1132463
539847,628126
539849,491823
539853,116404
539853,615848
539853,706189
539860,290614
539860,639555
539860,756791
539860,292815
53988,786322
53988,140741
53988,184462
539887,735514
539887,122787
5399,907233
5399,596758
5399,813389
5399,564710
5399,1018286
5399,701174
539946,193956
539967,454350
540024,731896
540024,187181
540024,504940
540029,364936
540055,1005176
540055,391189
540055,597848
540055,590272
540122,592720
540127,435435
540127,980854
540127,483076
540127,289708
540127,884911
54024,441214
54024,1115453
54024,171218
540284,679616
540284,565348
540284,964633
540284,523511
540284,791896
540305,70189
540343,843335
540343,870765
540343,479851
540349,207165
540430,406128
540434,781852
540446,58363
540492,627406
540492,1148226
540539,500566
540539,302965
540568,377360
540568,862298
540594,781873
540594,855488
540594,479851
540594,1039218
540594,181326
540624,275818
540672,843335
540672,736894
540672,803946
540672,113251
540672,93895
540672,684535
540672,47185
540672,204645
540672,554382
540690,648311
540690,699982
540690,1115765
540690,904587
540690,867592
540690,390244
540690,477104
540690,727422
540690,1079776
540690,1031071
540690,852935
540690,420851
540690,326141
540690,362203
540729,757522
540729,507893
540822,265002
540822,481976
540862,82497
540864,1018871
540892,62310
540893,451321
540893,208661
540893,1115853
540914,916996
540950,954318
540950,780901
540956,646087
540956,678741
541008,497290
541008,465723
541008,495700
541098,459801
541110,341040
541110,493782
541110,157504
541110,517758
541110,549182
541110,216223
541110,43636
541110,149052
541110,387882
541110,36337
541185,1018260
541195,404889
541197,792590
541197,700511
541197,330828
541265,213501
541265,781852
541326,667756
541326,760377
541326,665350
541326,930278
541436,168402
541436,679966
541465,469971
541465,1139278
54147,849639
541531,13639
541536,925246
541549,456467
54158,667355
54158,258094
541636,31657
541636,401374
541636,435394
541636,218619
541645,586830
541648,989687
541648,891667
541648,597704
541648,558140
541648,313384
541648,72004
541648,840932
541648,531413
541648,528177
541648,486123
541648,171218
541700,955467
541700,490965
541700,81405
541700,883351
541743,831124
541743,592845
541743,981109
541794,468033
541794,360106
541794,1002135
541794,781814
541862,16668
541862,1006056
541955,1050094
541955,1089707
541963,1066078
541963,1133106
541963,1139344
542023,798768
542023,29060
542023,640000
542023,1064182
542023,1161966
542023,985854
54204,846554
542056,653987
542148,847352
542148,307035
542148,105411
542175,29223
542175,1042978
542191,1157369
54221,508145
54221,459702
54221,1157185
54221,150574
542214,818936
542214,1159079
542239,415333
542239,111391
542239,406001
542239,843335
542239,164636
542239,854309
542248,337794
542252,33605
542252,396869
542263,199001
542288,94816
542288,178898
5423,1086501
542305,117201
542305,772795
542305,1083323
542305,1163980
542305,647671
542305,821854
542326,1143526
542464,71357
542464,373722
542534,6893
542534,846932
542590,237540
542590,128807
542590,522474
542590,937184
542609,1090708
542609,235311
54269,528177
542702,1027569
542702,968336
542702,1059669
542702,1052169
542702,834748
542735,934827
542749,303597
54277,263908
54278,938824
54278,159229
54278,627406
542851,596758
54288,191374
542947,34989
542947,977937
542947,890974
542947,902464
542947,554382
542997,226702
543009,385194
543009,258665
543061,168402
543061,1090020
543061,510339
543061,754040
543088,168402
543098,567178
543098,856739
543147,853945
543151,905646
543151,466412
543151,168402
54323,210330
54323,746630
54323,516223
54323,420178
543319,196474
543319,631541
543319,86045
543319,580246
543319,762374
543319,106823
543319,830433
54341,194793
543412,1011676
543412,459320
543412,382812
543412,386402
543412,416364
543412,949148
543412,577982
543412,405734
543412,163336
543425,33605
543524,674098
543524,272421
543524,363688
543524,457928
543563,277216
543563,433139
543563,677142
54360,709694
54360,41191
543655,693296
543655,153916
543655,925246
543680,655220
543680,980516
543682,913717
543682,171676
543682,699241
543682,921993
543682,724768
543701,956188
543701,1094415
543701,626001
543701,610418
543701,1033388
543701,803946
543707,526871
543848,994765
543848,803887
543848,864826
543848,955348
543901,998435
543901,453075
543901,344323
543986,435435
543996,265121
543996,691861
543996,20075
544162,279193
544162,235748
544162,16668
544162,269661
544170,36953
544170,48368
544170,39168
544170,477483
544207,329191
544207,262179
544207,1056030
544222,89540
544222,1035031
544245,586229
544245,1046363
544275,233543
544321,129815
544362,403698
544362,1019393
544362,131314
544362,1130903
544362,1078801
544378,932110
544405,1121594
544405,627838
544405,1143912
544405,1102969
544405,867720
544405,843335
544405,1056717
544405,534224
544405,937884
544405,559943
544405,386776
544421,695091
544421,465316
544421,871533
544421,510928
544435,127049
544435,734829
544435,386776
544435,764832
544435,121443
5445,469743
5445,375335
5445,766739
544576,1079509
544592,34597
544596,550694
544596,950557
544596,938090
544596,1068040
544596,781153
544658,795667
544658,13751
544683,858714
544683,107987
544683,1075168
544683,1002358
544683,1004454
544714,1013688
544734,232132
544746,994499
544752,448646
544752,1037185
544760,1138445
544760,268237
544760,1153469
544760,687813
544760,206316
544760,952382
544760,1123095
544806,916077
544806,884911
544806,1073328
544806,633098
544806,619426
544806,604915
544825,897701
544828,701174
544868,389345
544868,948433
544888,746984
544898,553196
544912,402010
544921,774218
545012,1137443
545024,379893
545058,479851
545058,527586
545058,386870
545142,231641
545200,905564
545200,830592
545200,1122900
545200,734142
545200,240350
545200,189789
545200,1162731
545200,497866
54522,35149
54522,815900
54522,87598
54522,313231
54522,183509
54522,780037
54522,610095
54522,155440
545270,4388
545277,192150
545277,412540
545277,408346
545277,811737
545277,533860
545277,821236
545277,461077
545335,113841
545335,1156731
545335,664426
545335,93563
545341,248896
545341,889860
545341,449173
545341,480034
545363,655672
545363,477272
545363,324367
54537,124927
54537,819422
54538,393383
54538,818696
54538,772795
545390,883762
545390,538811
545390,1155077
545390,919267
545390,408346
545390,826283
545390,777028
545540,398838
545541,345805
545541,6893
545541,846932
545573,39168
545573,449570
545575,901756
545575,309971
545575,792590
545596,585515
545596,568267
545606,1082884
545606,878788
545606,806867
545650,953579
545746,702281
545746,981927
545746,418140
545746,297526
545746,644109
545750,956286
545750,1013040
545750,715046
545752,13731
545752,174567
545770,473036
545823,257166
545840,247511
545843,615577
545843,685013
545843,730928
545843,642205
545843,973615
545843,597284
545843,763932
545843,859372
545843,793940
545843,878788
545843,611813
545843,792597
545843,858767
545843,988002
545843,903433
545843,699706
545843,811812
54590,1087239
546022,1048465
546076,866718
546098,1112522
546098,1120164
546145,567178
546145,468404
546145,560794
546145,364036
546145,1151548
546145,430646
546145,843335
546145,775108
546145,289423
546145,1165542
546145,617186
546145,424459
546145,377442
546145,141044
546145,547869
546145,300353
546145,1082418
546145,661652
546145,1043280
546145,493122
546145,361455
546145,1691
546145,985141
546145,1089176
546145,449042
546145,879077
546145,1126894
546145,627406
546145,120915
546145,394483
546145,1118769
546145,656343
546145,600824
546145,262042
546145,559943
546145,961059
546145,1043449
546145,316954
546145,196072
546151,1012016
546151,1008440
546151,1005262
546151,213663
546151,875887
546188,828130
546188,415256
54622,72221
546224,700361
546224,559943
546224,999980
546224,683124
546228,189789
546228,334720
546228,615233
546242,61852
546242,1017818
546242,674840
546286,797800
546321,611044
546321,344723
546411,1112044
546411,1073209
546411,311995
546411,813080
546411,577982
546411,1034896
546429,345022
546429,10841
546429,560803
546429,774824
546429,1145450
546484,668368
546484,338407
546484,846413
546484,76698
546484,1069884
546511,811456
546511,781814
546526,772795
546530,786639
546530,955348
546534,29460
546534,945575
546534,604828
546534,168402
546534,777670
546534,531413
546534,528780
546539,878788
546611,776840
546646,340803
546646,594027
546646,99176
546646,935538
546646,48044
546646,918754
546646,420529
546646,465809
546672,605211
546770,876472
546840,490236
546848,997874
546848,857336
546878,698129
546878,380617
546898,439203
546898,1111891
546898,286712
546898,500149
546898,317343
546898,144432
546967,206644
54703,652221
547062,357059
547062,398690
547062,492448
547062,1044597
547062,431583
547062,517951
547090,77413
547103,115337
547110,777356
547128,948020
547139,847352
547139,980631
547139,549259
547139,94584
547139,881520
547172,923930
547172,133249
547172,568367
547184,177632
547184,353912
547208,848418
547208,526184
547208,503774
547221,422537
547221,547221
547221,498126
547291,120815
547291,1115765
547291,974720
547295,1010327
547295,554382
54731,443641
54731,843335
54731,173452
54731,709501
54731,945575
54731,192771
547326,430647
547326,1053620
547326,141994
547374,184462
547374,140741
547381,145189
547381,512568
547381,1114807
547381,776396
547381,959625
547381,621034
547381,623271
547396,26488
547396,324367
547396,914594
547404,772316
547404,1100346
547404,281300
547404,864465
547404,72536
547404,585218
547404,223261
547404,118859
547404,903825
547404,755833
547404,967612
547404,111302
547404,333270
547404,176386
547404,35267
547404,130751
547404,113998
547404,1027995
547404,11801
547412,401389
547422,300396
547465,797925
547472,1104008
547472,1037624
547498,32032
547499,1139962
547616,604828
547616,1055050
547616,511270
547620,797724
547638,182009
547638,612063
547638,923233
547638,1085162
547653,248130
547653,943699
547653,1026121
547653,206379
547653,192350
547653,1062222
547653,482420
547653,1135613
547653,881529
547653,555417
547653,389809
547653,689047
547653,520191
547653,72265
547653,681017
547653,1117007
547653,50378
547653,773158
547706,485598
547706,1062222
547706,420274
547706,671272
547706,386402
547706,852485
547706,558946
547706,508733
547706,13751
547706,827580
547707,376483
547710,751314
547720,976337
547720,1126309
547720,593014
547720,953579
547720,980646
547720,168402
547720,232345
547720,693448
547724,1089176
547724,433283
547724,32706
547724,1134524
547803,216223
547803,997487
547828,1040805
547858,571882
547869,546145
547869,1155373
547869,1025136
547869,461517
547869,610856
547869,950557
547869,1118769
547869,174808
547869,771352
547869,536741
547869,245467
547869,500050
547869,160377
547869,346627
547869,370139
547869,279651
547869,980975
547869,940114
547869,957532
547869,781773
547869,603820
547869,899578
547869,433139
547869,186393
547869,1068040
547869,158638
547869,168402
547869,165837
547869,782337
547869,860965
547869,234547
547869,544596
547869,557331
547869,409611
547869,852485
547869,843335
547869,674510
547869,10143
547869,1087305
547905,1016847
547905,329631
54794,835829
54794,1123227
54794,354267
54794,554382
547979,989767
547979,122828
547979,772505
547979,149052
547979,847741
547979,84460
547985,533848
547985,68323
547985,886799
547986,965040
548,116400
548,1056230
54802,890259
548134,775108
548192,211127
548197,869913
548304,501160
548315,40218
548315,740362
548368,1074009
548389,1157103
548389,954318
548389,1134235
548454,1050954
548476,234111
548476,251954
548487,254245
548487,772756
54872,208610
548748,675954
548854,772795
548854,56973
548923,264138
548923,311096
548923,329261
548925,1149908
548969,980782
548969,1150689
5490,413397
5490,1143415
5490,517389
549115,758230
549158,378467
54916,936119
54916,266101
54916,446228
54916,932654
54916,188010
549169,341100
549169,654071
549169,262231
549169,1084100
549169,453222
549182,479851
549182,89540
549182,357153
549182,312408
549182,657341
549182,800922
549182,554382
549182,792590
549182,33605
549182,386827
549182,870765
549182,592169
549182,843335
549182,734142
549182,531413
549182,1044597
549182,1082884
549182,1078241
549182,362815
549182,608311
549182,848909
549182,559943
549182,243054
549232,19984
549232,369456
549232,1097340
549232,259042
549232,509892
549232,169673
549232,1005176
549232,756717
549232,1125612
549232,1163786
549232,1129934
549232,720481
549248,676788
549248,423164
549259,196105
549259,491391
549259,94816
549259,360740
549259,1134335
549259,317061
549259,975890
549259,370139
549259,33605
549259,1082884
549259,123773
549259,56973
549259,479851
549259,155417
549259,1023606
549259,847352
549259,444179
549259,207880
549259,583603
549259,242804
549259,766948
549259,862107
549259,663220
549259,223264
549259,274989
549269,222620
549269,599392
549269,290017
549269,452623
549269,945575
549269,550827
549269,386870
549269,693828
549269,1005176
549269,154452
549269,531413
549301,1056230
549314,681263
549314,558135
549314,277635
549314,964613
549314,184777
549314,268357
549347,341023
549347,708371
549351,319080
549360,1052450
549360,768368
549360,341749
549360,988047
549360,210365
549360,172223
549360,368550
549360,648532
549360,448215
549376,48415
549376,1143912
549376,22251
549395,906329
549395,189789
549395,240350
549395,81699
549395,747690
549395,685743
549457,636393
54947,334720
54947,1084696
54947,240350
549478,61934
549478,754461
549478,626001
549478,1117314
549478,610418
549478,1036828
549515,457928
549521,936689
549521,1163802
549554,826249
549554,1126364
549554,642205
549554,1119786
549554,876262
549554,699706
549554,878788
549563,899374
549569,660669
549569,309335
549569,370139
549569,88827
549569,197265
549569,596985
549569,329082
549569,361306
549569,572453
549569,1021644
549569,45769
549569,847226
549569,257392
549591,973763
549591,369938
549615,845129
549624,277432
549624,719758
549624,549624
549653,610418
549653,1032349
549690,352991
549690,968336
549716,350896
54972,1118769
54972,792590
54972,744097
54972,480445
54972,993786
54972,204980
54972,435435
54972,961059
54972,262260
54972,954521
54972,88053
54972,775970
54972,34995
54972,884911
54972,1166930
54972,940392
54972,320752
54972,980854
54972,183969
54972,719653
54972,527501
549722,334177
549722,522474
549722,416989
549722,249291
549722,868324
549722,754028
549728,424541
549728,338407
549728,846413
549728,441033
549728,676147
549728,790332
549728,1069884
549728,524262
549728,491391
549728,651043
549728,1143293
549783,736714
549783,202327
549783,239088
549874,70253
549874,706573
549874,1017710
549874,406014
549874,300252
549885,188432
549885,729356
549991,1004606
549991,600199
549991,790516
549991,1093995
550003,428996
550003,982345
550015,688358
550026,630825
550026,652436
550026,868174
550026,435964
550026,705180
550026,903347
550026,559943
550041,808076
550041,279569
550041,375335
550188,316760
550195,1021543
550195,639555
550195,777553
550221,1024784
550221,320337
550221,992381
550221,2687
550295,687676
550295,163473
550295,627805
550295,12721
550295,116926
550295,831372
550299,495766
550299,153786
5503,87937
5503,577778
55031,883207
55031,521045
55031,1047362
55031,60182
550317,846475
550317,875887
550317,386605
550332,240516
550332,540822
550332,1149889
550333,89540
550333,653610
550338,74637
550354,680597
550354,612999
550354,559943
550384,295987
550384,836062
550454,468009
550454,816409
550511,777345
550520,697260
550520,782073
550645,843335
550645,193419
550645,355827
550645,812341
550645,401264
550645,1091338
550645,337614
550645,792762
550645,77339
550645,589825
550645,604944
550645,292824
550645,724636
550645,577452
550645,906564
550645,401211
550645,332668
550645,375863
550645,884911
550645,1032729
550645,1125194
550645,959220
550694,370139
550694,996479
550694,544596
550717,116577
550717,871368
550717,843335
550717,156667
550739,917861
550739,660276
550794,83795
550794,1149283
550794,158911
550794,302306
550794,234111
550794,536978
550805,474590
550805,458707
550805,1162420
550819,658012
550819,974002
550819,210602
550861,107987
550861,1075168
550861,1002358
550861,858714
550917,74857
550917,181770
550917,772756
550917,677089
550917,428133
550917,669107
550917,747492
550917,760449
550917,116763
550952,69055
550952,353464
550952,669533
550952,1131051
550952,1043801
550952,463422
550981,88485
550981,1042250
550982,1025989
550982,431411
550982,684865
550982,71567
550982,712807
550982,200753
550982,94820
550982,792590
550982,650740
550982,845354
550982,93837
550982,664198
550982,470960
550982,53039
550982,211200
550982,1018454
550982,23188
550982,802086
550982,962058
550982,513929
550982,651291
550982,518429
550982,90276
550982,1025872
550982,168402
550982,436573
550982,994068
550982,283270
550982,759987
550982,578638
550982,1002358
5512,160752
5512,136475
551281,711046
551281,110037
551298,559943
551298,526871
551298,765498
551298,1135613
551298,843335
551298,853945
551298,386827
551298,10143
551298,812341
551298,27781
551304,878127
551320,1122844
551320,635511
551365,582842
551365,80939
551375,478425
551450,1062468
551450,454350
551450,241260
551489,714989
551489,16017
551499,17224
551499,30767
551499,168402
551499,560794
551499,150240
551499,688578
551499,339779
551499,43636
551499,610095
551499,771352
551499,1079660
551499,1166930
551566,698909
551566,423618
551566,281329
551566,94196
551602,928020
551602,32006
551602,1136943
551683,274056
551683,116404
551683,245110
551683,249724
551683,1058287
551683,1080006
551683,262179
551683,627814
551738,729601
551738,554538
551738,336387
551738,272398
551778,848225
551841,1130650
551841,202530
551841,42133
551940,669176
551940,130966
551940,550794
551940,83795
551940,250223
551941,772795
551941,470226
551941,973065
551941,287157
552031,309494
552045,825000
552052,1003859
552052,324628
552052,526871
552052,369192
552052,326301
552133,908417
552133,121835
552175,970826
552175,880741
552341,82157
552352,805318
552366,319655
552366,659900
552366,258856
552366,74875
552366,231020
552411,160504
552411,658291
552411,775386
552411,32912
552411,683124
552411,438946
552411,554382
552465,835913
552465,378322
552465,152760
552465,135688
552465,899374
552465,47185
552465,183327
552465,694283
552465,750983
552465,473398
552480,335205
552480,899374
552480,468064
552505,1095075
552505,909959
55256,213417
552696,458637
552797,1016269
552797,1141266
552797,789126
552797,678821
552799,803946
552799,897303
552799,559943
552799,186911
552799,728740
552799,312408
552799,652464
552805,668368
552805,24199
552805,310392
552827,861841
552827,849169
552848,847352
552924,301847
552950,463422
552950,424866
552950,69055
552950,11676
552959,174805
552980,702117
552995,604672
552998,459848
553036,640290
553036,522733
553079,933330
553079,21100
553167,63047
553167,498258
553167,174567
553184,1112244
553196,544898
553196,440533
553196,175106
553196,114090
553229,837221
553229,903203
553229,16031
553254,777670
553254,554382
553254,960278
553254,1125612
553254,476330
553254,553465
553254,989753
553254,452623
553254,290892
553254,877141
553254,1027725
553260,843014
553260,927844
553269,998891
553307,806867
553344,559943
553344,811571
553398,730791
553416,683124
553416,369922
553416,426294
553416,374757
553416,126924
553450,1113599
553450,65095
553450,23188
553450,1028138
553456,454350
553465,994370
553465,122787
553465,750472
553465,739562
553465,60242
553465,106012
553465,960278
553465,495696
553465,705331
553465,265380
553465,784729
553465,465316
553465,553254
553465,485702
553526,791875
553526,602781
553526,936346
553526,464179
553529,973909
553529,436643
553572,967077
553572,554625
553572,821741
553700,609002
553728,1011875
553728,226146
553728,353036
553728,1006209
553738,672234
553738,321315
553738,1102969
553738,674768
553778,681096
553778,769553
553778,1135613
553778,60182
553778,883207
553778,704072
55379,982128
553866,1096557
553866,115074
553866,909198
553873,779371
553873,300113
553873,207880
553908,629862
553930,961198
553954,521461
554087,596940
554087,925199
554087,667468
554087,813389
554087,778288
554089,843335
554089,610095
55410,411646
554104,528461
554104,1164557
554104,1081639
554147,486093
554147,693106
554153,637221
554153,1160011
554153,101121
554153,999419
554159,4818
554159,488206
554159,398376
554240,714647
554245,816770
554271,681330
554310,26587
554339,24284
554374,291481
554379,300392
554379,1001014
554382,903347
554382,479851
554382,309920
554382,1162063
554382,8850
554382,290017
554382,1062222
554382,771352
554382,884911
554382,457200
554382,792590
554382,433139
554382,33605
554382,195858
554382,341040
554382,186911
554382,341556
554382,386827
554382,929510
554382,843335
554382,531413
554382,803946
554382,683124
554382,651613
554382,775268
554382,1033388
554382,401264
554382,1000371
554382,559943
554382,877141
554382,705180
554394,779477
554394,64454
554394,240776
554394,187827
55440,1125896
554496,878351
554496,494156
554496,76577
554496,434832
554496,79977
554496,1031972
554496,247137
554496,903317
554496,79655
554538,290017
554538,334720
554538,729601
554538,551738
554538,132516
554538,58329
554538,450823
554538,822603
554538,575658
554538,295611
554538,531413
554538,578520
554538,1130650
554538,880963
554538,280403
554538,240350
554576,115330
554625,553572
554625,69915
554643,770791
554643,355420
554643,488983
554643,836297
554643,311096
554643,548923
554643,169194
554693,119726
554766,1109900
554787,111568
554962,251793
554962,890272
554962,827580
554962,1150316
554962,554382
554962,907499
554962,416678
554962,94728
554962,370762
554962,988915
554980,488368
555022,176466
555033,800633
555130,428911
555141,675513
555141,191584
555180,509635
555253,879300
555253,850393
555253,920963
555253,494047
555253,1142251
555253,911330
555260,1003859
555282,767033
555335,765343
555335,663205
555335,377077
555335,409632
555335,478262
555360,938558
555360,998692
555360,779564
555360,751380
555360,176819
555360,846553
555383,1114375
555383,854804
555395,879246
555395,1112124
555395,614123
555395,1029580
555395,647703
555400,377273
555400,1021132
555400,272326
555491,759277
555491,442217
555491,437471
555607,43636
555607,36337
555616,1062222
555616,800907
555661,118128
555661,955375
555661,551298
555661,128890
555738,206310
555828,364430
555828,349984
555828,1152058
555842,1729
555842,197692
555903,671395
555903,704469
555903,1079377
555903,74311
555903,66917
555903,323920
555904,440919
555916,798955
555932,991789
555932,635511
555932,492803
555932,1153934
555948,1077227
555948,1100979
555948,488194
555972,911105
555972,145447
556001,252993
556001,701365
556001,771352
556001,108424
556001,722538
556001,1027039
556001,30065
556001,742053
556008,566452
556008,204814
556008,309335
556008,480034
556008,512042
556008,799301
556008,895398
556008,168402
556008,1166930
556008,843335
556008,695139
556008,944185
556008,176873
556029,1130276
556029,164102
556029,787287
556029,522354
556029,830747
556066,468118
556096,906050
556196,171658
556196,998760
556196,328515
556196,1140820
556196,1155760
556196,92084
556196,731896
556196,917763
556267,870497
556267,10304
556267,240350
556309,1013040
556309,307193
55642,36337
556426,1103415
556426,457928
556429,695365
556429,422961
556429,992202
556429,554382
556429,24175
556429,436661
556429,1135327
556429,746824
556429,1033388
556429,120227
556446,294391
556446,792590
556484,823105
556496,312609
556496,501706
556507,197813
556507,1144733
556507,377817
556507,238460
556507,640099
556521,413522
556637,413067
556637,725142
556637,1153205
556688,386402
556713,815658
556735,941798
55688,224178
55688,308882
55688,1093861
556910,618291
556920,488194
556920,361334
556920,170091
556993,1002947
556993,517979
556993,450534
556993,387190
556993,597466
557090,608311
557137,1095560
557137,784235
55715,162823
557184,479851
557184,804316
557184,692448
557184,16816
557184,1060876
557252,18217
557252,41191
557252,706181
557252,1047719
557262,1155636
557262,282410
557262,420178
557278,203854
557278,326397
557278,725842
557300,405262
557300,773993
557331,80465
557331,265327
557331,370139
557331,950557
557331,174808
557331,620626
55735,415711
55735,1021051
55735,677567
55735,386776
557360,1073209
557361,533224
557372,547869
557372,10143
557448,175429
55745,792590
55745,312142
557481,1050051
557481,1121594
557481,544405
557486,769203
557486,1038579
557486,145155
557486,136349
557486,851743
557486,981396
557486,106664
557486,925564
557486,197619
557486,927264
557493,1017710
557493,70253
557493,300252
557526,771352
557547,390052
557556,371176
557646,522354
557646,532297
557646,39168
557646,60182
55765,679966
55765,1015929
55765,27781
55765,1062222
55765,271544
55765,610418
55765,373722
55765,407221
55765,740699
55765,557912
55765,1089707
55765,256963
55765,528177
55765,139466
557686,149832
557689,407509
557703,429217
557830,491823
557912,528177
557912,1015929
557912,256963
557931,146780
55797,699378
557999,227972
557999,264341
558135,268357
558135,964613
558135,277635
558135,184777
558135,549314
558135,681263
558140,171218
558140,277653
558140,886608
558140,366161
558157,1058534
558157,165756
558157,94024
558179,171668
558179,4070
558181,1149283
558181,1016615
558181,651613
558181,693828
558181,919747
558181,1165523
558181,216297
558259,341251
558259,1067369
558259,880741
558259,324095
558259,292055
558259,242001
558259,215653
558259,334255
558259,248322
558303,984751
558391,394969
558396,387364
558397,765775
558397,257917
558404,610800
558404,1139598
558404,788410
558404,812341
558404,768327
558404,402684
558404,92891
558404,218182
558404,958349
558404,629403
55842,1103415
558425,236864
558425,843335
558425,989690
558425,559943
558565,256201
558565,201605
558624,1078195
55863,1075556
55863,369156
558636,986240
558636,156573
558636,933224
558639,386870
558639,683901
558639,554382
558639,1161613
558656,404815
558692,464580
558793,501430
558834,576822
558834,1047719
558834,1013020
558834,30767
558834,792590
558834,1036769
558834,884911
558834,300586
558867,506361
558867,404137
558867,224660
558867,261962
558867,684608
558867,936806
558867,121715
558867,671272
558867,420683
558867,611921
558867,366056
558867,957472
558867,786492
558867,1056390
558867,128578
558867,290017
558867,370139
558867,316099
558867,447339
558867,362763
558867,232088
558867,510339
558867,510856
558867,1157438
558867,860965
558867,976522
558867,266656
558867,302926
558867,386870
558936,1082418
558936,1118769
558946,1115765
558946,1123001
558946,123780
558946,295586
558946,1096595
558946,798888
558946,90622
558946,396673
558946,585475
558988,552894
558994,292833
558996,513405
559008,510313
559008,975224
559008,206644
559029,915054
559057,912174
559172,300252
559172,1017710
559172,70253
559309,651010
559309,967927
559415,576801
559432,914693
559432,1059327
559432,586821
559432,381052
559455,975238
559558,589105
559558,35149
559580,1080383
559580,371355
559646,1141266
559662,389523
559662,759595
559662,139208
559725,328515
559766,342260
559766,731235
559792,21971
559792,596541
559816,431888
559816,233515
559816,870765
559816,620992
559816,75163
559816,739894
559921,163473
559927,844122
559927,988002
559927,615577
559927,642205
559927,1006496
559927,900792
559927,123943
559927,541611
559927,878788
559927,1027444
559927,349204
559943,204645
559943,885940
559943,604828
559943,546224
559943,848909
559943,778267
559943,775108
559943,627406
559943,526047
559943,1155750
559943,566586
559943,1034375
559943,261506
559943,33605
559943,1159868
559943,746984
559943,493782
559943,843335
559943,341040
559943,734142
559943,771352
559943,884483
559943,1082418
559943,13751
559943,470364
559943,452468
559943,479851
559943,92378
559943,609002
559943,18669
559943,43636
559943,1086395
559943,554382
559943,776550
559949,81474
559949,133249
559949,568694
55997,762374
55997,1066481
560008,778190
560008,721608
560052,635834
560052,432234
560052,1162755
560060,511826
560075,1075004
560075,771909
560085,1160526
560085,277503
560085,922769
560086,262869
560152,50043
560175,421871
560188,1052613
560188,1005765
560188,595515
560290,654071
560290,93853
560290,1135257
560290,525165
560290,597779
560290,652265
560290,711842
560433,526871
560433,762374
560433,827580
560436,356672
560439,296581
560456,573558
560497,746614
560528,938599
560561,952382
560566,11864
560566,402129
560566,221021
560590,319655
560590,231020
560590,176027
560652,677846
560652,266194
560652,497866
560652,314834
560652,158422
560652,879579
560652,385848
560652,863837
560652,192145
560794,1079660
560794,206014
560794,32006
560794,928817
560800,804318
560803,821701
560803,546429
560803,766948
560882,339379
560882,924491
560882,640844
560882,280685
560890,108095
560979,168402
560979,187827
560979,399108
560979,1027050
560979,183601
560979,1088986
560979,908417
560979,1073209
560979,890222
560994,48909
56103,711628
56103,602793
56103,1139065
56103,1091338
56103,491254
561107,268739
561177,588592
561177,218347
561177,684406
561264,95099
561272,1148036
561272,1037580
561364,668368
561372,764826
561435,561435
561435,522185
561435,1048496
561435,508640
561435,115797
56147,581106
561512,353259
561517,133003
561517,240350
561517,519185
561545,540822
561545,343690
561567,293016
561567,1134335
561582,361334
561582,433139
561582,640463
561582,33605
561582,906936
561582,556920
561684,373230
561690,26122
561690,339531
561690,531333
561746,792590
561746,800922
561746,1082884
561746,133563
561746,549182
561746,1102969
561746,771352
561746,673873
561746,610418
561746,721555
561746,554382
561746,610095
561857,175979
561890,325156
5619,786492
5619,839621
561977,136208
561977,49516
56199,332756
56199,912174
562004,962164
562004,759428
562123,764153
562170,268914
562170,663393
562170,168402
562176,741195
562176,105256
562176,1079637
562176,143322
562176,767351
562176,323476
562293,749497
562293,383834
562293,597519
562293,38853
562293,862561
562293,591578
562315,1019845
562317,761249
562437,355224
562437,387730
562585,449731
562585,329895
562585,40968
562624,434273
562739,820673
562739,457232
562769,82728
562769,644339
562769,821777
562769,875684
562769,478262
562769,967801
562769,888624
562781,854236
562821,80490
562821,643593
56284,514714
562922,1073209
562933,707804
562961,822352
562961,142760
562989,729112
563004,632286
563004,827193
563004,932409
563004,1103415
563013,705766
563013,559943
563024,693828
563051,998946
563142,863639
563148,89540
563148,688578
563148,216223
563150,792932
563150,257429
563172,130616
563254,236504
563254,257890
563254,65755
563254,572747
563254,811927
56335,244226
563388,382996
563388,794254
563388,901643
563388,40113
563388,210330
563388,729789
563388,955614
563388,667900
563388,228676
563388,741424
563388,708929
563388,798878
563388,337092
563388,734152
563388,1110911
563388,359892
563388,782772
563388,299660
563388,246819
563388,291857
563388,23705
563390,683124
563390,675170
563390,1143912
563390,870765
563390,559943
563390,411796
563390,33605
563424,676310
563424,771352
563424,823245
563488,1013040
563488,1068685
563488,202585
563488,685774
563488,1134713
563496,332683
563496,494412
563500,1016463
563508,857391
563592,152456
563592,729356
563601,573531
563643,112062
563662,752162
563662,937888
563662,119440
563687,414883
563752,242813
563811,169194
563811,264138
563816,878665
563821,559943
563821,864527
563821,969674
563829,22381
563829,56973
563841,151140
563841,144977
563841,155178
563841,291300
563841,669176
56387,414981
56387,522755
56387,666915
563884,857124
56398,125337
56398,96375
56398,884232
564008,345395
564094,577244
564153,914594
564153,908452
564153,327856
564153,156101
564184,394448
564184,391393
564184,881387
564219,965915
564219,182813
564225,761273
564286,445069
564305,922002
564305,386338
564377,781384
564377,550645
564377,402010
564541,699706
564541,176819
564541,762970
564541,320729
564549,784820
564549,92031
564577,1006848
564577,728731
564595,658012
564595,847352
564600,1032459
564600,388692
564600,281498
564600,957275
564600,401062
564605,510313
564605,1062141
564605,30767
564605,659769
56463,773919
56463,1013232
56463,308928
56463,699982
564685,272326
564685,488926
564685,13751
564685,1079101
564710,61103
564710,570508
564710,596758
564710,778288
564710,1018286
564710,484797
564710,1078248
564710,701174
564726,372371
564726,834392
564771,15164
564771,1061373
564771,325385
564844,237540
564844,461077
564844,408346
564844,542590
564851,430633
564851,565610
564851,502431
564890,775108
564890,346246
564896,157641
56496,877141
56496,1082884
565049,654175
56506,468009
56507,1159596
56507,770791
56507,81699
56507,240350
56507,905564
56507,189789
565159,399854
565159,362815
565159,708285
565159,992792
565159,546611
565159,485209
565159,932581
565159,263455
565159,398186
565159,776840
565159,615593
565159,775108
565159,1003474
565159,112292
565159,997376
565159,1121275
565159,387072
565159,843335
565159,734157
565159,597032
565214,1048496
565300,134670
565330,58537
565336,83585
565348,679616
565348,964633
565348,197666
565348,540284
565348,646786
565355,108571
565355,287643
565374,319237
565374,131053
565374,984332
565374,983019
565374,416950
565421,414140
565421,1033216
565421,126059
565421,62246
565421,137674
565441,1063405
565441,650215
565441,193993
565441,658298
565441,414090
565441,736004
565441,497939
565484,827193
565499,823245
565499,952246
565499,805905
565499,221476
565499,848909
565499,1096557
565507,421871
565507,849397
565507,620581
565507,146753
565507,886812
565507,861452
565514,628933
565514,267916
565610,149632
565610,1162063
565610,843335
565610,302051
565610,1037862
565610,838987
565610,564851
565610,856776
565610,986975
565610,143461
565610,1096257
565610,796159
565610,705766
565777,297687
565805,902781
565805,1130102
565812,577843
565862,780568
565870,76577
565870,784003
565870,179990
565905,479851
565915,750072
565918,1057921
565918,484962
565918,68371
565918,1123053
565918,963944
566049,128485
566062,585024
566062,50884
566089,959030
566146,572424
566146,859911
566146,1010629
566151,592674
566151,638251
566151,155440
566199,624221
566199,254028
566199,127945
566223,44968
566262,257890
566262,1159383
566262,292849
566262,375933
566263,526871
56629,341281
56629,475271
56629,824685
56629,95553
56629,1091651
56629,64531
56629,1029404
566369,893825
566369,763557
566369,774218
566369,679880
566369,96375
566369,558404
566369,183806
566369,265728
566412,884483
566412,712698
566412,255014
566412,1044597
566412,495696
566412,681330
566412,815168
566412,980926
566412,1103349
566412,248481
56642,131053
56642,56973
56642,376483
56642,886073
56642,381595
56642,773518
56642,712770
56642,502148
56642,977945
56642,772795
56642,1109134
56642,267831
56642,666348
56642,727093
56642,489021
566452,1115765
566452,1118224
566452,942180
566452,782337
566452,642205
566452,71540
566452,566452
566452,942033
566452,204249
566452,671272
566452,194173
566452,975364
566452,489925
566452,150815
566452,805092
566452,944185
566452,588445
566452,386402
566517,472226
566520,1102969
566522,982225
566586,779220
566586,559943
566681,1013052
566681,575762
566681,413484
566681,1036957
566681,987173
566762,346143
566780,967739
566780,1082418
566780,43200
566780,775108
566798,414217
566805,708592
566805,630726
566871,577244
566901,596578
566943,858073
566943,710693
566999,2299
566999,1130236
566999,681361
567050,550295
567050,8430
567050,627805
567050,626931
567050,604828
567125,353259
567143,355286
567143,782172
567143,739579
567143,1166930
567143,440478
567143,1120684
567143,108657
567143,1064452
567177,1122795
567177,818543
567177,762907
567178,879077
567178,286772
567178,472776
567178,413067
567178,160830
567178,134736
567178,403612
567178,394483
567178,856739
567178,170262
567178,985141
567178,86306
567178,543098
567178,364036
567178,943387
567178,843335
567178,884911
567178,377442
567178,656571
567178,725142
567178,621582
567178,992198
567178,693051
567178,546145
567178,870765
567178,1691
567178,1053354
567178,673255
567178,273620
567178,1153205
567178,115610
567178,569145
567178,1139736
567178,1059108
567178,450412
567178,1009895
567178,1165542
567178,353517
567178,993492
567178,1166930
567178,997184
567178,437424
567178,911403
567178,556637
567178,1118208
567178,973763
567181,634285
567227,1058281
56725,909053
56725,207165
567263,425909
567263,221080
567263,977871
567317,750595
567317,1126894
567317,668503
567317,602696
567343,186393
567361,1151329
567361,495520
567361,918154
567361,1118769
567361,1099189
567361,386402
567412,121180
567412,559943
567432,927148
567440,29460
567440,339892
567510,163396
567517,577982
567517,381928
567555,524374
567555,989690
567555,646481
567555,641157
567643,384486
567643,284845
567643,35008
567683,815784
567692,294391
567692,1087424
567692,671272
567692,610095
567692,787798
567692,792590
567692,394478
567692,85502
567692,309971
567692,918154
567692,386402
567692,390957
567692,901787
567692,1042601
5677,1123174
5677,116617
5677,670376
567740,56528
567740,1054021
567753,945162
567753,1037616
567753,983558
567753,1109629
567753,1128400
567753,567753
567754,286002
56780,959092
56780,359892
567932,398444
567935,88405
568022,1104990
568022,36221
568022,32006
568022,852140
568043,248989
568043,409470
568141,195991
568142,920612
56816,554382
56816,244175
56816,71357
56816,1033388
56816,262807
56816,720000
568171,1033570
568171,482510
568232,34507
568232,862561
568257,334720
568257,729601
568257,880963
568267,1126695
568267,545596
56828,332756
56828,849397
568329,482668
568333,453340
568333,753182
568350,324525
568350,615233
568350,189789
568350,240350
568436,238020
568436,1110304
568436,975311
568436,145974
568436,163473
568536,591015
568536,604828
568625,1130650
568630,168836
568657,576866
568657,940580
568657,1111891
568657,445320
568694,133249
568694,559949
568694,355224
568694,1143861
568694,772881
568729,230057
56873,1008014
56873,94105
56873,520870
56875,413046
56875,906819
56875,635511
56875,105874
56875,719324
56875,1153934
56875,491150
56875,49373
56875,1051180
568797,1065582
568797,1027761
568797,19994
568814,771909
568894,1079564
568894,924726
568894,301144
568894,812341
568894,768327
568894,248061
568894,858976
56900,517758
569085,1026121
569085,943699
569091,612999
56911,663882
569124,1160671
569124,586008
569124,843335
569124,110037
569124,389422
569139,960278
569145,683661
569145,621582
569145,86306
569145,424459
569145,268693
569145,884911
569145,983094
569145,7345
569145,567178
569145,607983
569145,37576
569145,227364
569145,973828
569145,722406
569210,895691
569210,395186
569210,1009789
569222,765528
569233,985502
569233,1023158
569234,802157
569238,658381
569299,204645
569299,711046
569299,848909
569299,559943
569299,843335
569299,385043
569299,626469
569299,504247
569324,337403
569336,228757
569336,27994
569336,854919
569336,96943
569336,110525
569337,286767
569337,248322
569337,162159
569480,1066266
569480,1035671
569568,1162434
569568,1021132
569568,272326
569568,462748
569575,1001325
569575,734157
569589,216223
569589,37378
569640,64531
569690,577778
56973,1082884
56973,1052398
56973,731013
56973,700358
56973,376483
56973,762374
56973,22381
56973,306253
56973,131053
56973,760377
56973,137719
56973,977945
56973,1052034
56973,772795
56973,278806
569755,906050
569777,359892
569777,47116
569844,1056164
569852,1056230
569852,877541
569852,668368
56989,691221
56989,695910
56989,121030
56989,728636
56989,830747
56989,642205
569960,131273
570011,234399
570011,193764
570015,738710
570015,60182
570015,613182
570015,640006
570040,611955
570040,536493
570040,329407
570064,712269
570067,4736
570200,901309
570200,765343
570200,882042
570262,131273
570286,136772
570286,211622
570286,1050201
570286,168323
570318,403698
570318,898432
570346,565421
570346,602793
570346,585927
570382,554382
570382,843335
570426,1007999
570431,334616
570431,1143431
570431,730405
570431,853657
570464,1063814
570464,958967
570464,1085775
570483,1109717
570508,692870
570508,484797
570508,194449
570508,189549
570508,114090
570508,61103
570508,995652
57052,264738
57052,614279
57052,827580
57052,627206
57052,254580
57052,103484
57052,1117850
57056,716805
57056,1062752
57056,320154
57056,1032052
570585,1163979
570604,1159220
570604,1111328
570604,338575
570631,871368
570631,95344
57071,462939
57075,936119
57075,524161
57075,590248
57075,828949
57075,780037
57075,452050
57075,609800
570770,727093
570770,267831
57082,445461
57084,577760
57084,768825
570911,420933
570911,917861
570918,642235
571113,386402
571113,1087424
571113,671272
571228,932581
571230,843335
571230,159729
571230,384613
571230,1096557
571316,319015
571316,77173
57137,12275
57137,82657
57137,1004481
571409,618726
571409,946699
571409,428066
571543,519270
571550,1074736
571550,190656
571550,562989
571550,225107
571550,146249
571550,938599
571550,729112
571550,810161
571550,359140
571550,1080414
571550,628651
571550,782613
571635,796832
571635,362108
571691,271420
571704,358221
571830,831124
571838,677090
571838,41854
571845,803306
571846,647671
571850,15609
571856,887317
571862,71367
571862,1101851
571882,981778
571882,1162339
571882,223864
571882,214801
571882,291614
571882,547858
571882,145447
571882,919967
57189,411516
571905,472948
571905,914537
571905,597014
571905,334619
571905,765457
571931,43200
571931,1082418
571931,967739
571931,93037
571968,528508
571968,412812
571968,833138
57197,1080006
57197,1044442
57197,116404
57197,797925
57197,1058287
57197,747841
57197,1060585
57197,440748
57197,649574
57197,916238
57197,429649
572010,487327
572053,1050168
572080,1160273
572131,552894
572147,1103415
572147,1038684
572147,690033
572147,136208
572147,1013405
572147,388338
572147,225121
572147,192536
572147,128895
572147,375085
572147,407709
572164,1008920
572164,932763
57224,1096339
57224,271544
57224,311616
57224,743375
57224,731754
57224,945635
572302,94459
572415,785446
572415,750072
572415,859651
572417,967033
572417,699706
572424,319952
572424,295614
572424,880741
572424,727326
572424,421185
572424,1022083
572424,242001
572424,257336
572424,856824
572424,224973
572438,852140
572453,549569
572453,370139
572453,346627
572453,235943
572453,17995
572453,309335
572453,10143
572453,195126
572453,409611
572498,549259
572498,124590
572545,305175
572545,917733
572639,29460
572678,962971
572678,933224
572678,596158
572747,133249
572757,650599
57276,558867
57276,576866
572777,994947
572844,393076
57293,805092
57293,322450
57293,1121609
57293,355800
572976,1094830
572991,804105
573003,559943
573003,1133106
573012,405124
573012,357775
573012,70653
573066,1080503
573066,393076
573132,375218
573132,392466
573171,307990
573171,827580
573171,601309
573171,158937
573171,1136594
573171,240382
573171,796592
573174,405872
573203,44168
573203,344279
573246,1108832
573246,723183
573274,771352
573274,777670
573274,681330
573292,952382
573292,126387
573292,323512
573300,849987
573300,806515
573300,663679
573300,815697
573300,686246
573320,832681
573320,754261
573320,1149175
573320,363039
573326,10608
573326,205490
573326,437763
573326,723421
573326,942802
573326,676271
573326,370281
573350,1080006
573350,274056
573350,876882
573350,761508
57336,49794
57336,94816
57336,479851
57336,1096557
57336,771352
573369,1046316
573369,603388
573369,202530
573414,554382
573419,774218
573419,892110
573419,522584
573451,897619
573479,640803
573479,668368
573479,476641
573487,73155
573487,33383
573487,1157882
573531,563601
573558,382231
573558,244492
573558,1124080
573558,677090
573558,265549
573558,786492
573558,1084569
573558,83973
573558,705425
573558,402623
573558,128890
573558,816213
573558,332756
573558,1055143
573558,729287
573558,286049
573558,620581
573558,890623
573558,181066
573558,1037702
573558,483419
573558,326749
573558,374342
573558,236864
573558,588446
573558,955375
573558,257329
573655,29460
573655,169761
573655,647703
573655,879246
573655,485040
573666,533224
573683,592835
573683,274128
573683,629950
573683,372424
573683,614563
573683,481708
573683,514023
573765,37120
573765,567753
573789,23718
573837,175429
573837,303145
573988,1118769
574026,746984
574026,515210
574026,847023
574026,858352
574064,62179
574064,181339
574064,1120342
574064,396373
574064,603354
574064,743341
574064,1016866
574064,428133
574064,465971
574064,869258
574064,747492
574064,656839
574064,139575
574064,199272
574087,355770
574087,976376
574087,169428
574087,627206
574123,448054
574167,1072492
574167,38867
574167,1123245
574167,963674
57418,310482
57418,228676
574190,423751
574190,654441
574245,1082108
574251,764084
574251,282636
574251,709700
574251,1003207
574251,8263
574251,743387
574288,849382
574288,88405
574288,114090
574288,899374
574288,468064
57429,24155
574317,874014
574317,402559
574317,807708
574317,1124234
574353,345240
574353,16990
574353,517553
574353,528177
574392,756264
574445,531413
574454,1118769
57447,95099
57447,896635
574581,509047
574590,130089
574741,818564
574741,706907
574741,998703
574741,304762
574741,962042
574741,1005802
574741,807235
574741,1122475
574741,474218
574741,1115587
574741,786094
574746,692854
574811,141251
574900,391189
574900,1125612
574900,365991
574900,196143
574900,86963
574900,675106
574900,772140
574968,646195
574968,1103415
574973,347047
574973,1149219
574979,1046672
575202,1015933
575202,4960
575202,273811
575238,997487
575238,216223
575243,1048115
575243,46982
575251,1000429
575251,1165523
575251,1016615
575251,1010327
575251,184919
57526,705811
57526,514023
57526,812341
57526,245261
57526,697697
57526,1073209
57526,1112044
57526,622869
57526,849023
57526,656820
57526,577982
57526,604644
57526,386402
575439,631807
575444,547291
575444,33270
575444,703922
575444,36337
575444,627866
575444,804943
575444,120815
575444,947983
575444,37907
575444,216223
575444,598940
575444,656107
575444,479851
575444,835506
575444,922389
575444,146011
575508,485598
575566,713630
575566,332872
575566,522542
575586,172813
575606,567361
575606,575606
575658,554538
575658,195000
575658,1130650
575658,729601
575733,1073209
575733,355194
575746,574392
575762,661958
575807,498212
575830,893677
575830,1152164
575830,651613
575831,651161
575831,165718
575831,50398
575831,744492
575871,834653
575871,125053
575871,1103415
575871,142760
575871,692907
575871,659833
575871,494023
575891,630486
575891,1007906
575891,800922
575891,402834
575912,517786
575912,302051
575912,763367
575912,554382
575912,856776
575912,116577
575912,843335
576004,853432
576004,375734
576004,123202
57601,637022
576039,599217
576039,386827
576039,877030
576091,734157
576091,53623
576091,932581
576091,68035
576091,239464
576215,94816
576215,479851
576215,110802
576215,771352
576215,1003504
576215,709541
576215,83537
576215,479097
576254,13751
576254,933501
576254,1141526
57633,939816
57633,777356
57633,94024
57633,1018780
576366,954254
576366,347486
576366,450905
57644,932581
57644,1034506
576444,131296
576472,604098
576472,389395
576474,1034945
576548,1050806
576548,188215
576575,458631
576575,647233
576575,586910
576575,734157
576575,28817
576575,108563
576575,214998
576575,1138960
576575,689559
576575,68035
576575,932581
576801,402010
576801,656853
576801,852441
576801,1088876
576801,1130293
576801,193419
576801,559415
576801,614662
576801,150263
576801,1097149
576801,775108
576801,1082418
576809,551298
576809,340566
576822,479851
576822,1118769
576822,1042601
576822,523264
576822,843335
576822,871368
576822,1104990
576822,936823
576822,792590
576822,323278
576822,206310
576835,660276
576835,1089154
576835,917861
576835,317635
576835,550739
576835,622617
576835,445672
576866,500149
576866,779766
576866,133009
576866,141347
576902,719499
576902,332588
576902,870765
576902,1129978
576902,827580
576907,1121275
576907,565159
576915,614653
576915,295623
576979,812339
576979,681056
57698,845354
57698,23188
576995,1007262
576995,272214
577061,1136254
577118,825985
577199,668368
577199,923045
577199,1046598
577223,763932
577244,452091
577244,453340
577244,832509
577244,577244
577244,762374
577244,609002
577244,149832
577293,284273
577341,470445
577341,1118769
577341,1082418
577341,378727
577387,96152
577387,145908
577387,1092490
577389,641734
577420,482613
577428,1013259
577428,457928
577428,725592
577428,383197
577428,196773
577447,8465
577452,1040710
577452,852656
577452,550645
577452,455042
577452,337911
577452,497939
577452,512766
577452,658861
577452,244226
577452,796480
577452,602793
577486,920633
577486,93585
577504,696929
577546,204980
577561,470769
577561,711235
577577,258683
577601,794198
577601,600664
577601,284577
577601,674141
577601,369826
577627,853945
577628,772795
577628,56973
577628,676965
577657,207880
577672,898074
577701,827580
577701,278492
577702,654982
577710,992323
577710,232685
577710,1011676
577710,118048
577710,887528
577710,1046977
577710,449173
577710,803233
577710,577982
577710,693306
577710,364266
577710,800585
577710,153319
577710,186277
577710,43847
577710,938599
577710,483843
577710,511457
577710,760581
577710,87598
577760,1127814
577778,775108
577778,100685
577778,430088
577778,1069483
577778,338575
577778,274989
577778,1091651
577778,33131
577778,433139
577778,359892
577778,116404
577778,703666
577778,683486
577778,403156
577778,1159220
577827,804943
577827,146011
577827,547291
577843,565812
577856,906033
577856,286083
577926,204931
577926,108875
577926,529543
577926,707937
577926,983274
577926,616104
577926,773799
577926,1032052
577937,922341
57795,738825
57795,50398
57795,165762
57795,1145450
57795,593465
57795,165718
577982,386402
577982,99558
577982,1112044
577982,121331
577982,959092
577982,642205
577982,731896
577982,898743
577982,534891
577982,842282
577982,204814
577982,699706
577982,562585
577982,449173
577982,40968
577982,61137
577982,671272
577982,248896
578066,67090
578076,329576
578076,410611
578089,729051
578119,616104
578119,314834
578119,1062752
578119,238932
578179,903330
578242,32354
578242,151075
578242,240350
5783,1031322
5783,601735
578378,834078
578421,284009
578431,125894
578431,704006
578431,607777
578452,792590
578458,363698
578459,1013440
578459,734157
578459,1033173
578474,218551
578474,623609
578474,1013688
578474,334460
578474,1067225
578474,204249
578520,336387
578520,554538
578610,216223
578610,637359
578638,550982
578638,845354
578638,518429
578638,1113599
578638,447916
578656,232088
578656,195093
578656,591191
578656,853945
578656,745739
578656,812341
578656,220239
578676,1163021
578676,1060585
578701,251429
578701,16017
578701,946425
578701,843335
578701,917683
578701,453169
578701,672378
578701,792590
578701,182117
578701,683124
578701,610418
578731,518366
578740,661652
578740,468385
578740,182682
578741,629862
578751,810629
578805,640099
578805,529165
578805,547184
578805,510307
578809,686447
578824,94816
578824,661350
578824,932763
578824,197813
578824,1161613
578824,879690
578824,479851
578824,333797
578824,630825
578824,726268
578825,864154
578825,453340
578841,433139
578841,48599
578841,406677
578841,245326
578841,558834
578841,274989
578841,475271
578841,756148
578841,401819
57889,179743
57889,1135429
57889,163473
57889,687676
57889,730379
579037,168402
579043,788442
579043,675937
579043,1052613
579050,294124
579108,282455
579108,186393
579108,370139
579108,129262
579118,836560
579118,662966
579118,480845
579177,515806
579177,673470
579177,1109960
579177,204907
579177,215696
579177,352877
579177,1158903
579177,156648
579177,770589
579177,139328
579177,1060236
579177,182764
579177,780732
579177,518860
579177,175659
579177,70406
579177,713260
579177,778676
579177,21971
579177,129309
579177,232641
579177,328823
579177,304256
579177,408346
579177,1004276
579177,606894
579177,634126
579177,177048
579177,496379
579177,100261
579177,8001
579200,116404
579222,609331
579286,995215
579286,812341
579286,890350
579366,1143481
579366,1085737
579366,120228
579374,745790
579374,895603
579380,1054933
579390,1042250
579390,854212
579475,1119910
579475,1118769
579475,420647
57948,1120637
579508,1078248
579569,185087
579589,257890
579589,226250
579589,810678
579601,511985
579601,260534
579601,454248
579601,1032459
579715,456647
579715,411262
579715,226075
579715,89431
579759,695001
579759,1105972
579759,510567
579791,410843
579810,56973
579810,770982
579810,239443
579810,675205
579810,101464
579810,581106
579810,504566
579810,629862
579810,167260
579810,813389
579810,1110832
579810,778288
579810,84470
579810,772795
579810,139428
579843,155440
57985,829544
579863,347047
579863,902973
579863,340139
579863,132483
579863,1149219
579863,303665
579863,878963
579863,337100
579863,1139891
579863,757135
579863,338554
579863,267584
579897,592584
580037,183761
580037,882866
580107,878858
580107,798963
580117,1095233
580139,450155
580139,304578
580139,1077960
580139,501160
580139,843335
580161,813080
580161,371896
580161,1017699
580161,254532
580171,853826
580205,163933
580205,627206
580205,363378
580205,800633
580205,775108
580205,1000371
580235,731706
580235,510409
580246,775169
580246,631541
580287,677142
580287,703466
580298,604828
580352,528177
580352,375628
580400,976522
580400,87598
580400,150815
580400,439943
580400,558867
580400,642547
580465,737791
580478,878853
580478,584900
580483,980356
580483,880727
580483,1126948
580483,116837
580551,130089
580553,89540
580553,376483
580596,1043013
580602,658625
580623,454632
580690,479851
580690,992195
580833,989876
580833,868822
580833,677315
580833,799242
580997,965167
580997,420178
580997,210330
580997,168402
580997,1033261
581036,119553
581036,1039854
581074,236098
581074,812341
581074,768327
58109,1124146
58109,1153456
581106,991799
581106,770982
581106,946291
581106,974182
581106,139428
581106,579810
581106,813389
581106,778288
581106,101464
581106,479851
581106,701174
581110,879246
581110,264804
581110,651613
581110,359120
581120,274989
581120,241641
581120,1159220
581120,775108
581120,965515
581134,175106
581134,457907
581134,737236
581143,601309
581143,573171
581218,832963
581218,29460
581241,677221
581241,408736
581241,949554
581267,1126894
581267,950939
581267,747309
581267,309086
581274,938824
581288,877658
581288,1012876
581288,1103415
581288,300589
581288,827193
581288,973522
581288,457928
58131,953579
58131,114983
58131,168402
581325,1161753
581325,1037494
581330,654437
581336,386536
581336,964114
581411,473355
581411,700081
581411,1074563
581411,663234
581464,26082
581471,856739
581486,848843
581486,1073695
581486,681107
581486,195555
581486,812341
581486,998076
581486,912442
581506,554382
581601,831837
581601,826283
581601,479885
581601,981849
581601,408346
581601,522474
581628,856950
581628,803861
581628,597572
581629,711842
581629,1135257
581629,452253
581652,734157
581657,251550
581657,294305
581708,436306
581794,17664
581794,232132
581794,51842
581794,1107900
581794,1046598
581794,668368
581794,338407
581794,846413
581794,1162755
581794,491391
581794,685545
581794,676147
581794,310392
581794,626338
581828,1012876
581828,1103415
581828,639972
581828,609193
581896,307207
581941,223484
581941,309086
581941,898717
581976,157504
581976,493782
582018,842572
582018,157504
582050,492448
582050,357059
582055,14094
582055,179185
582055,593104
582055,771002
582055,539261
582055,629628
582055,488592
582055,297845
582055,410843
582055,1075136
582055,313834
582056,360740
582056,847352
582065,155861
582073,710279
582073,1032729
582073,554647
582073,42283
582124,384125
582124,404066
582167,1083831
582203,626013
582203,467650
582246,671100
582293,800855
582329,1163754
582338,702668
5824,1090020
5824,247172
5824,938819
58241,155178
58241,997331
58241,465160
58241,688275
58241,826550
58241,285185
58241,429995
582417,647916
582463,187827
582463,712726
582463,777533
582463,168402
582463,490140
582463,949466
582463,976337
582463,855817
582463,1112864
582463,953579
582466,944437
582466,276734
582472,1113090
582583,57526
582583,681017
582583,228676
582583,456436
582583,282410
582734,335628
582842,551365
582842,136163
582842,80939
582848,459728
582848,446545
582924,70827
582924,207880
582924,223264
582941,241879
582941,447838
582947,577982
582947,390305
582947,244533
582947,992323
582947,479167
582947,309198
582947,796839
582947,1161107
582947,1046977
582947,386402
582947,958697
582947,232685
582947,118048
582947,800585
582947,886991
582947,372186
582947,1143615
582973,802582
582976,302162
582983,1165523
582983,448646
582983,975017
583007,725340
583007,660601
583007,678821
583007,1016269
583031,479851
583031,531413
583031,661350
583031,461427
583031,945575
583036,206043
583084,1149283
583267,1091338
583274,528177
583274,1089707
583286,858399
583286,301214
58329,695740
58329,905564
58329,880963
58329,659322
58329,336387
58329,1130650
58329,280403
58329,272398
58329,554538
583327,359140
583334,591822
583334,1008092
583334,212978
583334,1032729
583334,1131966
583371,101442
583371,261717
583381,719204
583425,574811
583480,604115
583480,522354
583480,538997
583493,558928
583549,33605
583567,620551
583567,149294
583567,872985
583567,322804
583567,807149
583567,876337
583567,960615
583567,1081474
583603,975890
583603,658012
583603,124590
58363,445162
58363,540446
583635,448852
583793,546672
583793,964054
583793,1103131
583793,750080
583827,41747
583840,334428
583840,79440
583840,333997
583865,509639
583900,825985
583912,375863
583912,724636
583956,47185
583975,729601
583975,554538
583987,305092
583987,863904
583987,844385
583987,953579
583987,168402
584041,526871
584041,565374
584091,847352
584114,339379
584114,309324
58421,642205
58421,497374
58421,548805
58421,832046
58421,763599
58421,652467
58421,1138700
58421,62512
584247,559943
584253,491777
584253,726268
584265,928669
584381,715046
584381,988415
584381,1013040
584381,644147
584381,956286
584423,839126
584423,588173
584423,827580
584423,1139480
584426,1104015
584426,993530
584426,433139
584426,140476
584426,496744
584426,775108
58447,693828
584476,683606
584500,559943
584500,1011121
584500,692942
584500,759792
584518,141148
584531,718837
584553,1118769
584553,478031
584553,1013688
584553,436197
584589,620581
584589,666192
584589,744447
584621,1115657
584621,660162
584653,658298
584653,126059
584669,772795
58467,962058
584707,820652
584707,401514
584707,517477
584707,856609
584888,701174
584888,796923
584888,1114153
584900,1116429
584900,827193
584900,973522
584900,1103415
584900,1012876
584900,369035
585006,584917
585024,386870
585024,290017
585024,436522
585024,22845
585024,132168
585024,35238
585061,454350
585061,149052
585061,1149264
585218,130751
585218,333270
585218,111302
585218,967612
585218,1027995
585218,903825
585218,72536
585218,1100346
585218,772316
585218,281300
585218,118859
585218,113998
585218,547404
585218,35267
585218,755833
585218,223261
585218,176386
585218,11801
585226,903173
585226,627565
585226,606894
585226,664389
585226,769432
585226,161478
585226,452110
585226,595951
585226,87862
585226,1043522
585226,951226
585226,1060236
585226,70406
585248,934144
585248,875573
585248,400356
585248,299191
585248,1026304
585250,871176
585347,882022
585347,299191
585347,774218
585357,656820
58537,29533
58537,1043449
58537,385059
58537,988002
58537,195811
58537,642205
58537,546539
58537,362123
58537,1160762
58537,661652
58537,983534
58537,627406
58537,602716
58537,195858
58537,878788
58537,128317
585387,92378
585387,33605
585429,854355
585475,558946
585475,531413
585515,1082861
585515,545596
585542,959342
585542,72442
58557,375621
58557,1003351
58557,1001632
585571,987753
585571,1057806
585571,681017
585576,877276
58562,448646
585641,90786
585648,462477
585648,845354
585648,65095
585648,1039291
585648,712807
585648,502599
585694,762374
585694,115246
585694,1116789
585694,904262
585710,384162
585713,615074
585716,1166930
585716,779783
585716,376193
585716,367806
585716,93723
585716,839392
585716,386402
585716,1048701
585739,93409
585739,1112044
585770,316702
585770,1135327
585927,570346
585927,206660
585930,109815
585930,653185
585930,120915
585930,254874
585957,843335
585957,554382
585993,849987
585993,233288
585993,493679
585993,928639
586003,729601
586003,272398
586008,1160671
586008,864441
586008,256876
586008,953300
586008,813136
586008,577982
586016,998572
586016,154325
586038,989739
586038,137265
586038,675170
586038,795667
586038,1003504
586038,709541
586110,995973
586156,604828
586229,224973
586229,544245
586229,982139
58630,169407
58630,1073209
586313,559943
586313,454350
586469,353459
586470,538891
586502,410778
586502,70434
586502,425441
586502,96375
586537,80621
586537,139606
586611,501706
586611,1122795
586611,216907
586641,1098656
586641,268739
586641,474332
586664,413397
586664,392984
586664,323857
586689,862104
586695,912853
586695,1135674
586700,1125194
586700,167167
586757,726547
586757,425780
586757,912204
586764,994499
586795,125161
586821,559432
586821,914693
586830,658012
586839,934439
586839,651010
586852,683124
586910,873168
586910,734157
586954,1005176
586975,1062599
586975,302306
586975,60494
587003,693828
587003,1149283
587066,526039
587066,708581
587102,312468
587102,502238
587102,313323
587115,559943
587115,683124
587115,17719
587115,705766
587115,809897
587159,625102
587304,346296
587304,271544
58737,667900
58737,299660
58737,442324
58737,430241
58737,726068
58737,119081
58737,228676
58737,943699
58737,236864
58737,769058
58737,411779
58737,210330
58737,804686
58737,58737
58737,729789
58737,456436
58737,72265
58737,282410
587443,862662
587445,945733
587554,1130903
587569,646481
587569,949696
587569,359629
587582,286024
587582,383336
587582,1048927
5876,1048145
5876,765942
587612,280429
587612,88405
587612,528508
587687,216741
587687,972147
587687,611252
587687,493673
587687,916979
587687,992064
587687,775108
587687,464179
587687,60154
587687,1107964
587687,847373
587687,48599
587687,663025
587687,433139
587687,677142
587687,1111328
587737,386776
587737,903885
587737,195175
587775,789386
587775,853421
587775,735599
587775,918059
587775,1073605
587775,319180
587775,1044258
587775,129672
587775,878873
587775,613182
58783,814637
58783,1073209
58783,689285
58783,1158302
587831,371296
587852,1078248
587852,1114153
587852,596758
587852,570508
587852,194449
587852,484797
587852,190675
587852,540864
587930,908275
587939,97984
587939,1051180
587939,1122844
587939,244709
587939,555932
587939,63696
587939,635511
587957,476344
587957,380673
588035,581486
588101,132483
588106,709613
588106,910984
588106,848843
588106,95963
588106,812341
588106,603785
588106,206310
588106,108997
588106,994043
588106,629403
588106,1147311
588138,737774
588151,1113539
588151,801922
588173,827580
588176,468064
588202,1064631
588202,750072
588202,1140768
588202,638924
588245,512746
588245,650942
588245,1028407
58825,84315
58825,222620
58825,1005176
58825,609284
588321,400473
588321,43323
588321,418305
588321,457928
588321,48139
588321,641898
588348,339616
588348,276770
588348,489681
588348,461202
588348,63047
588348,498258
58836,713535
588390,238254
588390,174177
588390,1041811
588390,730500
588390,145568
588390,102827
588390,1046977
588390,684398
588390,800585
588390,516039
588390,511457
588390,212297
588390,1068187
588390,748696
588390,674716
588390,390305
588390,993795
588390,786492
588390,961621
588425,653602
588425,1074193
588425,812341
588425,937606
588431,859940
588431,1044597
588431,646481
588431,312408
588431,186911
588431,436306
588431,51114
588431,1134657
588431,249980
588431,223780
588431,652464
588431,34776
588431,137849
588446,315713
588446,697172
588446,945575
588446,128890
588446,1046124
588446,1112044
588446,577982
588446,1037580
588446,573558
588446,386402
588451,385848
588451,701476
588479,668368
588479,338407
588479,13749
588502,983894
588502,465262
588502,420242
588502,433190
588502,418987
588523,262179
588550,610856
588589,117620
588592,561177
588592,39673
58874,77069
58874,58874
588778,509639
588778,320579
588778,454185
588780,63658
588780,105720
588789,853437
588789,408346
588789,539761
588789,449278
588789,938487
588789,694152
588848,686097
588848,389908
588871,627138
588871,187930
588871,155861
588871,1119153
588871,683212
588871,397114
588871,1043801
588871,1018066
588886,1133106
588886,524544
588973,430632
588973,701174
588981,601309
589032,877858
58908,392921
589087,302203
589105,780037
589131,274989
589131,679599
58922,850036
58922,600078
58922,879246
58922,82497
58922,647703
58922,328082
58922,246370
58922,76700
58922,1150054
58922,500110
58925,715113
58934,619896
589358,819871
589358,1096640
589455,558928
589455,862561
58955,10143
58955,17995
589590,111141
589590,364537
589649,1013507
589649,22845
589649,919530
589673,428526
589673,762794
5897,1110304
5897,687676
5897,145974
5897,1135429
5897,1058957
5897,550295
5897,426493
5897,163473
58973,636928
58973,121464
58973,379893
589753,992151
589753,831368
589828,762798
589828,693296
589828,210289
589828,947761
589829,40143
589829,2048
58984,132069
58984,1147626
589841,768327
590044,687868
590044,756264
590044,77768
590044,645554
590088,22845
590088,143461
590088,630825
590088,696216
590088,1009682
590092,294215
590092,761508
590092,843317
590092,196254
590092,220530
590092,740301
590092,967013
590092,146535
59010,821854
590110,127945
590116,715601
590116,324367
5902,17296
590212,1113736
590212,46545
590228,1163786
590228,594686
590228,516370
590228,154452
590248,124313
590248,817957
590248,943731
590248,482114
590248,57075
590248,49993
590248,361965
590256,372159
590256,1111955
590272,19984
590272,137518
590371,811812
590371,642205
590674,621419
590674,1047719
590674,41191
590674,364805
590674,166838
590674,349574
590674,92780
590674,167665
590674,388422
590755,11406
590771,945575
590771,771352
590771,617496
590771,627769
590771,729121
590775,295623
5908,1127545
590803,248912
590809,693550
590809,885102
590809,828282
590809,953579
590809,299316
590877,202327
59095,905221
59095,40495
590978,861103
590978,171658
591015,604828
591015,1149283
591032,854092
591032,963870
591032,550295
591043,508130
591043,1040926
591043,411589
591043,120915
591124,286552
591124,554382
591124,683124
591124,938481
591124,454350
591124,43636
591124,355827
591124,36337
591124,5666
591124,1025570
591124,89540
591124,843335
591124,1040609
591143,78741
591143,658226
591146,728055
591146,890259
591146,878963
591146,421127
591185,1073209
591185,1136077
591185,484278
591191,220239
591191,1047621
591191,232088
591191,578656
591191,1036860
591191,155417
591191,940114
591191,1085470
591204,1133365
591266,1128400
591266,1119347
591266,109013
591266,654177
591266,949941
591349,136208
591349,1142663
591370,1064284
591370,955375
591370,26948
591371,705766
591371,825466
591371,843335
591371,886095
591393,674768
591459,126854
591479,457928
591479,266711
591479,264863
591479,468267
591553,228964
591553,444000
591553,1003859
591553,552052
591556,913293
591556,608865
59157,487381
591575,1086357
591578,597519
591578,38853
591578,749497
591578,562293
591585,1110304
591585,665011
591585,1068325
591732,795529
591732,197813
591732,312408
591732,318450
591766,204054
59177,970496
59177,798513
591818,4880
591822,1131966
591822,792762
591822,583334
591822,467956
591822,1008092
591822,1027791
591887,15071
591887,681819
591887,312085
591888,955001
591888,815068
591901,338575
591901,377048
591901,786094
591901,717692
591901,1091651
59195,177644
591955,322870
591955,257336
591955,727326
591955,224973
591955,1031935
591955,859911
591981,170357
591981,202223
591981,46574
591981,88243
591981,1034334
592024,383615
592024,726473
592024,1111303
592027,605516
592045,1151726
592045,708581
592045,1133334
592085,39191
592169,792590
592169,94816
592169,46545
592169,386827
592169,721555
592169,610095
592169,479851
592169,43636
592169,870765
592169,396988
592169,877141
592169,609002
592169,531413
592169,734157
592169,983103
592169,330828
592169,549182
592169,129878
592169,771352
592169,843335
592190,1142475
592235,168402
592235,306031
592235,1052392
592235,439943
592235,1139962
592235,1043395
592235,846970
592235,621712
592235,779477
592235,351759
592235,764458
592242,826312
592242,839700
592242,727266
592242,188725
592307,493782
592348,107823
592390,528177
592390,27781
592390,980492
592405,251551
592405,85139
592584,658395
592584,1116866
592585,1021939
592638,49924
592638,59498
592674,2948
592674,642205
592674,486763
592674,860965
592674,1079085
592674,953579
592674,321377
592674,780037
592674,792590
592674,878788
592674,485598
592674,935189
592674,204249
592674,885102
592674,195093
592674,132544
592674,401211
592674,386827
592674,747405
592720,1119910
592720,894679
592720,1082418
592720,1118769
592720,79527
592745,966196
592745,233580
592745,220658
592792,271353
592792,752908
592792,1044498
592792,276770
592792,549259
592792,489681
592792,174567
592835,247332
592915,876668
592915,983019
592962,1029711
593007,687676
593007,707180
593007,1038807
593014,953579
593099,1081535
593104,582055
593104,1121166
593104,1075136
593104,463237
593104,380353
593104,539261
593104,179185
593104,690704
593104,182194
593104,289464
593104,488592
593104,238181
593104,313834
593115,813247
593115,559943
593115,1082418
593127,717550
593155,80530
593155,473597
593155,631339
593155,488191
593155,692448
593155,1007420
593155,1075246
593192,846413
593192,1162755
593192,232132
593192,439289
593251,117496
593261,1163754
593261,582329
593348,436874
593348,635228
593348,216425
593352,636520
593352,294441
593352,901385
593352,467053
593352,437949
593352,33605
593352,130993
593352,479851
593352,265741
593352,733930
593352,700852
593352,901694
593352,559943
593353,823067
593469,677142
593533,1136943
593533,370139
593533,860965
593533,256876
593533,302926
593533,139748
593533,857321
593533,650261
593533,155675
593533,33605
593541,163361
593574,903347
593574,458523
593574,697697
593574,771352
593574,33605
593574,870765
593574,559943
593574,256876
593574,1096557
593574,479851
593574,162580
593574,43200
593574,592169
593574,878788
593574,386402
593574,290017
593574,216223
593574,1082884
593574,577982
593574,843335
593574,805092
593574,1118769
593574,610095
593609,1066043
593609,88253
593609,656343
593609,833934
593640,855810
593657,1002106
593657,733654
593673,599553
593673,892525
593673,132032
593673,228056
593704,604828
593704,733306
593733,774218
593733,659788
593733,892110
593733,639125
593733,1092917
593816,141121
593816,361334
593926,652464
593926,363039
593926,341556
593926,559943
593926,389716
593926,709527
593926,412692
593926,415333
593926,721308
593926,754261
593926,884483
593926,382884
593926,848909
593926,843335
593943,934098
593943,1082264
593943,393309
594027,302960
594027,48044
594027,694801
594038,579508
594080,885940
594080,559943
594080,779220
594080,1155750
594081,448215
594081,873983
594081,648532
594088,716258
594088,625612
594096,412812
594096,890259
594096,291411
594096,114090
594096,1074750
594096,47185
594096,899374
594096,204645
594096,82413
594096,701174
594096,745004
594096,362815
594096,683124
594096,573178
594217,60182
594303,242813
594303,1163139
594303,711842
594303,836975
594303,890272
594303,214714
594303,720151
594303,452253
594316,354915
594316,93730
594322,1089176
594322,1693
594373,235964
594373,697260
594373,676965
594373,56973
594373,253885
594404,895844
594404,207165
594404,1166055
594545,885102
594545,953579
594545,168402
594553,135925
594553,296840
594553,859498
594661,768037
59467,777496
59467,21812
59467,463864
594678,689559
594678,932581
594678,108563
594678,734157
594678,362172
594686,590228
594686,134810
594686,594686
594686,554382
594725,72360
594725,9645
594743,270721
59478,559943
594804,792590
594804,843335
594804,629591
594804,1000371
594813,920633
594914,176106
594914,114090
594974,843335
594974,859940
59498,705252
59498,843335
59498,95618
59498,49924
59498,792590
59498,949088
59498,962058
59498,1118769
59498,222699
59498,100027
594995,1014248
595014,1029404
595014,1046748
595066,886788
595066,1062222
595066,386870
595066,1096557
595066,226912
595066,57336
595066,578824
595066,386402
595066,427919
595066,777670
595066,330250
595066,457232
595066,465316
595066,583031
595066,344322
595066,398989
595066,413672
595066,479851
595066,963133
595066,895647
595066,108424
595066,531537
595066,1033173
595066,448817
595066,175094
595066,1050922
595071,952847
595123,77809
59517,1116845
59517,51468
59517,176725
595230,313549
595230,521892
595282,903347
595282,479851
595282,975441
595282,771352
595298,40378
595418,386402
595418,805092
595418,671272
595418,657522
595419,821854
59543,681298
59543,1107554
59543,535339
59543,108095
59543,765343
59543,377077
59543,333420
595439,1130650
595441,534224
595515,248395
595515,560188
595515,1147407
595515,1052613
595588,890259
595593,157252
595593,889716
595597,705953
595597,1003859
595624,1139837
595680,383063
595712,643184
595712,866667
595767,305445
595841,849438
595858,1153469
595864,886579
595864,132032
595909,671272
595918,254048
595918,288553
595918,22107
595918,342786
595918,244533
595918,483843
595918,186277
595918,358912
595918,1053138
595918,390210
595918,244648
595918,1161107
595918,104608
595918,45058
595918,919367
595951,606894
595981,522733
596000,322266
596000,155017
596000,338980
596010,386870
596034,17971
596034,711092
596034,78513
596034,852556
596061,1108515
596087,294489
596087,139228
59610,680360
59610,1120688
59610,763395
59610,94024
596158,88485
596158,962971
596158,815697
596158,572678
596158,809141
596158,806515
596158,156573
596158,1068169
596158,1042250
596158,439191
596158,876052
59627,653731
59627,287938
59627,517786
59627,771352
59627,224896
596380,919269
596380,995652
596380,570508
596380,778288
596380,188999
596380,933501
596380,701174
596380,114090
596406,512746
59649,986833
596541,613861
596541,914338
596541,893577
596554,393383
596554,818696
596554,1142019
596578,207017
596578,231874
596578,763474
596578,389952
596578,447837
596578,168402
596578,600712
596578,903787
596578,204249
596578,96375
596578,1073209
596578,236864
596578,1112553
596578,898273
59665,77544
59665,19984
59665,1138617
59665,193769
59665,810141
59665,834477
596717,357059
596717,736011
596758,619665
596758,610095
596758,570508
596758,210262
596758,542851
596758,61103
596758,1137972
596758,333699
596758,899374
596758,778288
596758,1114153
596763,797888
596763,439265
596763,1119796
596763,609800
596763,415656
596763,482897
596782,447410
596782,1158207
596782,883177
596782,342786
596782,764458
596782,1133682
596782,1043395
596782,954881
596782,802522
596782,351759
596857,734514
596863,1123245
596863,690253
596863,1101540
596863,38867
596863,682485
596863,1072492
596863,273513
596863,83795
596863,661833
596863,724636
596863,250223
596915,216223
596940,778288
596940,554087
596940,1110832
596940,667468
596940,484797
596940,1018286
596940,813389
596940,991799
596940,581106
596940,596758
596985,257392
596985,370139
596985,549569
596985,309335
597001,27626
597001,382996
597001,1083327
597001,758230
597001,282410
597001,282334
597001,664355
597001,679599
597001,246819
597001,49174
597010,242813
597010,988915
597014,914537
597014,334619
597014,571905
597014,252494
597014,474138
597032,565159
597032,398186
597032,776840
597089,1133106
597147,909959
597147,1005176
597172,168402
597172,80178
597172,471987
597172,840148
597172,220970
597172,370689
597211,849277
59723,591349
59723,476276
59723,1142663
59723,136208
597232,702668
597284,642205
597284,611813
597284,615577
597284,859372
597284,686039
597284,545843
597284,525393
597284,900792
597284,792932
597284,878788
597284,988002
597284,685013
59729,364936
597290,1085225
597290,34052
597290,315582
597319,517553
597319,902585
59734,47185
59734,486093
597363,349809
597363,877598
597363,200834
597363,295586
597381,457928
597381,497290
597381,618048
597395,1056172
597405,964905
597405,693828
597405,517553
597441,836444
597466,1002947
597466,368592
597466,517979
597466,951509
597466,822603
597519,693296
597561,859498
597561,290017
597561,987705
597561,808794
597572,792188
597572,439265
597572,581628
59758,193216
597614,847352
597614,766948
597614,161769
597614,549259
597637,1040078
597704,274721
597704,840932
597779,732364
597779,560290
597779,872979
597779,453510
597793,200849
597847,495345
597847,1063037
597847,254655
597848,1005176
597848,222620
597848,810141
597860,361300
597895,549906
597976,1079637
597976,911960
597976,1136202
597976,990459
598003,882452
598003,1090020
598054,1012876
598054,609193
598054,105720
598068,689733
598068,234440
598068,683864
598076,103646
598076,804585
598076,87979
598076,109856
598076,364329
598076,507164
598076,317803
598076,1131051
598076,53329
598076,935030
598076,155861
598076,73236
598076,463422
598076,353464
598076,1043801
598076,342664
598076,843335
598076,27819
598076,46793
598098,785852
598098,884732
598098,162284
598153,1129978
598168,485702
598168,960278
598168,682013
598267,269372
598273,282682
598273,1063410
598279,1026121
598279,342786
598279,27781
598279,1135613
598279,146428
59828,1149283
598292,65271
598292,681017
598292,319726
598292,210330
598377,207010
598377,910984
598408,661600
598408,927070
598429,757243
598485,367257
598485,652464
598485,487423
598502,115194
598544,208816
598631,355286
598631,884911
598631,750214
598691,456692
598701,449199
598701,455596
598701,904418
598719,316463
598719,355285
598790,175349
598790,488592
598790,593104
598790,259789
598790,936119
598790,632285
598790,428271
5988,549259
59881,862083
598826,169093
598843,216886
598843,7142
598843,527461
598872,1154647
598872,851042
598899,509793
598899,1127412
598899,718837
598927,894761
598927,248170
598927,1025260
598930,1114806
598935,755200
598935,205428
598940,575444
598940,843335
598940,804943
598940,792590
598940,703922
598940,922389
598940,315167
599016,30767
599057,777589
599057,1137367
599057,238460
599057,460683
599065,596158
599065,809141
599065,156573
599065,840135
599065,116404
599217,289641
599217,488592
599217,179185
599217,297845
599217,1164315
599217,576039
599217,593104
599217,14094
599217,479851
599217,238181
599232,339324
599307,188010
599307,482912
599307,919930
599307,1092698
599307,1101859
599334,404486
599334,627406
599334,195858
599334,1149185
599335,784141
599349,30132
599349,1160273
599349,51351
599353,493782
599364,83288
599364,1042473
599373,723141
599390,74771
599392,943564
599392,108424
599392,290017
599392,494047
599392,452623
599392,945575
599392,473520
599392,586954
599392,386827
599392,909959
599392,549269
599392,109927
599523,399437
599546,981022
599553,936295
599553,892525
599553,528177
599553,593673
599553,1089707
599553,423505
59958,930278
599591,711
599604,473684
599604,295614
599604,998946
599604,724625
599604,224973
599604,635705
599604,87567
599604,1046363
599604,324095
599604,248322
599604,84973
599604,787432
599604,920612
599604,483237
599638,758230
599642,2558
599642,490504
599679,16816
599683,178816
599774,1080006
599774,943818
599774,295787
599886,161138
599895,351923
599895,899080
599895,35500
599895,339728
599895,387320
599895,167637
599895,273358
599895,289145
599895,1107096
599895,389797
599932,964849
599951,864268
599951,210866
599986,1164557
599986,430273
599986,916926
600068,210185
600078,604828
600078,852717
600078,76700
600078,669086
600078,914712
600078,246370
600078,1074199
600078,58922
600168,653185
600179,643726
600179,386402
600191,1013688
600191,386402
600199,549991
600199,554382
600199,790516
600199,1167147
600199,1093995
600199,972754
600199,477777
600199,435964
600199,366705
600199,661656
600199,312408
600234,912619
600234,345022
60026,640021
60026,60026
60026,640463
60026,792491
600304,31093
600304,210973
600304,802969
600304,139840
600304,396101
600304,795709
600314,17664
600320,224973
600320,396988
600320,191866
600348,209818
600381,1120952
600381,400175
600381,310184
600381,204017
600381,180088
600381,1119546
600381,197354
600395,1142663
600470,324034
600522,973522
600522,794228
600522,63658
600529,816207
600633,52629
600664,577601
600668,577778
600668,622869
600668,420178
600668,1088325
600707,858352
600712,898273
600712,168402
600712,903787
600712,596578
600712,1032827
600712,231874
600712,204249
600712,998887
600802,694405
600824,664
600824,526154
600824,300353
600824,725142
600839,161447
600839,479369
600857,853945
600955,848909
600955,248481
600955,459845
600955,855030
600955,4179
600955,448817
600955,33605
600955,571230
600955,877141
600955,665157
600955,559943
600955,1081225
600955,1053061
600955,820169
600955,13751
600955,743908
600955,441951
600955,763367
600955,371586
600955,740699
600955,964343
600955,1005253
600955,531413
600955,679966
600955,981829
600955,494241
601046,531547
601046,759667
601046,522070
601132,602454
601132,1069520
601132,938599
601132,117443
601132,889585
601132,1033230
601132,782613
601132,296001
601132,386402
601231,159646
601231,780354
601231,269321
601231,607468
601231,643201
601265,818696
601265,366644
601285,506626
601285,1145759
601285,482114
601285,1070515
601285,379893
601285,18066
601285,615164
601294,1118912
601309,515993
601309,734157
601309,350744
601309,576902
601309,573171
601309,506874
601309,158937
601309,912300
601309,255171
60131,832248
601329,357361
601343,890259
601343,1023715
601343,658625
60143,397957
601430,415656
601430,936119
601430,266101
601430,919930
601430,892371
60144,390236
60144,385785
60144,760449
60144,209534
60144,747492
60144,626059
60144,81566
60144,785946
60144,1132829
60144,468430
60144,302051
60144,197940
601451,637221
601451,702509
601451,160831
601464,968770
601464,353905
601501,391314
601501,602853
601501,878788
601501,661652
601501,182682
601501,1010858
601518,544405
60152,1062222
60154,961604
60154,58411
60154,305498
60154,114791
60154,789832
60154,433139
60154,19154
60154,701740
60154,677142
60154,775108
60154,486912
60154,787032
60154,275433
60154,274989
60154,403709
60154,338575
60154,48599
60154,1040078
60154,220239
60154,587687
60154,378339
60157,750187
601578,487042
601578,728514
601578,600955
601578,1086694
601578,422950
601578,319060
601578,665157
601578,58925
601596,786492
601636,72221
601648,484270
601648,691221
601735,992792
601735,920770
601735,477901
601735,1031322
601783,48076
6018,1153703
60182,207231
60182,39168
60182,883207
60182,553778
60182,769553
60182,715950
601888,94523
601888,379891
601905,666401
601905,388095
60201,856271
60201,870556
60201,540109
60201,959092
60201,801248
60204,74637
60204,203474
60204,212161
60204,495001
602046,719758
602046,1051699
602046,498258
602046,602046
602046,658012
602046,277432
602086,746984
602110,746984
602110,980194
602140,488926
602140,1137367
602306,502267
602330,899374
602330,47185
602349,852140
602349,1104990
602398,657376
60241,843335
60241,892536
60241,855633
60241,559943
60241,1118769
60241,1160037
60241,498126
60241,1081535
60241,1124184
60241,130475
60241,524147
60242,483432
60242,137518
60242,553465
60242,485702
60242,259612
60242,106012
60242,252867
602422,341180
602422,643405
602443,711092
602454,782613
602454,810790
602454,1136943
602454,938599
602454,601132
602464,728740
602464,487710
602464,135925
602464,1044597
602464,386827
602464,859940
602464,602464
602464,733146
602468,706982
602468,1017491
602468,1124080
602468,399720
602486,16051
60254,854199
602541,1124555
602541,65216
602541,276770
602571,677142
602571,475271
602600,886069
602655,548476
602696,1082418
602696,218785
602696,968770
602696,3542
602698,897168
602698,1013759
602698,772255
602698,957571
602698,1145450
602698,753469
602698,357946
602716,250559
602716,1156911
602716,627406
602716,195811
602716,642205
602716,46793
602716,29533
602716,661652
602716,878788
602716,58537
602716,1043449
602716,378851
602716,195858
602716,159229
602721,799612
602721,686823
602721,527606
602781,338575
602781,553526
602781,577778
602781,1067631
602793,812288
602793,193419
602793,1091338
602793,184518
602793,827580
602793,554382
602830,1103959
602830,207430
602853,661652
602853,616323
602853,938824
602853,195858
602883,620883
60289,42645
602979,567683
603084,1058807
603084,370281
603099,906050
603138,469581
603138,8529
603207,207880
603207,531904
603207,754703
60323,185683
60323,715110
60323,347112
603246,658012
603296,160106
603300,193331
603353,730791
603353,362586
603353,413676
603354,1016866
603354,428133
603354,907003
603354,390236
603354,1120342
603354,574064
603354,635173
603354,62179
603354,656839
603354,743341
603354,869258
603373,957056
603423,848909
603552,960278
603552,777670
603552,325782
603552,300694
603552,68517
603552,664426
603552,1156397
6037,278795
6037,20377
6037,1109175
6037,789589
6037,641306
603702,988002
603702,878788
603702,1051804
603702,763932
603785,359603
603785,214894
603785,109829
603785,848843
603785,1095233
603785,775108
603785,1149506
603785,1127353
603785,812341
603789,287157
603810,792590
603810,700511
603820,302051
603820,700262
603820,296598
603820,547869
603820,394441
603820,361455
603820,843335
603820,683124
603820,425132
603820,792590
603820,1113409
603820,362815
603820,1062222
603820,870765
603820,442217
603827,499411
603827,772795
603827,931346
603827,875190
603827,446746
603827,178163
603893,983019
603909,479801
603913,1019393
603918,1131607
603935,1144617
603935,1005895
603936,670751
603937,485114
604086,425330
604098,576472
604115,522354
604115,583480
604115,556029
604115,988002
60412,126434
60412,993795
60412,514103
60412,479167
604131,508794
604131,192212
604190,854355
604190,845129
604219,397918
604219,689427
604248,401389
604297,85502
604347,860980
604347,638924
604347,461517
604347,629966
604347,923839
604347,42521
604351,643827
604385,1070515
604395,536493
604395,514103
604395,14570
604395,329407
604524,668282
604548,1022644
604548,111851
604556,83795
604557,386513
604579,573171
604579,601309
604579,430979
604579,654930
604579,1132216
604615,5327
604615,669176
604615,431885
604644,577982
604644,1073209
604644,386402
604644,57526
604644,1112044
604644,959092
604644,642205
604669,408346
604669,1092100
604669,127714
604669,11214
604669,735770
604669,981849
604669,942802
604669,629009
604669,826283
604669,256218
604672,349196
604672,530252
604672,196254
604672,1080006
604672,707901
604672,552995
604672,1166573
604679,483
604679,776529
604688,906050
604688,1026206
604688,885691
604688,841661
604688,1050201
604710,945162
604710,51617
604710,301363
604777,976337
604777,621915
60478,943849
60478,206928
60478,1033173
60478,531413
60478,100444
604788,1107911
604788,890259
604788,830780
604788,836153
604788,394399
604788,91685
604788,461493
604795,257336
604795,599016
604805,411516
604805,1089542
60482,423321
604828,866814
604828,193583
604828,157605
604828,786968
604828,509635
604828,1098752
604828,511270
604828,902585
604828,852717
604828,926394
604828,329402
604828,409941
604828,303549
604828,1150054
604828,459528
604828,76700
604828,1149283
604828,943967
604828,389395
604828,651613
604833,186204
604833,1139891
604833,394399
604833,878963
604833,890259
604833,817997
604833,1149219
604865,168002
604865,1129978
604865,970496
604895,270670
604915,353332
604915,141044
604915,544806
604915,1077318
604915,608428
604915,884911
604915,997184
60494,540822
60494,196386
60494,554382
60494,559943
60494,486093
60494,586975
604944,955614
604944,370139
604944,550645
604944,1011854
604944,220970
604944,467128
604944,976522
604944,976337
604944,168402
604944,386402
604944,1066674
604959,559943
604959,775268
604959,354267
604959,255014
604959,512149
604959,1094415
604959,290017
604959,554382
604959,415333
604959,494241
604959,683124
604959,861543
604959,422961
604959,877141
604959,899828
604959,273472
604959,612716
604959,746824
604959,248934
604959,1081225
604959,94816
604959,992202
604959,843335
604973,798796
604973,238460
605099,202394
605099,18380
605099,233583
605114,313323
605114,502238
605114,271097
605114,89302
605114,21416
605196,68035
605211,112927
605211,787947
605211,1154719
605211,683124
605211,1078131
605211,459845
605211,401264
605211,559943
605219,152068
605219,206664
605219,137719
605241,1011854
605247,66155
605247,772795
605247,20075
605247,293937
605247,762374
605247,163497
605249,38867
605249,853945
605260,420274
605413,1160671
605487,41191
605487,388422
605487,706181
605487,1047719
605487,349574
605514,337627
605514,535218
605514,332756
605516,517951
605516,43200
605516,382468
605516,214426
605516,786028
605516,249529
605516,894099
605516,415695
605516,761787
605516,77991
605516,1118769
605516,492448
605516,361505
605516,357059
605516,374066
605516,721796
605516,736011
605516,535326
605516,498051
605516,69594
605588,652464
605588,891279
605588,843335
605588,859940
605588,46560
605588,683124
605588,919045
605588,554382
605588,695365
605588,224896
605588,247205
605588,559943
605588,261506
605588,646481
605638,628248
605638,312393
605638,685774
605638,95950
605665,114090
605708,166647
605716,815697
605778,1099128
605778,105796
605778,1103055
605778,517498
605778,854199
605782,1052450
605782,873983
605782,1141526
605782,75792
605954,1122185
605954,517553
605954,1139065
605954,754343
605954,528177
605967,140930
605967,150263
605967,39336
605967,501723
605967,372227
605986,654356
606,397486
606,204645
60602,175979
606124,165675
606124,145908
606124,715109
606155,565441
606226,135688
606255,526910
606255,149877
606255,218207
606255,128895
606255,572147
606255,1018316
606255,959251
606255,738670
606269,881946
606285,604788
6063,1089176
606328,601309
606328,506874
606370,78297
606370,168596
606370,671272
606540,651613
606584,47185
606584,280429
606584,88405
606584,114090
606584,701174
606670,1073209
606670,813080
606670,287217
606670,481708
606670,1066674
606670,649184
606670,871176
606679,1139962
606725,323611
606725,500110
606725,1072492
606725,1133518
606729,1033216
606729,717047
606745,604828
606745,651613
606745,762584
606782,1163986
606782,490608
60685,562922
60685,339404
60685,126545
60685,965672
60685,642082
60685,311995
60685,120334
60685,622869
60685,1073209
60685,287217
60685,626338
606894,697507
606894,385448
606894,129309
606894,238858
606894,769432
606894,770589
606894,161478
606894,490873
606894,903105
606894,70406
606894,488777
606894,735771
606894,984127
606894,664389
606894,104439
606894,496379
606894,491648
606894,995042
606894,903173
606894,383098
606894,700661
606894,215696
606894,629116
606894,951226
606894,87862
606894,646888
606894,219003
606894,500503
606894,802570
606894,595951
606894,740470
606894,452110
606894,1043522
606894,479636
606894,485387
606894,634126
606905,19332
607002,792590
607022,229174
607022,498451
607022,429995
607022,397172
607131,404486
607258,338575
607258,417628
607276,1112044
607276,836805
607316,468933
607337,96691
607364,1064820
607364,495215
60737,383197
60737,997590
60737,389345
60737,1103415
607373,17293
607373,11254
607468,601231
60747,642471
607517,110802
607526,352315
607526,779220
607573,195360
607605,33728
607605,528270
607605,1153875
607616,368771
607690,329548
607777,279069
607777,578431
607777,13751
607777,1062222
607777,945575
607777,373722
607821,770982
607821,581106
607821,312956
607849,1065129
607873,8430
607876,1139928
607876,610418
607876,1033388
6079,684406
6079,290109
607983,424459
607983,845767
608131,186397
608149,497636
608149,357712
608149,90852
608157,502985
608157,426606
608175,610095
608190,18322
608219,746984
608221,544321
608221,158937
608298,672400
608298,629862
608309,218551
608309,334460
608311,290017
608311,1073449
608311,554382
608311,612716
608311,361317
608311,843335
608311,681330
608311,279216
608311,803946
608311,33605
608311,479851
608311,549259
608382,723183
608407,948308
608419,679644
608427,631807
608475,1110774
608498,1069520
608514,559943
608514,970073
608514,813220
608615,323611
608615,352716
608615,468550
608615,921171
608615,1123245
608615,1135613
608615,386402
608615,1072492
608615,469848
608615,386059
608615,1157060
608615,38519
608615,1041325
608620,750547
608620,675170
608620,813547
608620,989739
608689,963395
608689,155861
608691,16714
608722,818908
608753,767843
608753,918414
608857,42645
608857,903433
608865,152733
608865,500248
608885,1073209
60897,581228
609001,168402
609002,453340
609002,149832
609002,553700
609002,1123478
609002,830971
609002,257139
609002,30767
609002,832509
609002,323140
609002,815849
609002,916077
609002,577244
609002,1073716
609002,554382
609100,693828
609100,130966
609127,775108
609127,760867
609127,1040078
609127,354134
609163,1110321
609193,34367
609193,996211
609193,70663
609193,497290
609193,478648
609193,639972
609215,965954
609215,437435
609217,225679
609217,154407
609258,27781
609284,58825
609284,1005176
609284,1062651
609284,137518
609284,243865
609317,13166
609317,965613
609317,207430
609327,843392
609327,919158
609327,759428
609327,729488
609331,579222
60936,349955
60936,446978
60936,710863
60936,473682
609409,768636
609409,398293
609438,750667
609447,772795
609447,804899
609447,983019
609447,847352
609447,131053
609447,1118769
609447,376483
609447,984332
609447,216524
609447,207430
609447,1022024
609447,479851
609447,56973
609447,474244
609447,110055
609447,697260
609447,1103959
609447,762374
609447,977945
609447,779766
609517,129752
609517,338645
609517,904691
609529,94583
609592,939808
609688,474975
609800,936119
609800,57075
609800,196936
60981,852035
60981,853945
60981,265126
60981,528177
609855,302192
609855,504519
609871,1109032
609871,896431
609885,403787
609885,392984
609891,166340
609891,1093995
609891,600199
609891,1159868
609891,549991
609891,329021
609891,514225
609891,705180
609891,972754
609891,348957
609911,96152
609911,1140767
609911,959058
610016,386870
61008,1073209
61008,988574
61008,1046139
61008,1016719
61008,514292
610095,864154
610095,386827
610095,1033173
610095,988002
610095,479851
610095,94816
610095,272398
610095,688578
610095,370496
610095,805092
610095,243054
610095,843335
610095,642205
610095,771352
610095,386061
610095,206876
610095,609002
610095,159049
610095,873005
610095,370139
610095,772795
610095,554382
610095,801013
610095,290017
610100,686807
610100,617743
61024,1116866
61024,1073209
610289,291227
610289,559943
610289,43666
610310,469742
610314,347798
61036,77920
610366,58329
610366,109740
610366,729601
610366,324525
610366,334720
610366,880963
610401,348957
610401,666382
610404,554382
610404,92378
610404,504247
610404,992202
610404,679676
610408,486880
610418,843335
610418,946425
610418,1033388
610418,479851
610418,385406
610418,848909
610418,800390
610418,386827
610418,71357
610418,201784
610418,290017
610418,617794
610418,831585
610418,1044597
610418,1149853
610418,662331
610425,500149
610425,870689
610425,764742
610456,390308
610456,1044597
610456,186911
610456,989690
610456,1011282
610472,894761
610472,214953
610472,99578
610472,741195
610472,248170
610472,89111
61061,93269
610644,1031377
610700,386402
610700,685545
610700,69498
610700,730316
610700,1124707
610701,303001
610800,1085162
610800,520828
610800,496416
610800,768327
610800,958349
610856,557331
610856,1025136
610856,541110
610856,486549
610856,247261
610856,484004
610856,674510
610856,370139
610856,907094
610856,186393
610930,405034
610930,512766
610930,127830
61103,484797
61103,500570
61103,564710
61103,1078248
61103,570508
61103,596758
611044,969806
611044,546321
611059,432018
611059,748177
611078,812339
611088,124927
611088,911960
611140,932581
611140,333353
611168,212595
611194,577982
611194,544170
611230,433570
611252,1107964
611252,519106
611252,746984
611252,587687
611252,733399
611252,677142
611252,768279
611313,137237
611313,656343
611313,1040038
61137,577982
61137,204814
61137,673222
61137,1112044
61137,386402
611418,879246
611421,484797
611430,843335
611430,128614
611430,686054
611430,775330
611534,178001
611534,1083285
611534,580483
611534,1128905
611534,989178
611534,963395
611534,527685
611534,430773
611534,1126364
611534,911569
611566,614635
611602,1113539
611681,76669
611684,880297
611684,394244
611684,866814
611690,995141
611690,294295
611690,237540
611690,522474
611690,296451
611720,230177
611813,737560
611813,792597
611813,129507
611813,371862
611813,386402
611813,859372
611813,322804
611813,893546
611813,830747
611813,946975
611813,740245
611813,496840
611813,701313
611813,1006496
611813,42645
611813,432405
611813,988002
611813,685013
611813,811812
611813,878788
611813,699706
611813,1046252
611813,371727
611813,1064552
611813,858767
611813,642205
611813,671272
611824,95672
611848,490608
611848,1163986
611878,635030
611921,377012
611921,155675
611921,447339
611921,903622
611921,247261
611921,860965
611921,894829
611921,510339
611921,931489
611921,121715
611921,128578
611921,713379
611921,631817
611921,170416
611921,232088
611921,106786
611921,558867
611921,128972
611921,506361
611921,323980
611921,316099
611921,200685
611921,266656
611955,27781
611955,329407
611955,87447
611983,16668
611983,27781
611983,628816
611983,42181
611983,517553
611983,1120133
611983,442416
611983,452211
612063,995215
612063,547638
612063,923233
612063,890350
612066,1141526
612118,1061357
612118,892629
612210,536493
612237,642821
612237,372829
612237,408149
612237,353912
612237,1022175
612237,1143064
612237,785935
612265,1097990
612288,242813
612288,290662
612288,521568
612343,333359
612343,908071
612393,1143526
612393,866667
612393,229709
612393,723237
612393,131760
61241,714848
61241,685545
612482,77544
612482,1097173
612482,193769
612482,222620
612482,837373
612500,1096557
612500,19984
612500,1027039
612500,995696
612500,573765
612500,599392
612500,516370
612500,695091
612500,943564
612500,87402
612500,1095075
612500,479851
612500,15935
612500,386870
612500,977933
612500,837521
612500,290017
612500,706108
612500,29460
612500,116744
612500,798796
612500,531413
612500,408460
612500,452623
612500,819555
612500,796432
612517,1012096
612517,1011854
612517,892691
612517,624858
612517,337836
612517,792105
612517,226294
612517,842752
612553,210330
612553,953579
612553,516223
612716,554382
612716,216297
612716,479851
612716,1058559
612716,1019845
612716,877141
612716,386827
612716,771352
612716,290017
612716,559943
612716,726268
612716,380040
612716,1162063
612716,129878
612716,661350
612716,746824
612716,610095
612716,614836
612716,33605
612716,843335
612716,432170
612716,94381
612716,986975
612716,374476
612716,1096557
612716,848909
612716,803946
612716,775386
612716,1082884
612716,608311
612716,130966
612716,549182
612716,792590
612716,4179
612716,779999
612716,617496
612716,438946
612716,494241
612716,637101
612716,284673
612742,581110
612745,621913
612762,868734
612762,808094
612762,693875
612773,207552
612850,1112654
612850,425955
612871,284063
612871,137608
612871,610095
612871,1044678
612871,537330
612871,827580
612871,734157
612871,228504
612871,158937
612906,488194
61298,1018367
612999,312408
613000,200849
613000,597793
613027,75375
613027,148004
613069,96375
613069,113175
613069,70434
613069,681536
613105,514023
61316,176386
61316,810197
61316,1155078
61316,150316
61316,70774
613182,319180
613182,587775
613182,1044258
613214,50884
613214,566062
613214,585024
61325,559927
61325,858767
613436,223264
613436,967173
613436,493782
613436,847352
613439,1116429
613439,300589
613441,223581
613441,895269
613448,1004606
613448,469581
613448,1093995
613497,859940
613547,939962
613605,855798
613605,1101473
613667,1047302
613667,109927
613667,471407
613667,166732
613667,431397
613681,24459
613742,1108309
613746,479851
613746,843335
613749,1073965
613749,875887
613749,193419
613749,483048
613749,291758
613749,1005262
613749,213663
613749,1059392
613773,992034
613773,550645
613773,356784
613773,650218
613779,872724
613779,991231
613861,596541
613992,896342
613992,1155665
613994,488045
613994,843335
613994,448817
613994,246291
613994,834278
613994,386827
613994,776550
613994,197433
614003,404766
614025,139208
614025,228642
614041,271503
614041,369825
614123,76700
614123,879246
614123,647703
614123,82497
614123,1135014
614123,923805
614123,389395
614205,663220
614205,821701
614205,738437
614242,988769
614242,976970
614242,280499
61427,262260
61427,1137130
61427,480445
614279,254580
614279,57052
614279,627206
614279,631807
614279,103484
614279,921421
614291,932623
614291,747434
614291,638621
614291,460166
614292,269629
614292,475676
614345,465612
614414,1118769
614527,835005
614539,1118769
614539,1082418
614563,1073209
614563,481708
614563,871176
614635,568329
614653,105337
614653,297736
614653,406950
614653,135057
614653,576915
614653,295623
614653,39191
614653,1038441
614662,674510
614662,135499
614662,672794
614662,64686
614662,547869
614662,998703
614662,370139
614662,10143
614662,158638
614662,747313
614662,1003331
614667,975890
614667,658012
614667,1021380
614667,277432
614667,339379
614667,65216
614667,745418
614667,438888
614667,498258
614667,173145
61467,1102869
61467,725765
614684,1081159
614684,633684
614684,488099
614684,610289
614684,1161613
614684,552411
614733,45877
614766,1042381
614787,521045
614787,1047362
614787,769553
614787,876942
614787,883207
614789,738174
614789,541110
614789,493782
614789,89540
614812,1094415
614812,700262
614836,57310
614836,425955
614836,148557
614836,89361
614836,296598
614836,1103492
614836,554382
614836,1104353
614836,1047476
614910,23156
614910,530172
614922,774518
614922,661652
614922,1145538
614946,363378
615043,775108
615043,1078241
615043,396155
615043,1080006
615043,1044442
615043,870765
615074,863235
615074,513405
615074,121443
615074,253433
615074,593533
615074,300982
615074,407691
615074,127049
615074,321876
615074,676077
615074,1048851
615074,243054
615074,219599
615074,734829
615083,50595
615083,67759
615101,114333
615106,326125
615127,410843
615127,894460
615127,1080006
615127,797925
61516,351406
61516,890350
61516,559943
61516,768327
61517,1113410
61517,612871
61517,681330
61517,585250
61517,827580
615204,382915
615233,568350
615233,240350
615233,546228
615233,134503
615285,424210
615285,853826
6153,506361
6153,860965
6153,152488
6153,1063617
615304,24372
615304,201994
615304,957323
61531,670516
615391,204749
615391,620405
615391,986812
615410,461206
615410,908263
615410,1040541
615427,189789
615427,206510
615427,240350
615458,500248
615458,1021259
615458,630125
615458,319345
615458,821192
615491,469275
615519,1044597
615519,312408
615577,902319
615577,30767
615577,858767
615577,1166930
615577,697780
615577,386402
615577,195630
615577,685013
615577,1042627
615577,577982
615577,859372
615577,642205
615577,221271
615577,496840
615577,946975
615577,792932
615577,168402
615577,988002
615577,371862
615577,129507
615577,510313
615577,552796
615577,497636
615577,757305
615577,525393
615577,291909
615577,597284
615577,122862
615577,596625
615577,811812
615577,973615
615577,832051
615577,545843
615577,448852
615577,878788
615577,792597
615577,763932
615577,671272
615577,65677
615577,62512
615577,116446
615577,783300
615581,191726
615715,739579
615715,1166930
61577,558928
61577,1072292
615848,97813
615848,1147317
615886,228255
615886,64059
615886,913942
615886,1129195
615905,683124
615925,646049
615928,881946
615928,494899
615928,32683
615928,42989
615928,863209
615928,861543
615928,717628
615945,995249
6160,1066078
6160,1133106
616003,249582
616007,1112044
616036,177644
616039,76698
616039,846413
616039,1069884
616049,666163
616049,248989
616049,1095233
616049,608311
616049,750187
616049,357737
616049,9696
616049,72221
616104,23895
616104,701476
616104,47952
616104,716805
616104,626989
616104,707937
616104,628080
616104,407691
616104,969617
616104,577926
616104,1023113
616104,1062752
616104,675652
616104,360413
616107,964199
616107,986291
616208,604828
616208,193583
616208,137255
616280,955782
616321,610418
616321,992826
616321,223138
616323,627406
616323,893756
616323,408339
616323,730928
616323,883605
616323,602853
616323,944369
616323,195858
616323,661961
616323,949517
616325,386776
616325,321824
616362,543425
616362,1114806
616362,295612
616362,486763
616399,592674
616460,820219
616616,643830
616616,83632
616740,983019
616740,526871
616749,1122349
616749,473597
616915,166704
616920,213328
617156,192334
617186,109815
617186,1013424
617186,840714
617186,783146
617186,312710
617186,999365
617186,120915
617186,113407
617186,514841
617384,677142
617401,853945
617401,751100
617417,716458
617435,351766
617435,355330
617442,386402
617474,109139
617496,386827
617496,963133
617496,13751
617496,290017
617496,1062222
617496,651486
617496,479851
617496,735605
617496,335721
617496,771352
617562,646786
617581,871164
617581,1022250
617581,605516
617581,492448
617581,398690
617587,26124
6176,989345
6176,1107233
6176,280307
6176,84542
6176,813220
6176,422950
6176,676212
6176,166729
6176,958160
617724,300838
617724,112292
617724,77920
617743,686807
617743,744407
617743,811517
617784,9410
617784,957654
617794,332815
617794,409941
617794,459528
617794,610418
617794,604828
617851,1087846
617851,518429
617851,763204
617851,462477
617851,713215
617851,65095
617859,57052
617859,627206
617912,1063093
617912,1094790
617912,627206
617912,742134
617912,654048
617912,42038
617927,604113
6180,671025
6180,314834
618029,125478
618029,748501
618046,1073984
618046,370023
618048,1037681
618048,224532
618048,843172
618048,1012876
618048,728319
618048,581828
618048,419539
618048,105720
618048,609193
618048,639972
618048,478648
618048,107365
618048,268523
618176,1165963
618176,107150
618176,774824
618206,1082884
618206,94816
618206,771352
618206,386827
618206,554382
618206,479851
618291,556910
61843,720797
61843,646409
61843,476572
61843,217009
61843,395353
61843,1075636
61843,829375
61843,945230
61843,845608
61843,553466
61843,239866
618440,252653
618440,711046
618515,798280
618515,961163
61852,739364
61852,366644
61852,13166
61852,200849
61852,207430
61852,340901
61852,546242
61852,268305
61852,298232
61852,141113
61852,64678
61852,913537
61852,1068780
618601,667756
618601,1012331
618601,930278
618601,196474
618644,94816
618657,983438
618692,558946
618692,680981
618692,736211
618692,722303
618692,70248
618692,801429
618726,839532
618726,68736
61878,593104
61879,706189
618790,698085
618790,652811
618831,1040609
61884,1066350
618979,250223
618979,356784
618979,292099
618979,83795
618999,992668
6191,1152564
6191,1071636
6191,1107045
6191,517553
6191,400550
6191,528177
6191,789241
619136,899545
619136,81474
619136,95099
619174,993076
619174,238858
619174,1043522
619174,104439
619174,769432
619174,951226
619200,913942
619200,141465
619204,21381
619211,747313
619211,1025136
619290,699706
619290,830747
619290,728636
619290,1081173
619290,220155
619290,42645
61934,374795
61934,1117314
61934,744439
61934,15609
61934,203505
619425,725863
619426,700081
619426,1131189
619426,1073328
619426,916077
619426,884911
619426,997184
619426,353332
619533,1060562
619551,1056230
619575,960278
619575,290892
619575,994370
619575,989753
619575,695091
619575,777670
619588,1114765
619588,497374
619608,572147
619618,1068325
619618,882284
619665,596758
619665,61103
619665,500570
619665,1114153
619665,876759
619695,423653
619703,102122
619775,778288
619775,1061770
619775,629862
619778,1023964
619778,204645
619778,843335
619795,413397
619795,1126948
619795,565918
619795,1126364
619795,963944
61985,1104230
61985,905787
619896,459822
619896,324629
619896,755371
619917,775108
619949,101239
619949,509047
620063,1083825
620085,967513
620197,1155636
620197,697570
620232,329796
620233,853432
620321,192829
620349,1152865
620349,171402
620374,736329
620374,1155750
620374,290017
620374,652386
620374,751338
620374,779220
620374,559943
620374,1152554
620405,986812
620405,842469
620405,615391
620422,196474
620422,830433
62047,734157
620523,1133365
620551,322804
620551,149294
620551,830747
620551,1138804
620551,691221
620572,68633
620581,912174
620581,181066
620581,555661
620584,510801
620626,10143
620626,1154890
620626,557331
620626,781773
620626,1068040
620626,860965
620626,610856
620626,409611
620653,781814
620653,206014
620674,975890
620698,985294
620740,817405
620822,450452
620822,352741
620848,221321
620883,376483
620883,602883
620883,147729
620892,355420
620893,847845
620897,348924
620897,223935
620911,95099
620911,29460
620911,381334
620911,153619
62092,959451
62092,55642
62092,1027986
620949,442350
620992,874745
621034,1117007
621034,538978
621034,547381
621034,194437
621038,415120
621079,386776
621079,335867
621108,1039218
621108,1094415
621108,71357
621128,89540
621128,239083
621128,841016
621145,645379
621167,162159
621173,12643
621173,898958
621173,909498
621231,383615
621231,349984
621248,1050201
621248,144224
621248,1139891
621248,757135
621253,720569
621301,97514
621361,957130
621362,42645
621362,70868
621362,1057929
621385,864527
621398,1143216
621398,809072
621398,813962
621398,384422
621398,361965
621398,1057806
621402,535284
621419,706181
621419,1047719
621434,1062222
621434,386870
621434,1086501
621434,290017
621434,621434
621434,1027552
621473,737418
621473,333997
621473,804576
621473,269234
621475,70599
621499,137937
621499,827580
62152,559943
621526,1141622
621526,352656
621574,642713
621574,642975
621574,462476
621582,1046458
621582,884911
621582,993492
621582,97719
621604,875524
621604,465262
621604,818356
621604,777356
62166,559943
621696,235377
621696,624144
621702,15289
621702,337911
621702,1054634
621702,122723
621712,740245
621712,168402
621712,114983
621712,187827
621712,885102
621712,374050
621753,554087
621753,629862
621753,925199
621753,608298
621753,331184
621753,813389
621753,778288
62179,1016866
62179,743341
62179,428133
62179,656839
62179,390236
62179,574064
62179,1120342
62179,603354
62179,1089504
621889,1007621
621889,111211
621889,395353
621910,804262
621910,597617
621910,517296
621910,122338
621910,482987
621910,1166930
621915,953579
621915,604777
621915,168402
621933,1113852
622010,781852
622010,313716
622010,213501
622192,255629
622258,1123425
622258,1132461
622258,515689
622309,94816
622366,481935
622366,924784
622366,158118
622366,50256
622366,517521
622366,422121
622393,193583
622407,442822
622407,628248
622456,1090020
622456,798502
622456,307990
62246,1035671
62246,550645
62246,115181
622495,160885
622495,762725
622495,964520
622531,56973
622611,539161
622611,777345
622617,917861
622650,241412
62268,888368
62268,235861
62271,716726
62271,115181
62271,330506
622772,797886
622772,380353
622772,267123
622827,1078173
622866,324875
622869,805092
622869,884732
622869,959414
622869,57526
622869,1066674
622869,849023
622869,1073209
622869,960803
622869,671272
622869,382996
622931,386402
622931,577982
622931,671272
622931,1087424
622931,1112044
622994,665157
623020,719466
62306,997790
62306,968655
623151,1135674
623151,826316
623151,170398
623151,430273
623151,912853
623151,911960
623151,656343
623151,97229
623151,749045
623153,766739
623236,361035
623236,146053
623236,451078
623271,1117007
623271,690112
623271,1026121
623271,151265
623271,547381
623271,47116
623271,853194
623271,512568
623363,59543
623363,1088931
623363,797411
623363,440388
623363,765343
623363,681298
623363,108095
623363,445503
623363,79432
623363,1107554
623374,1079759
623374,903347
623471,409470
623481,50414
623485,879579
623485,616104
623485,295734
623539,1149506
623539,443354
623539,470144
623557,165023
623557,230430
623557,784003
623557,76577
623557,79977
623557,1031972
623609,179648
623609,1118769
623609,1013688
623609,334460
623609,1067225
623692,859940
623753,143239
623753,537656
623753,466412
623753,187827
623826,920968
623868,339379
623920,493122
623920,102790
623920,414265
624000,312408
624103,1150628
624131,253433
624144,140072
624144,621696
624199,119002
624199,157349
62420,390052
62420,782337
62420,824351
62420,679644
62420,1082884
62420,657376
62420,566452
62420,805092
62420,612343
62420,1032494
62420,1166930
624221,127945
624241,129192
624260,843335
624260,332684
624260,775108
624260,570067
624261,116617
624283,833443
624283,596578
624283,674734
624283,162055
624307,675170
624307,1003504
624327,980854
624327,435435
624327,679644
624327,537718
624327,1166930
624464,1035855
624464,1072436
624476,853975
624476,1003331
624476,866037
624476,688201
624476,938090
624476,1108200
624476,529405
624476,409611
624595,101775
624595,577982
624595,433235
624595,386402
624595,329407
624595,785530
624596,109334
624635,846351
624635,835546
624655,738370
62471,871334
62471,405535
62471,902450
62471,1077688
624728,73236
624728,804585
624728,53329
624728,27819
624751,422939
624798,729601
624798,273700
624837,486093
624837,22947
62484,690253
624858,24895
624858,168402
624858,445324
624858,346300
624858,671256
624858,1011854
624858,842752
624887,1033261
624887,420178
624892,504014
624895,418776
624895,1035677
625008,27999
625008,48072
625009,1151548
625009,4306
625041,399241
625085,346767
625085,1159426
625102,667934
62512,545843
62512,730928
62512,432405
62512,627406
62512,844122
62512,858767
62512,165647
62512,683554
62512,878788
62512,661652
62512,946975
62512,642205
62512,385059
62512,42645
62512,293900
62512,155417
62512,250559
62512,793940
625189,42645
625189,434418
625189,1021291
625189,122862
625189,1057929
625189,94026
62524,976956
625261,84025
625285,696929
625285,163282
625285,1095560
625285,135688
625285,114090
625308,152533
62537,577778
62537,1016239
62537,311965
625381,1038004
625381,562933
625381,961348
625401,114218
625401,916996
625401,938089
625452,1108358
625586,530168
625591,902152
625591,314834
625612,667878
625612,1014248
625612,716258
625612,594088
625612,851966
625646,532451
625670,1136943
625670,1583
625670,1122475
625670,384125
625670,574741
625670,962042
625670,1008714
625670,1040074
625670,688148
625670,785586
625670,818564
625670,1097633
62568,1008167
62568,950939
62568,724768
625697,464189
625697,1053400
625736,1099128
625736,393769
625736,517498
625742,135499
625742,650261
625823,98297
625823,1083323
625823,376483
625823,825985
625823,818696
625823,526871
625896,777356
625896,558946
625896,94024
625896,465262
625896,290820
625907,1047719
62592,464580
625932,764742
625932,133009
625932,500149
625959,386402
625959,1062222
625959,13751
625959,945575
625997,202327
625997,938599
626001,1036828
626001,997700
626001,178898
626001,543701
626001,610418
626013,582203
626059,256772
626059,81566
626059,390236
626059,760449
626059,465971
626059,785946
626059,100217
626059,746704
626059,685233
626059,747492
626059,403521
626059,168402
626106,248912
626106,909147
626106,454350
626106,843335
626106,479851
626106,645888
626106,534224
626182,812141
626189,729601
626189,1062222
626189,16816
626189,163981
626189,152052
626189,968336
626189,477781
626189,91436
626189,953265
626197,940114
626197,428526
626307,458609
626337,120614
626338,126545
626338,679955
626338,311995
626338,424541
626338,57526
626338,562922
626338,287217
626338,433363
626338,491391
626338,549728
626338,598098
626338,1045177
626338,524262
626338,1073209
626338,60685
626338,846413
626338,338407
626338,120334
626338,195173
626469,386870
626469,465316
626469,929510
626469,805092
626469,1125612
626469,565499
626469,115074
626469,771352
626488,508526
626488,65025
626488,1130342
626488,98864
626508,147679
626571,796832
626615,76669
626615,438653
626615,957530
626627,1134744
626627,844107
626627,754291
626627,649217
626650,856271
626653,286678
626653,534875
626653,465608
626653,906936
626653,984199
626653,501172
626674,948883
626694,256876
626694,403612
626694,673357
626694,918596
626694,232921
626694,512623
626694,26827
626694,685545
626694,1095233
626694,206822
626694,993650
626792,188400
626792,103600
626931,8430
626956,168402
626956,1007416
626989,577926
626989,707937
626989,1062752
626989,204931
626989,831441
626989,108875
626989,1023113
627102,763599
627102,412600
627133,386776
627133,8915
627133,1032696
627138,908123
627138,134856
627206,1000371
627206,640431
627206,1103415
627206,57052
627206,964849
627206,631807
627206,580205
627216,127945
627216,771352
627216,853657
627271,165189
627293,596158
627304,135799
627304,987136
627304,1086501
627304,804754
627336,852717
627336,879246
627389,205684
627389,1066078
627389,706907
627389,120691
627389,524544
627389,706586
627400,1136943
627400,1089176
627400,202387
627400,34052
627406,527102
627406,385059
627406,878788
627406,824598
627406,661652
627406,938824
627406,134763
627406,62512
627406,421430
627406,1043449
627406,638924
627406,602716
627406,973615
627406,328230
627406,505529
627406,841216
627406,793940
627406,843335
627406,63114
627406,519093
627406,410365
627406,408339
627406,730928
627406,216907
627406,250559
627406,526871
627406,330680
627406,195858
627406,798963
627406,456203
627406,207552
627406,616323
627406,52077
627406,559943
627406,1003539
627406,957822
627419,929103
627419,942802
62743,754135
627565,496379
627565,1020169
627565,778958
627565,664389
627565,129309
627565,700661
627565,452110
627565,228626
627565,1043522
627565,769432
627565,770589
627565,177048
627565,166893
627565,1060236
627565,1166385
627565,678199
627565,352877
627565,115468
627565,606894
627620,33143
627620,334720
627659,96375
627659,948671
627756,344494
627756,643183
627763,29187
627763,236295
627763,794278
627763,938057
627769,729121
627769,590771
627769,479851
627805,550295
627805,687676
627805,831372
627814,528579
627814,509543
627814,551683
627814,396445
627814,1037604
627814,413514
627822,892110
627838,290017
627838,1086501
627838,352991
627838,674768
627838,968336
627866,146011
627866,575444
627866,33270
627866,493819
627866,1109801
627997,1140499
627997,121148
627998,128916
627998,635635
628080,295734
628080,616104
628080,529543
628080,1023113
628080,707937
628080,266194
628080,314834
628126,539847
628244,634489
628248,764153
628248,849987
628248,235305
628248,312393
628248,633963
628248,719358
628248,231020
628248,75619
628248,83761
628263,683124
628263,87746
628263,692448
628263,796159
628321,1102681
628339,1039854
628349,860965
628355,1157751
628355,225663
628355,766948
628418,377802
628418,1054818
628495,1046363
628508,771352
628508,843335
628624,987072
628624,271563
628624,1153435
628651,658407
628651,571550
628651,1080414
628651,810161
628651,190656
628651,359140
628651,656385
628651,729112
628651,1074736
628654,280525
628654,457662
628654,274989
628654,220239
628654,305498
628654,1072048
628654,90982
628676,822819
628741,762520
62877,290017
62877,1081159
62877,1161613
628816,544162
628816,611983
628816,243626
628933,995581
628933,801098
628933,768040
628933,988151
628933,1087815
628933,1003847
628933,267916
628933,565514
628933,796353
628966,953579
628971,1012764
629000,650358
629009,662633
629009,942802
629009,981849
629009,10608
629009,471350
629009,1151285
629009,437763
629009,714046
629009,573326
629009,408346
629009,127714
629009,370281
629009,403099
629009,68093
629009,735770
629009,271282
629054,900981
629067,765510
629067,392102
629067,95099
629068,87676
629068,747405
629068,40464
629116,383098
629116,1043522
629116,606894
629116,161478
629116,951226
629116,664389
629116,488777
629116,238858
629116,70406
629128,923156
629131,262260
629131,480445
629131,21100
629185,991789
629185,899950
629185,244709
629288,360122
629288,662966
629288,325246
629304,626931
629306,297786
629327,363795
629327,372200
629327,252297
629327,445556
629403,603785
629403,109829
629403,998076
629403,812341
629452,853657
629459,798878
629459,679599
629459,775108
629586,1027761
629586,913202
629586,693828
629586,152379
629586,409941
629586,517553
629591,1073449
629591,33605
629591,657341
629591,843335
629591,975890
629591,792590
629701,910984
629701,811632
629701,688275
629701,1150452
629819,784141
629819,268856
629819,1094217
629819,657192
629819,781852
629819,210973
629862,608298
629862,553908
629862,6658
629862,554382
629862,770982
629862,581106
629862,778288
629862,94580
629950,661352
629950,216407
629950,481708
629950,573683
629950,557360
629950,226250
629952,435149
629952,320856
629966,638924
629966,604347
629966,82980
630039,667756
630039,930278
630076,574392
630125,284273
630125,387320
630125,988862
630125,368887
630125,412043
630128,269345
630153,835848
630153,406014
630153,588446
630185,362405
630185,377449
630185,225791
630212,1087539
630212,122723
630310,328230
630310,497374
630310,195858
630310,134763
630310,824598
630310,878858
630310,798963
630325,386870
630325,290017
630341,850200
630341,674776
630362,391039
630402,96375
63047,968849
63047,408477
63047,658012
63047,146221
63047,225679
63047,549259
63047,1124555
63047,766948
63047,758123
63047,498258
63047,575831
63047,39568
63047,975890
63047,437949
63047,677221
63047,1157751
63047,915076
63047,847352
63047,881520
63047,403743
63047,795689
63047,360740
63047,897168
630486,740699
630486,1033388
630486,97838
630486,479851
630486,74771
630486,386870
630486,617496
630486,290017
630486,402834
630486,386827
630486,244655
630578,1103415
630612,488194
630612,453810
630612,361334
630612,225978
630629,576801
630629,852441
630629,386605
630629,675513
630629,413938
630726,499026
630729,69634
630757,253637
630757,85797
630825,612716
630825,265741
630825,248481
630825,696216
630825,370006
630825,1042381
630825,848909
630825,554382
630825,1044597
630825,1053061
630825,168402
630825,422950
630825,1103131
630825,1096557
630825,197813
630825,683124
630825,843335
630825,92378
630825,737774
630825,984126
630825,312408
630825,980926
630825,949696
630825,429917
630825,479851
630825,1011282
630825,903347
630825,778267
630825,775108
630825,341556
630825,386870
630825,204645
630825,1065232
630825,559943
630825,803946
63084,948883
63084,626406
63084,843814
63084,40378
630907,1149506
630907,1082884
630907,157504
630907,631061
630907,300060
630907,995215
630942,86306
630942,1166930
630942,884911
631026,212257
631026,260732
631061,844875
631061,792590
631061,897873
631061,276775
631061,322419
631061,18463
631061,183509
631061,501160
631061,520828
631102,622691
631106,737030
631106,1082755
63114,527102
63114,2855
63114,786104
63114,627406
63114,661961
631193,16176
631223,119553
631223,236976
631223,66725
631223,801025
631223,1039854
631283,42645
631294,347283
631294,1006490
631327,534573
631327,575871
631339,514230
631339,529556
631339,593155
631386,846174
631406,262260
631406,36269
631406,480445
631406,925542
631406,1039305
631406,1086583
631431,451010
631431,239083
631456,809141
631456,657074
631480,693828
631480,517553
631492,517553
631492,693828
631541,543319
631642,233580
631642,196721
631642,312817
631642,980497
631642,77392
631642,1006056
63166,663384
631701,900530
631701,26261
63173,774218
63175,762041
63175,48070
631776,399108
631776,908417
631785,137719
631785,950155
631785,782073
631785,772795
63180,931135
63180,828798
63180,801998
631807,397069
631807,1135841
631807,206876
631807,1065120
631807,967426
631807,575439
631807,1033173
631807,470269
631807,230430
631817,971765
631817,611921
631817,860965
631883,1074700
631899,1040078
631899,275179
631906,364430
631906,722734
631906,223161
631906,26005
631906,843103
631906,104295
631906,471894
631906,549259
631906,240402
631906,349984
63193,501005
63193,265217
63193,303544
63193,3205
63193,1113736
63193,46545
631952,784642
631962,882253
632003,759778
632003,959013
632095,949215
632095,180937
632095,472218
632095,413397
632095,1126948
632286,973522
632286,958375
632286,1012876
632286,563004
632286,413021
632286,1103415
632286,78251
632286,827193
63229,982921
63229,586852
63229,838987
632320,853945
632320,458523
632320,577982
632320,31840
632361,875213
632361,282194
632361,204814
632361,303705
632398,695456
632398,184986
632398,125915
632398,1026304
632458,934094
632458,168815
632480,559943
632480,848909
632480,1034375
632480,843335
632541,895603
632541,745790
632541,160928
632541,217880
632572,314614
632572,975890
632635,163473
63264,126387
63264,222814
63264,852140
63264,300682
63264,520971
632677,781852
632677,351028
632677,193419
632690,49101
632690,531413
632690,290017
632701,233288
632701,549885
632746,276770
632746,175501
632758,40093
632758,964277
632799,61103
632957,604833
633033,135216
633097,1133106
633097,1139344
633097,285466
633098,544806
633118,864400
633211,96757
633211,178436
633295,238307
633360,32500
633360,303243
63340,96375
633404,289641
633404,1012848
633455,1045861
633455,630907
633455,68633
633455,723429
633504,1729
633504,68985
633594,653185
633594,1162750
633605,734157
633605,637082
633605,932581
633612,677812
633612,79091
633612,190691
633612,305374
633612,77173
633612,963149
633626,489129
633626,566369
633626,774218
633626,136707
633626,96375
633651,1044498
633651,766948
633667,291857
633674,905198
633684,1832
633684,193583
633684,1161613
633714,375112
633714,160453
633823,84285
633823,934513
633823,859214
633823,959546
633823,453254
633823,122676
633823,1031377
633823,377196
633911,687676
633911,441637
633911,550295
633911,1049865
633933,633605
633933,647233
633933,734157
633933,932581
633963,290017
633963,769776
633963,302306
633963,988002
633963,371022
633963,764153
633963,440478
633963,483361
633963,1062836
633963,610095
633963,785477
633963,386827
633963,849987
633963,719358
633963,663679
633963,198620
633963,48044
633963,573300
633963,628248
633963,609002
633963,815697
633963,792590
633987,9696
634020,228041
634020,395186
634020,190691
634029,932581
634029,576575
634029,734157
63407,1004862
63407,1022005
63407,1131841
63407,952170
63407,599895
634126,163371
634126,500290
634126,731273
634126,500503
634126,1064798
634126,70406
634126,496379
634126,1008439
634126,606894
634126,536096
634126,129309
634126,646888
634126,942996
634126,219003
634126,328823
634126,511636
634126,995042
634126,465298
634126,770589
634126,953278
634126,358367
634126,176049
634126,1032500
634126,258247
634126,1158903
634126,490873
634210,177552
634210,384036
634219,393870
634219,869495
634219,878859
634231,386776
634231,1087804
634247,924981
634253,255242
634254,84025
634276,700762
634285,567181
634319,1017256
634319,750108
634319,668368
634319,962058
634355,48522
634355,932109
634355,218075
634355,302051
634378,69594
634378,492448
634378,357059
634378,736011
634378,605516
634409,1069483
634409,481883
634489,628244
634489,1165523
634489,1108534
634489,517553
634504,117446
634504,670378
634504,441026
634504,1139315
634504,877656
634517,772795
634517,249259
634517,655234
634517,983019
634618,72761
634618,834917
634618,1070311
63464,1135048
634645,23943
634677,403787
634694,772795
634694,103032
634694,56973
634694,1116789
634732,380040
634732,159816
634878,336854
634878,135736
635003,28521
635003,841370
635003,986619
635003,165264
635003,1013623
635003,320989
635030,1112044
635030,194173
635030,671272
635030,386402
635030,842282
635030,400773
635030,433235
635045,320318
635045,339530
635071,483432
635071,590272
635071,777670
635071,695091
635071,834845
635071,76718
635071,1125612
635071,287234
635071,878829
635071,1005604
635071,806143
635071,540055
635071,488124
635071,485702
635078,131339
635078,357775
635078,419646
63508,667301
63508,32032
635091,813080
635091,199243
635173,843335
635173,853432
635173,26154
635173,292793
635173,157758
635173,527889
635173,822207
635173,2646
635173,421430
635173,207552
635173,415015
635228,426190
635228,848588
635228,148419
635228,168402
635228,960388
635228,147729
635228,521461
635228,216425
635228,901914
635330,167847
635330,642381
635333,101563
635478,871368
635511,490981
635511,587939
635511,97984
635511,551320
635511,63696
635511,659499
635511,906819
635511,555932
635511,49373
635523,20801
635552,120228
635552,489129
63558,1079957
63558,922233
63558,881021
635635,627998
635635,1129256
635661,1148448
635701,1153435
635701,1017717
635701,512430
635701,1106643
635701,207880
635701,70827
635701,921608
635701,582924
635701,823687
635701,77069
635705,257336
635705,787432
635742,373360
635767,657074
635767,739312
635794,876721
635794,1151548
635794,790837
635794,4306
635808,948041
635808,1147648
635808,181110
635834,688056
635834,668368
635834,560052
63587,964849
63587,57052
635906,68093
636003,984194
636003,363698
636003,998866
636003,1041674
636003,633909
636025,1010858
636025,994171
636025,766940
636025,944834
636056,388960
636125,776529
636130,644109
636188,949322
636188,476652
636255,310147
636255,681254
636255,234399
636255,228757
636255,106566
63628,1003859
636347,497552
636374,720775
636387,304843
636393,816872
636393,549457
636443,181964
636520,593352
636520,700852
636520,733930
636520,267594
63658,236974
63658,450085
636686,354068
636688,684753
636707,82497
636726,890623
636726,247162
636726,1096805
63681,538891
63681,335205
63689,9696
63689,735727
636928,58973
636928,452050
63696,674861
63696,244709
63696,197750
63696,635511
63696,491150
63696,1122844
63696,984704
636989,927581
6370,310376
6370,416280
637012,103032
637012,772795
637019,800408
637019,104957
637019,303551
637019,775970
637019,1008920
637019,97351
637019,445430
637019,782172
637019,440478
637022,57601
637023,1139312
637066,954707
637066,167027
637082,633605
637082,68035
637082,932581
637082,793437
637082,734157
637087,844385
637089,732820
637101,554382
637101,750472
637101,1134946
637101,255014
637101,296553
637101,33605
637101,1002058
637130,1002584
637130,976956
637130,747765
637188,67110
637188,160885
637221,160831
637221,415333
637221,554153
637224,450575
637224,331767
63724,325940
637272,840482
637272,229974
637337,496728
637337,160237
637341,4070
637341,71755
63735,433139
63735,151444
63735,370671
637359,141696
637359,841016
637359,333962
637359,239083
637437,785557
637437,740362
637466,397957
637483,312408
637493,479851
637493,549182
637493,349853
637493,224973
637493,671579
637493,501005
637493,257336
637493,774665
637493,46545
637493,994621
637493,721555
637493,242001
6375,426647
6375,1035142
637501,890005
637501,313323
637501,69748
637501,312468
637544,8850
637544,90691
637544,1163139
637656,13281
637656,119202
637666,137957
637666,687743
637666,300161
637702,1107554
63780,497636
63780,720465
63780,386402
63780,671272
63780,889585
63780,642205
637814,458523
637905,432170
637905,966855
637905,612716
637905,374476
637984,650593
638049,1089176
638051,350188
638104,365932
638104,199094
638104,228676
638104,338575
638104,672006
638104,332387
638104,833358
638133,246783
638198,801373
638198,1110434
638198,897942
638198,1143094
638251,998076
638265,91112
638265,987136
638265,631807
638276,975890
638276,135688
638276,559943
638276,47185
638276,464041
638276,962058
638276,135499
638276,1095560
638369,488194
638369,361334
638390,1027986
638390,918755
638421,559943
638421,818458
638426,676361
638426,1128451
638426,1084569
638426,677090
638488,348957
638663,552805
638663,668368
638791,535731
638846,491823
638846,683124
638846,554382
638924,42521
638924,627406
638924,708378
638924,1109717
638924,526871
638924,488368
638924,1140768
638924,465262
638924,471409
638924,785446
638924,765500
638924,1055760
638924,39328
638924,809139
638924,750072
638924,1113286
638924,723183
638924,1082418
638924,680183
638924,559943
638924,386776
638924,843335
638993,357075
63901,16092
63901,831124
63901,646893
63903,843788
639071,29460
639071,360229
63909,244934
63909,33605
639125,593733
639125,852035
639125,761101
639125,340908
639125,1112794
63935,695422
63935,19984
63935,1005176
63935,222620
63935,137518
63935,612500
639364,1128251
639364,774218
639364,66230
639427,128752
639427,411589
639427,312710
639427,109815
639427,999365
639427,802718
63943,764084
639458,852140
639458,1104990
639472,731896
639472,1155760
639493,912853
639493,1135674
639493,758655
639555,870556
639555,1147617
639555,486093
639555,1073930
639555,274989
639555,550195
639555,509793
639555,248912
639583,959721
639607,418440
63967,955467
63967,1093806
63967,779415
639694,945347
639694,1105230
639783,785946
639783,726782
639783,249474
639783,610689
639783,181339
639783,1108792
639783,189150
639783,687614
639783,740362
639783,248109
639783,468430
639790,545335
639790,639790
639790,1163786
639790,129305
639790,80736
639790,510928
639790,1119347
639790,893675
639797,411589
639797,440162
639972,106457
639972,478648
639972,581828
639972,609193
639972,1103415
639972,224532
639972,1012876
640000,207385
640000,542023
640006,224472
640006,956530
640006,1047362
640006,60182
640006,912938
640007,917855
640017,953113
640021,792491
640021,559943
640021,1002059
640021,640463
640021,239718
640021,1136464
640021,60026
640021,683124
640021,676231
640021,758230
640021,1021543
640058,178288
640058,257890
640067,363391
640099,402834
640099,510307
640099,1137367
640099,721174
640099,377817
640099,488926
640099,498296
640099,1112044
640105,211622
640105,757135
640105,1050201
640188,1139368
640188,764238
640188,815520
640202,1151548
640202,1006804
640202,698780
640290,522733
640290,553036
640296,771352
640296,848909
640296,197447
640296,391605
640296,792590
640296,843335
640296,52774
640296,559943
640296,316702
640296,247868
640431,627206
640431,964849
640431,22784
640431,96275
64045,886073
64045,384663
64045,663928
640463,60026
640463,640021
640463,1021543
640463,646938
640463,758230
640463,775108
640463,559943
640463,1002059
64054,1066674
64054,300299
64054,723983
64054,139748
64054,458637
64054,339404
64054,868350
64054,491391
64054,846413
64054,626338
64054,1073209
64054,785852
64054,1143293
64054,126545
64059,228255
64059,1129195
640628,762374
640628,8683
640629,329027
640629,734817
64065,47089
640765,923007
640765,90982
640765,1010526
640765,436680
640765,666164
640765,824685
640765,277216
640765,220239
640765,762153
640765,338575
640765,214894
640765,910984
640765,578841
640765,700540
640765,606
640765,957056
640765,475271
640765,589131
640765,1091651
640765,275433
640765,628654
640765,1025884
640765,274989
640765,421148
640765,878090
640765,397486
640765,287953
640765,731667
640765,983510
640803,685545
640803,573479
640803,1112834
640803,432234
640844,339379
640844,560882
640846,750072
640846,152099
640846,67758
640846,723183
640846,859651
640846,488368
640846,769448
640846,785446
640846,765500
640846,423805
640846,809139
640994,843532
640994,257296
641046,100222
641065,771251
641065,386827
641095,861777
641098,345794
641098,1054246
641098,688578
641098,89540
641098,36337
641098,800572
641098,653610
641098,216223
641157,1011282
641157,610456
641157,524374
641157,646481
641157,726268
641157,567555
641157,255404
641157,514497
641157,186911
64121,890620
64121,745703
641281,833451
641306,6037
641306,1109175
641306,107589
641306,278795
641333,735779
641363,874604
641363,922589
641363,105796
641377,567692
641377,1011222
641377,870765
641377,95344
641382,488642
641382,322057
641382,1062222
641399,543319
641510,1055614
641520,1113227
641520,409887
641521,94682
641521,45142
641540,743396
641540,987538
641540,511386
641540,912882
641621,213174
641621,159229
641626,192823
641648,809141
641687,134566
641734,577389
641734,926410
641770,386402
64179,642283
64179,775108
64179,843569
641855,628248
641900,484004
64197,1037580
64197,725387
64197,997360
641981,905564
641981,342127
641981,324525
641981,880963
641981,906329
641981,334720
641981,274989
64203,310025
64203,80530
64203,856776
64203,604397
642082,481708
642082,60685
642082,1073209
642082,311995
642140,94971
64217,937952
642184,648532
642184,448215
642184,172223
642184,873983
642205,343876
642205,62512
642205,988002
642205,30767
642205,899730
642205,730928
642205,559943
642205,699706
642205,386402
642205,262520
642205,168402
642205,529586
642205,497636
642205,685013
642205,878788
642205,386827
642205,610095
642205,432405
642205,848909
642205,858767
642205,671272
642205,757305
642205,122862
642205,559927
642205,859372
642205,811812
642205,946975
642205,1152915
642205,42645
642205,615577
642205,371862
642205,792932
642205,436384
642205,1163139
642235,570918
642238,887374
642273,808792
642283,151444
642283,274989
642283,114791
642283,64531
642283,433139
642283,775108
642336,679994
642336,643923
642336,287071
642381,89966
642381,797800
642420,884911
642420,54972
642435,15691
642435,386870
642435,1144557
642471,1082418
642471,60747
642471,1103745
642471,1118769
642498,1122815
642498,1062222
6425,718360
6425,1016305
6425,300651
6425,219402
6425,396815
6425,1069760
6425,968306
6425,248989
6425,67970
642512,373694
642512,74771
642512,491570
642512,820169
642512,1155008
642512,290017
642512,375447
642547,860965
642547,976522
642547,580400
642547,437035
642553,346296
642587,103685
642587,1161613
642587,847352
642587,65216
642587,506165
642587,1153435
642636,89540
642713,462476
642713,621574
642713,1111368
642759,427520
642759,700163
642759,708581
642759,304992
642759,16974
642759,1151726
642790,642821
642821,353912
642831,450433
642831,327762
642831,357059
642859,923156
642859,1093431
642886,785682
642919,8915
642919,386776
642955,749482
642955,165651
642955,1133793
642955,89972
642955,807443
642955,462817
642955,1081570
642955,210973
642955,337585
642961,989390
642961,197265
642961,660669
642961,782337
642967,339945
642967,1155403
642975,621574
642975,900530
642995,48448
642995,461370
642995,289817
642995,1111400
643105,205490
643171,168402
643171,101442
643181,877030
643181,576039
643183,830433
643183,485598
643183,445320
643183,655234
643183,1112044
643183,478340
643183,888785
643183,709613
643184,345508
643194,871737
643194,805092
643194,538891
643194,128636
643194,1165416
643194,827574
643194,577982
643194,123588
643194,216356
643194,162580
643201,601231
643201,921580
643201,269072
643201,724636
643215,792590
643215,173431
643215,669235
643259,1050922
643259,654177
643259,457232
643259,452623
643259,465316
643259,483432
643259,554382
643259,943564
643264,897543
643264,382147
643264,945325
643318,926410
643351,497636
643351,709116
643351,194173
643393,577982
643393,386402
643405,602422
643405,114090
643405,701174
643405,570508
643405,47185
643459,687818
643490,911960
643501,315607
643501,173814
643501,903396
643593,386077
643593,666707
643593,781508
643593,1102943
643593,412043
643698,1057145
643698,105000
643698,361398
643722,319445
643722,114090
643767,724767
643830,701174
643830,1114153
643830,737236
643830,193216
643830,836833
643830,114090
643830,1078248
643830,484797
643830,374563
64385,693828
64385,982222
64385,707105
64385,1165523
64385,170835
64385,129921
64385,202813
64385,889021
64385,1089707
64385,277211
64385,364999
64385,528177
64385,897324
64385,517553
64385,130966
64385,500733
64385,949364
64385,448646
64385,1149283
64385,829569
64385,507376
64385,870131
643874,768673
643874,73173
64390,114384
64390,354842
643912,154392
643912,257336
643923,433139
643923,151444
643923,240692
643923,143168
643923,287071
643923,32006
643923,90786
643923,10143
643923,345348
643923,906113
643923,152733
643923,438783
643923,945526
643976,449283
643976,936437
643976,230722
644040,916926
644040,180029
644046,202239
644047,478977
644047,748649
644137,256709
644147,584381
644147,1013040
644147,107133
644174,334702
644174,96152
644196,871296
644219,77069
644219,207552
644251,1036234
644251,146129
644312,923365
644312,948375
644339,888624
64442,46545
64442,1113736
64442,848547
64442,230347
64442,91601
64442,303544
64442,334100
64442,1031935
644464,391988
644464,685893
64454,554394
64454,1133682
64454,1043395
64455,374563
64455,47185
64455,114090
64455,528508
64455,298268
644562,266534
644562,734157
644562,68035
644590,369922
644721,382968
644721,847352
644751,870556
644880,1003859
644880,817237
644900,397957
645041,645041
645041,701174
645041,1059635
645041,329327
645041,759667
645041,89682
645041,538891
645041,836833
645049,151000
645107,274989
645132,1153710
645132,1021320
645143,814985
645143,343782
645146,559943
645146,253891
645175,295623
645175,286842
645175,135057
64531,397486
64531,277216
64531,1093167
64531,433139
64531,824685
64531,475271
64531,368562
64531,263937
64531,921608
64531,606
64531,1029404
64531,220239
64531,1107964
64531,95553
64531,274989
64531,786094
64531,189347
64531,352631
64531,1040078
64531,338575
64531,300586
64531,775108
645338,1083017
645338,272398
645338,72807
645338,206001
645379,999419
645379,610289
645379,692448
645379,43666
645435,495431
645481,942551
645481,1039414
645481,635030
645529,1125166
645529,772795
645529,117201
645529,1072492
645529,9092
645529,142668
645529,78698
645529,963674
645529,870873
645537,1032729
645554,586975
645554,982126
64570,328504
64570,1073930
645864,95099
645864,879246
645864,7203
645872,1129978
645888,93972
645888,362815
645888,559943
645888,665157
645888,734142
645888,204645
645888,145908
645888,554382
645903,194083
645953,242001
645953,224973
646012,486093
646012,262906
646028,375085
646059,227315
646059,773799
646059,168402
646059,529543
646059,707937
6461,387364
646152,506626
64617,1162731
64617,240350
64617,288230
646195,369135
646195,256714
646195,1103415
646195,592169
646195,574968
646195,671698
646238,204814
646238,190607
646238,766464
646238,146884
646238,890713
646238,1033230
646238,684660
646238,782613
646238,877858
646238,202327
646238,938599
646238,463258
646238,157822
646238,292579
646238,549783
646238,239088
646238,451830
646409,61843
646409,97741
646436,1028175
646436,910043
646481,247205
646481,695365
646481,605588
646481,34776
646481,514497
646481,674086
646481,659486
646481,329680
646481,380249
646481,367257
646481,891279
646481,848909
646481,295586
646481,660427
646481,588431
646481,524374
646481,287938
646481,290017
646481,683124
646481,166985
646481,652464
646481,989690
646481,707836
646481,1044597
646481,369922
646481,955652
646481,559943
646481,1121081
646481,461314
646489,1154200
646489,353259
646522,359416
646522,1152554
646522,946033
646536,602781
646536,553526
646576,922874
646576,934535
646576,237540
646576,461077
646576,1114638
646576,909773
646576,364145
646600,253433
646600,863235
646600,513405
646600,127049
646634,322718
646634,187729
646635,159672
646635,416989
646635,274374
646635,522474
64666,597466
64666,273700
646728,1016026
646728,386147
646728,88456
646728,482987
646728,690627
64678,13166
64678,457743
64678,207430
646783,663228
646786,863244
646786,565348
646786,723554
646842,750187
646842,9696
646858,441931
64686,614662
64686,10143
646888,219003
646888,606894
646888,104439
646888,490873
646888,735771
646893,63901
646893,73622
646893,1126948
646893,1126364
64693,395678
64693,958903
646938,640463
646938,758230
646981,210886
647020,1089343
647088,754355
647088,762374
647088,380338
647088,855798
647141,1027633
647141,46545
647141,483237
647141,1046363
64716,1051270
64716,245775
647202,863421
647202,732753
647202,442343
647202,193120
647202,1040038
647202,249665
647202,874006
647202,1123719
647233,932581
647233,272346
647233,266534
647233,525476
647233,837199
647233,734157
647233,490771
647233,108563
647233,811027
647270,172223
647270,648532
647270,873983
647270,210365
647331,50952
647331,441026
647332,647627
647332,1042069
64741,920968
647523,164847
647523,405385
647595,1104990
647595,852140
647616,825272
647624,155861
647624,376368
647624,11676
647624,580539
647624,1020285
647624,177384
647624,525796
647624,1131051
647627,222814
647627,1138445
647627,320337
647627,206316
647627,1130903
647627,687813
647627,1073572
647627,268237
647627,115000
647662,14094
647662,408231
647671,529648
647671,771352
647671,712770
647671,117201
647671,1028762
647671,936575
647671,542305
647671,66155
647671,772795
647671,762374
647703,651613
647703,191934
647703,33605
647703,479851
647703,843335
647703,879246
647703,1130396
647703,528177
647703,339892
647703,389395
647703,614123
647703,82497
647703,290017
647703,246370
647703,95099
647703,923805
647703,1092957
647703,604828
647703,29460
647703,484941
647703,679966
647703,1098437
647703,271544
647762,1134235
647797,1016091
647837,245660
647837,468729
647837,83167
647837,121095
647845,1161194
647845,369922
647860,1073328
647860,456250
647860,884911
647860,893887
647860,435435
647860,431075
647860,1057844
647885,238892
647885,479851
647885,94816
647885,386827
647886,427224
647916,919715
647916,1040441
647916,582417
647925,184788
647925,798539
647961,793241
647961,386175
647961,246900
647961,242496
647961,160885
647961,1066055
647993,928907
648064,975890
648159,262906
648159,483620
648159,486093
648161,987413
648161,747313
648169,479851
648169,33605
648178,716805
648178,628080
648178,1023113
648178,503316
648178,626989
648178,898618
648178,1062752
648200,679599
648311,225791
648311,494468
648311,540690
648382,1025260
648495,526252
648521,815697
648532,448215
648532,549360
648532,647270
648532,873983
648532,769846
648532,172223
648532,842449
648532,1052450
648561,1070892
648674,359123
648720,1000371
648739,338575
648739,417628
648811,426769
648833,554382
648833,1123227
648855,738334
648855,1138839
648855,441848
648855,960189
648855,933469
648855,180568
648855,468404
648952,82256
64897,921560
648970,1117389
648981,148776
648981,58329
648981,729601
648981,243054
649015,743391
649087,762374
649087,529648
649104,220831
649104,430088
649104,1057259
649123,488368
649123,638924
649123,471409
64918,1063410
649184,51842
649184,1073209
649184,793340
649184,1066674
649184,481708
649184,959414
649184,126545
649217,626627
649217,1134744
649217,844107
649217,754291
649251,177130
649251,332140
649251,441637
649251,1049865
649258,425441
649258,269072
649258,848786
649316,747405
649333,736329
649333,779220
649333,359416
649386,817822
64942,145908
64942,438653
64942,96152
64942,76669
64942,957530
64942,846146
649431,685545
649443,1151613
649443,183969
649443,1010497
649443,549401
649443,744097
649443,393539
649443,970472
649443,54972
649443,531333
649443,1086583
649443,567622
649443,320752
649443,689999
649443,480445
649443,1053411
649443,920706
649443,1166930
649527,959264
649527,640628
649527,224447
649555,22569
649555,953937
649643,424866
649643,186532
649643,280679
649728,795667
649728,244934
649856,930780
649856,421406
649856,507091
649856,17724
649856,43636
649891,782073
649914,1093877
649914,829854
649914,295734
649914,1032052
649969,1033445
649969,170837
64999,1010872
64999,526696
64999,303748
64999,1155690
649994,230202
65,663234
65,581411
65,955010
65,473355
65,853194
650006,930780
650006,713570
650098,738437
650215,673308
650215,1063405
650218,953356
650218,28019
650218,65853
650218,859498
650218,992034
650218,139840
650218,82657
650218,613773
650218,945408
650218,356784
650243,405470
65025,1130342
65025,98864
65025,626488
65025,508526
650257,601309
650261,370139
650261,349668
650261,884911
650261,907094
650261,962163
650261,718506
650261,593533
650261,625742
650261,165837
650309,486351
650336,154407
650425,866814
650482,508061
650488,730233
650531,429700
650531,1031322
650552,975224
650552,1073796
650552,169360
650552,178147
650552,610095
650552,30767
650552,510313
650593,260549
650593,637984
650593,800633
650599,572757
650599,527102
650599,777424
650599,182682
650740,71567
650740,550982
650755,661652
650780,870765
650780,662331
650780,1158858
650793,1059475
650838,800633
650845,613441
650845,758655
650845,468404
650845,532767
650845,933469
65085,202394
650874,306031
650874,114983
650874,247332
650903,26154
650903,78426
650909,42645
650942,1154601
650942,588245
65095,585648
65095,553450
65095,1028138
65095,1162850
65095,763204
65095,1113599
65095,518429
65095,693735
651010,830747
651010,531602
651010,691221
651010,70868
651010,1057929
651013,437709
651043,1107900
651043,380733
651043,668368
651043,962357
651043,233130
651043,549728
651043,297954
651043,296472
651043,534382
651043,1101615
651051,957056
651056,731441
651056,1062222
651132,355827
651145,939439
651145,1130396
651145,957825
651145,911237
651161,949554
651161,349268
651161,408736
651161,685362
651161,677221
651204,271270
651204,494412
651204,332683
651204,76997
651222,772795
651268,539505
651268,988899
651268,473571
651268,489666
651291,71567
651291,684865
651291,550982
651355,343981
651355,651355
651355,721455
651355,1099189
651361,441963
651361,263557
651361,658012
651361,1036567
651361,223400
651361,268099
651380,768220
65147,414508
651486,554382
651486,1107233
651486,479851
651486,692448
651486,386827
651486,843335
651486,856776
651486,617496
651486,1076079
651486,1081159
651486,771352
651486,819555
65154,1079696
65154,433139
65154,775108
65154,677142
65154,665571
65154,847373
65154,60154
65154,1107964
65154,663025
651550,943967
651550,880297
651550,384846
651550,147852
651575,1166930
651575,480445
651575,527501
651575,148491
651575,1086583
651575,1158254
651575,1091699
651575,435435
651575,262260
651613,281369
651613,304843
651613,726741
651613,246370
651613,1149283
651613,604828
651613,101711
651613,509635
651613,409941
651613,441195
651613,970969
651613,372159
651613,820169
651613,94744
651613,852717
651613,771352
651613,679500
651613,1144886
651733,392874
651734,479851
651788,830747
651788,787287
651795,554382
651795,843335
651909,295362
651909,106854
651946,450290
651984,959092
652019,360932
652019,713
652019,697260
652049,159676
652049,35750
652049,848019
652061,292238
652061,247261
652061,587976
652061,610856
652086,77710
652086,400450
652086,1097527
652086,165718
652086,50398
652086,575831
652145,1157868
652157,599604
65216,642587
65216,1153435
65216,65216
65216,524003
65216,489681
65216,211965
65216,1100121
65216,276770
65216,984180
65216,174567
65216,512280
65216,912414
65216,795689
65216,444179
65216,929701
65216,277432
65216,704681
65216,614667
65216,763934
65216,803946
65216,975890
65216,893060
65216,175501
65216,602541
65216,543901
652179,1033388
652221,54703
652221,282455
652221,596578
652265,455803
652265,267586
652265,940079
652265,521568
652265,465644
652265,591191
652265,676526
652265,197653
652265,711842
652265,560290
652267,580690
652267,82093
652281,108269
652281,531537
652281,528177
652281,555488
652281,1089707
652281,27781
652281,520914
652281,255882
652289,159959
652289,277693
652289,1700
652305,1166930
652314,181964
652377,744117
652377,77069
652377,893833
652386,779220
652386,863951
652386,498212
652386,1155750
652386,620374
652386,1152554
652402,270052
652430,285758
652436,817892
652436,559943
652442,257890
652442,1051146
652464,788615
652464,989690
652464,186911
652464,605588
652464,705766
652464,779999
652464,821498
652464,859940
652464,367257
652464,1161613
652464,693057
652464,1147088
652464,646481
652464,1044597
652464,809897
652464,183358
652464,467205
652464,554382
652464,524374
652493,102093
652513,467157
652513,499439
652513,130966
652522,1006496
652570,987538
652571,864400
652571,962058
652571,90040
652594,1052865
652654,990403
652697,982139
652701,386776
65271,210330
652723,894658
652723,697260
652723,1042445
652723,871287
652736,231020
652736,381139
652755,882022
652755,359603
652794,162253
652811,618790
652811,698085
652829,435670
652931,758733
652943,609002
65316,530187
653185,600168
653185,38679
653185,109815
653185,254874
653185,585930
653185,1031538
653332,289894
653332,559943
653332,1082884
653332,112292
653332,803946
653332,1007999
653332,77920
653332,843335
653332,290017
653332,123303
653340,520399
65338,1122475
65338,574741
65338,818564
65338,807235
653387,350430
653387,98828
653387,317757
653538,1056855
65360,159768
65360,573012
65360,1151329
65360,165675
653602,1149506
653607,90678
653607,186393
653607,610856
653607,189823
653607,983682
653610,239083
653610,216223
653610,1115765
653610,493782
653610,955467
653610,180880
653610,841016
653641,427997
653641,214834
653665,479851
653746,766948
653746,1156845
653815,392020
653815,16668
653904,576801
653987,71567
653987,447916
653987,720158
653987,684865
654014,1002762
654048,559943
654048,196072
654048,10143
654048,973763
654048,1034375
654048,369938
654048,1096036
654048,431596
654048,135499
654065,169120
654065,650218
654065,724636
654065,12172
654065,559646
654065,1063405
654065,800044
654065,414090
654065,736004
654065,945408
654065,550645
654065,139840
654065,28019
654071,881560
654071,549169
654071,207552
654071,103646
654071,262231
654071,341100
654071,920968
654071,755867
654071,676526
654071,560290
654071,711842
654071,465644
654076,958160
654105,905564
654105,334720
654105,869907
654105,342127
654105,476136
654105,240350
654177,695091
654177,849544
654177,1115281
654177,116577
654177,676717
654177,1037616
654177,664426
654177,68517
654177,643259
654177,736415
654177,1125612
654177,777670
654177,949941
654177,1050922
654177,186078
654177,488124
654177,820673
654177,109013
654177,685510
654177,108424
654177,29530
654177,479851
654177,744852
654177,559943
654177,554382
654177,591266
654177,1002584
654233,1100979
654233,1029330
654233,488194
654233,229027
654237,68262
654237,1095064
654237,1061310
654237,1049077
654303,162055
654303,761999
654303,718393
654303,651355
654368,1056365
654368,1058281
654437,330240
654441,107759
654441,123134
654441,374747
654441,574190
654441,148002
654441,132032
654441,1083848
654441,138335
654563,4306
654563,748065
654563,479851
654563,665384
654563,866402
654563,394969
654563,322266
654563,925681
654563,800596
654563,627878
654563,790837
654563,1098344
654563,121742
654563,698780
654563,276307
654563,559943
654563,931065
654563,1137762
654563,338980
654563,26827
654563,1151548
654585,890259
654619,877858
654639,386402
654639,140901
654639,1009806
654639,914590
654639,133495
654639,154016
654639,868840
654673,502238
654673,21416
654673,313323
654673,890005
654673,1151144
654673,246465
654719,920706
654759,1065246
654759,262260
654759,480445
654766,195996
654842,149052
654930,601309
654930,1129299
654930,1113847
654930,604579
654930,573171
654963,635794
654963,1151548
654963,790837
654982,844971
654982,320360
654982,679966
654982,301173
654982,577702
654982,1106662
654982,608311
655132,509892
655132,737774
655132,33605
655132,843335
655132,554382
655197,754355
655220,764826
655225,416377
655234,772795
655234,1070774
655234,239083
655234,1028762
655234,762374
655234,696348
655236,777533
655238,313323
655238,21416
655274,257163
655274,1113478
655275,237540
655275,262753
655275,629009
655275,408346
655390,667036
655390,315167
655450,408346
655450,942802
655450,981849
655450,437763
655450,370281
655532,1007572
655532,877554
655532,485070
655624,617496
655672,1036860
655672,376972
655672,545363
655672,477272
655672,13463
655672,324367
655672,386827
65572,285148
655781,678031
655781,423321
655808,29460
655808,389395
655808,82497
655858,1160671
655915,165647
655915,919042
655932,628651
656008,647703
656034,448646
656034,1052210
656034,604828
656034,707836
656034,150316
65605,168323
65605,570286
65605,906050
656055,168402
656055,771352
656055,338645
656055,386402
656055,945575
656055,848909
656055,1062222
656055,683124
656055,166453
656055,559943
6561,955577
656107,703922
656107,146011
656107,1115765
656107,804943
656107,377449
656107,547291
656147,335205
656147,280429
656147,135688
656147,114090
656147,341180
656147,831292
656147,869790
656147,1095560
656147,24591
656147,675196
656147,15608
656154,1014728
656173,554962
656173,8850
656177,917080
656241,506688
656241,1061055
656241,143239
656270,292306
656270,656270
656334,801122
656334,1061310
656334,1095064
656343,390052
656343,528461
656343,277693
656343,17010
656343,671272
656343,1040038
656343,761176
656343,371040
656343,249665
656343,806449
656343,987536
656343,853998
656343,180029
656385,628651
656385,954395
656427,554382
656427,43636
656427,357775
656427,771352
656427,518885
656465,745381
656465,457082
656480,817393
656571,1139736
656571,567178
656571,136277
656622,130906
656622,430377
656622,668368
656683,84681
65670,378449
656727,762374
65677,973615
65677,793940
65677,1033356
65677,792597
65677,466752
65677,642205
65677,1046252
65677,701313
65677,343876
65677,859372
656776,48722
656820,442303
656820,57526
656820,339892
656820,1051969
656820,95099
656820,847869
656820,29460
656820,514023
656820,486351
656820,360229
656820,389395
656820,976956
656839,62179
656839,247423
656839,1120342
656839,390236
656839,603354
656839,209534
656853,386605
656853,39336
656853,150263
656853,869339
656853,656853
656853,816
656853,576801
656853,449074
656853,371715
656853,605967
656853,140930
656853,413938
65688,604828
65688,1062351
656904,678609
656904,504233
656904,298373
656918,216425
656918,98297
656918,67537
656918,960388
656997,867465
656997,993719
657005,775554
657026,302306
657026,937639
657026,774218
657072,226250
657074,635767
657074,843335
657074,945733
657074,627406
657082,964520
657122,29599
657122,633963
657126,172223
657126,450827
657126,923660
657126,139830
657126,394441
657192,773031
657192,1066350
657192,1004824
657192,749482
657192,413901
657192,781852
657192,102093
657192,386605
657192,1005262
657192,1033265
657341,142917
657341,427997
657341,870765
657341,792590
657341,877141
657341,527889
657341,415333
657341,549182
657341,479851
657341,47185
657341,554382
657341,380040
657341,843335
657355,506610
657355,151140
657376,86016
657376,637814
657376,168402
657376,458523
65752,853945
657522,279496
657522,43200
657522,759717
657522,1082884
657522,805092
657522,806867
657522,292096
657522,18057
657522,418885
65755,1135613
65755,976956
65755,168402
65755,886340
657583,313834
657583,632285
657583,457713
657583,14094
657583,582055
657583,163533
657583,1075136
657588,910306
657588,444710
657590,368884
657599,73236
657599,701266
657629,386402
657629,40968
657648,711907
657668,901385
657668,307523
657702,1147781
657729,370231
657759,509793
657759,1088987
657848,514656
657848,882253
657849,808094
657849,868734
657869,835761
657869,1048482
657869,193419
657869,28207
657882,702012
657882,240350
658004,38830
658004,745790
658004,895603
658012,164956
658012,992622
658012,360740
658012,277432
658012,719758
658012,847352
658012,468840
658012,554382
658012,766948
658012,269842
658012,627406
658012,900955
658012,897168
658012,744117
658012,665908
658012,549182
658012,77069
658012,211965
658012,1000371
658012,317061
658012,975890
658014,307135
658014,352473
658014,1112044
658014,660558
658014,1166930
658014,320351
658014,741185
658014,1095311
658014,222972
658014,243054
658014,522630
658014,216356
658014,404228
658014,769342
658014,813634
658014,671272
658014,1017366
658014,503774
658014,778190
658014,506839
658014,282410
658044,666683
658057,701229
658057,520191
658057,430908
658060,169093
658060,757135
658074,1017710
658074,772371
658074,70253
658074,315183
658090,554382
658110,1011521
658226,339892
658291,809897
658291,771352
658291,1081225
658291,683124
658291,86063
658291,554382
658291,980782
658298,550645
658298,584653
658298,565441
658298,86079
658298,126059
658298,554382
658381,569238
658381,943967
658395,698387
658396,94196
658396,337585
658396,807443
658396,937571
658407,1080414
658407,628651
658419,303914
658511,633911
658511,1049865
658511,550295
658511,82356
658511,441637
658511,519369
658511,332140
658517,538508
658517,577982
65853,650218
65853,82657
658570,130966
658625,1143316
658625,707994
658625,952754
658625,788388
658625,601343
658625,250601
658625,559943
658625,890259
658625,394399
658625,1107911
658625,580602
658659,174567
658659,737757
658724,849281
658743,271544
658791,94627
658791,645537
658791,757596
658835,1098126
658835,577577
658861,904323
658861,1109160
658861,577452
658903,678199
658903,485387
658903,383098
658903,1043522
658903,104439
658903,452110
658903,627565
658903,664389
658903,606894
658903,1167126
658903,951226
658903,488777
658903,70406
658903,1075890
658903,374699
658903,769432
658903,1060236
658903,161478
658903,903105
658903,129309
658903,619174
658994,308017
658994,980492
658994,204472
658994,1061055
658994,479167
658994,501497
658994,1102276
658994,993795
658994,27781
658994,466412
658994,187827
659034,659034
659034,975890
659034,77281
659049,86045
659049,792910
659049,1114050
659049,543319
659049,1162687
659049,929270
659049,676165
659049,775148
659049,441906
659049,919625
659061,454350
659065,1115281
659065,116577
659065,705766
659065,843335
659065,681330
659065,549182
659088,1132490
659242,892371
659242,599217
659242,916868
659242,415656
659242,37604
659242,936119
659242,919930
659242,1119796
659275,531413
659275,945635
659322,854236
659322,1009116
659322,562781
659322,1130650
659322,100548
659410,1047719
659410,41191
659437,638924
659437,423805
659457,446983
659457,633455
659457,517677
659457,68633
659465,1001341
659465,1005176
659465,750504
659465,192688
659465,810141
659465,1131917
659486,1044597
659486,559943
659486,652464
659486,1008920
659486,436306
659486,605588
659486,1011282
659486,646481
659486,524374
659499,635511
659499,1153934
659499,49373
659499,97984
659585,844385
659740,397957
659740,947983
659740,146011
659740,547291
659740,494468
659740,1115765
659740,493819
659740,703922
659740,575444
659769,30767
659769,1036769
659769,1013020
659769,432130
659769,206644
659833,125053
659833,575871
659833,834653
659833,905066
659833,1103415
659900,1130324
659964,269949
659964,213328
659964,944437
660005,168402
660017,34507
660017,687252
660037,1125217
660088,591043
660088,411589
660159,518913
660159,87663
660162,206644
660162,1102629
660162,270534
660162,559943
660162,660162
660162,988915
660162,195858
660162,1082884
660162,234074
660162,8850
660162,907499
660162,1115657
660162,584621
660162,94728
660162,155861
660162,1066909
660162,843335
660162,296684
66018,380304
66018,103032
66018,322391
66018,866656
660276,917861
660276,550739
660427,646481
660427,102828
660442,10778
660442,127714
660442,1024669
660442,408346
660442,1087257
660442,39221
660442,271282
660472,219582
660472,965112
660473,727092
660504,686823
660504,806129
660504,63047
660504,437949
660504,1050159
660558,352473
660601,10938
660601,407737
660601,789126
660601,583007
660601,1152228
660601,678821
660601,725340
660658,386402
660658,889585
660658,225459
660669,642961
660669,257392
660669,909884
660669,370139
660669,1082884
660669,950557
660669,878788
660669,782337
660669,197265
660669,942033
660669,489925
660710,1073938
660710,631906
660741,1166930
660745,105720
660745,591479
660745,457928
660745,1103415
660745,166491
660767,439873
660767,271333
660809,752095
660809,1007925
660848,688578
660906,74771
660906,531413
660906,13751
660906,719241
660906,790516
661012,892536
661012,374563
661021,1096557
661021,720095
661021,479851
661021,559943
661021,681330
661048,530107
661048,725649
661076,667761
661076,973943
661076,897168
661156,881946
661192,1142534
661192,3436
661192,1131966
661201,508640
661201,214065
661207,604828
661251,211819
661251,282108
661345,858714
661345,489337
661345,1075168
661352,216407
661352,397482
661397,803946
661415,977080
661547,623170
66155,647671
66155,762374
66155,1116789
66155,94175
661600,924426
661600,1060562
661652,159229
661652,134763
661652,730928
661652,527102
661652,602716
661652,760532
661652,62512
661652,614922
661652,58537
661652,207552
661652,385059
661652,988002
661652,1043449
661652,559943
661652,195858
661652,29533
661652,1082418
661652,843335
661652,128317
661652,1160762
661652,46793
661652,63114
661652,975890
661652,250559
661652,627406
661656,559943
661656,111391
661656,600199
661656,566586
661656,870785
661730,487042
661730,1031810
661764,693875
661764,175979
661778,642283
661778,1069483
661778,634409
661803,139830
661803,25278
661803,694387
661803,841016
661803,321954
661803,555383
661803,854804
661803,394441
661803,474244
661803,413798
661803,1114375
661803,657126
661803,469742
661833,1072492
661833,802294
661958,874745
661958,233515
661958,833728
661958,563752
661958,121769
661958,1084100
661958,882614
661958,711842
661961,616323
661961,63114
661986,168402
661986,380353
662015,294684
662015,843335
662015,33605
662015,1135327
662015,835857
662015,683124
662015,253891
662015,559943
662015,438946
662015,554382
662019,386827
662019,843335
662019,617496
662019,97838
662019,750717
662019,609090
662019,721308
662066,471271
662066,699706
662066,830747
662066,1130276
662075,958881
662075,951296
662113,69785
662113,974297
662113,190237
662113,676526
662113,711842
662179,1104990
662199,250223
662199,690253
662199,158911
662276,338645
662276,1141266
662276,787465
66230,247172
66230,852035
66230,639364
66230,774218
662331,1033388
662331,201784
662331,517941
662331,610418
662331,945107
662338,936058
662390,559943
662489,810629
662503,962957
662503,769776
662532,984194
662532,31570
662532,888591
662532,998866
662540,293472
662633,629009
662633,471350
662633,1092100
662633,370281
662633,1042449
662633,127714
662633,68093
662633,942802
662633,408346
662633,981849
662650,536797
662650,912998
662754,1103415
662754,923326
662754,580478
662782,383197
662782,1103415
662782,196773
662782,953778
662966,1157376
662966,360122
662966,579118
662966,768474
662966,325246
662966,744929
662966,10318
662966,128586
663025,700278
663025,775108
663025,587687
663025,677142
663027,486093
663049,1062222
663164,487035
663164,161842
663173,327037
663173,843335
663173,123717
663173,848909
663173,1027803
663173,88505
663173,204645
663173,686054
663173,559943
663173,554382
663205,729601
663205,478262
663205,555335
663220,1129403
663220,511414
663220,200177
663220,386870
663220,847352
663220,360740
663220,992622
663220,146221
663220,425985
663234,968437
66324,1048115
66324,748119
66324,670964
66324,998936
66324,46982
663243,421171
663243,798502
663243,419289
663243,1090020
663243,738942
663243,36901
663243,460896
663284,528508
663284,200182
663284,701174
663284,280429
663322,232630
66334,713520
66334,195445
663393,596758
663393,997043
663393,1021736
66340,143322
663415,1002877
663415,639972
663415,1131199
663415,1103415
663435,775108
663435,915174
66344,734157
66344,689559
663445,360122
663450,946975
663450,642205
663488,843335
663488,559943
663488,884503
663562,830433
663611,684795
663617,21493
663679,633963
663679,725540
663679,386827
663679,849987
663679,288637
663679,573300
663679,815697
663679,493679
663679,997646
663685,566262
663708,224593
663708,302965
663721,671698
663721,1134018
663721,827193
663721,830416
663721,1103415
663882,118440
663882,56911
663928,64045
663965,222480
664,350253
664,600824
664008,177384
664008,908123
664008,881439
664008,834400
664022,28115
664087,46698
664087,549259
664226,71567
664226,845354
664241,729806
664312,863837
664312,407691
664312,913471
664312,405190
664312,266194
664312,1093877
664389,903173
664389,770589
664389,627565
664389,629116
664389,769432
664389,161478
664389,595951
664389,87862
664389,430798
664389,678199
664389,70406
664389,1167126
664389,1060236
664389,700661
664389,1043522
664389,383098
664389,129309
664389,951226
664389,778958
664389,903105
664389,606894
664396,69859
664396,578555
664396,8027
664396,894679
664396,1041215
664396,1117898
664413,750636
664426,29530
664426,1156731
664426,1138617
664426,960278
664426,1109577
664426,676717
664442,94024
664571,497640
664571,96929
664638,785257
664643,1031322
664643,992792
664680,487035
664680,135286
6647,110468
6647,260279
6647,982393
6647,179594
6647,1050554
6647,859400
664742,676526
664742,322403
664742,988892
664742,376972
664742,239583
664742,221759
664773,497636
664773,802718
664773,827580
664773,386402
664829,33605
664829,919530
664951,70589
66499,397957
665011,591585
665039,410212
665050,216407
665050,1145476
665050,481708
665050,493567
665157,1110657
665157,775108
665157,600955
665157,728514
665157,320360
665157,559943
665157,850830
665157,705766
665157,601578
665157,877141
665157,461427
665157,422950
665157,554382
665157,645888
665157,848909
665157,273472
665157,767869
665240,97838
665259,988862
665259,802727
665259,788988
665259,883392
665259,551298
665259,400867
665303,274374
665344,95099
665350,541326
665352,697908
665352,460166
665352,214583
665352,334050
665352,685545
665384,338980
665384,484470
665384,240826
665384,4306
665384,433139
665384,145021
665384,257444
665384,735458
665443,127890
665443,864400
665463,143168
665463,240692
665476,112150
665476,304683
66551,472252
66551,422625
665516,1155008
665536,907915
665571,663025
665571,48599
665571,206937
665571,1107964
665571,433139
665571,775108
665571,677142
665594,269780
665742,918471
665796,210866
665796,892408
665796,497866
665796,118156
665796,321824
665796,864268
6658,770982
6658,447862
6658,778288
6658,629862
665810,1025514
66585,480481
66585,832524
665908,1135327
665908,944520
665908,763934
665908,317061
665908,805138
665908,269842
665908,498258
665908,211965
665908,549182
665908,277432
665908,975890
665908,658012
66593,766434
665983,321824
665983,927808
665983,500022
665983,506548
665983,186082
666049,832355
666133,636255
666163,248989
666163,67970
666163,750187
666163,1078963
666163,616049
666163,204360
666163,409470
666163,357737
666164,640765
666164,685545
666164,1008257
666164,803721
666164,19294
666164,68926
666192,584589
666192,620581
666201,652949
666201,185546
666201,791909
666239,843335
666348,1053400
666348,372200
666348,452044
666348,206664
666382,902860
666382,779220
666382,610401
666382,559943
666382,736329
666382,290017
666382,683124
666401,601905
666401,317912
666578,1141295
666578,836516
666578,786492
666578,696628
666600,867854
666653,1128884
666653,556999
666653,334720
666653,835062
666707,643593
666707,412043
666707,39756
666707,387320
666741,499176
66675,459728
66675,437153
66675,43636
66675,341040
666758,1073209
666760,454350
666760,230606
666760,149052
666760,772505
666807,544405
666810,653731
666810,786938
666815,971785
666856,976522
66686,89540
666915,414981
666915,427334
666915,592584
666915,691999
666915,56387
666915,197811
666915,522755
666991,86121
666991,438246
666991,895251
666991,755484
666995,254358
666995,441024
666995,975441
666995,981774
667003,145639
667011,671272
667036,1000371
667036,226820
667036,811022
667116,1072492
667239,658012
667239,719758
66725,268914
66725,477104
66725,1013232
66725,983657
66725,953579
66725,757831
66725,204249
66725,540690
66725,1115765
66725,955467
66725,688578
66725,842341
66725,962058
66725,168402
66725,699982
66725,955671
66725,1113539
66725,911071
66725,1073209
66725,239083
66725,336622
66725,648311
66725,563388
66725,497552
667274,230430
667274,264036
667274,1147569
667274,631807
667274,494156
667274,903317
667275,455026
667275,402424
667275,338407
667275,139748
667275,614291
667275,424541
667275,340435
667275,549728
667275,232132
667275,76698
667275,685545
667295,1163979
667295,303010
667295,428996
667295,339892
667297,957959
667297,488983
667297,748519
667297,33605
667297,83167
667297,468729
667323,10143
667341,757135
667341,411579
667341,807858
667355,54158
6674,67007
6674,421005
6674,193093
6674,236685
667420,1042381
667420,479851
667420,554382
667420,142723
667420,94816
667420,683124
667420,1073449
667420,771352
667468,554087
667468,596758
667468,596940
667468,778288
667468,1018286
667512,1086501
667512,782337
667512,987136
667544,416247
667582,10225
6677,294226
667756,930278
667756,1107807
667756,435670
667756,2486
667756,726153
667756,1012331
667756,549182
667756,792910
667761,661076
667761,549259
667761,897168
667761,90141
667855,412549
667855,867465
667878,625612
667900,741424
667900,382996
667900,27271
667900,360551
667900,27626
667900,220831
667900,58737
667900,901643
667900,397521
667900,251781
667900,798878
667900,403156
667900,664355
667900,928605
667900,49174
667900,299660
667900,955614
667900,1057259
667900,864818
667900,729789
667900,563388
667934,239507
667934,25152
667934,583738
667934,484797
667934,848588
667934,110055
667934,379143
667934,860285
667934,1003859
667934,542305
667934,689021
667934,980954
667934,249259
667934,1052398
668017,263761
668017,882866
668039,76793
668039,776732
66804,615410
66804,1040541
66804,506347
66804,1027061
66804,908263
668062,985829
668062,1135706
668136,677142
668201,56973
66821,959092
668230,438774
668252,700577
668252,776289
668252,293900
668252,386402
668270,174567
668368,33131
668368,685545
668368,1162755
668368,481708
668368,290662
668368,975890
668368,843335
668368,877541
668368,33605
668368,775108
668368,1073209
668368,1077849
668368,310392
668368,581794
668368,232132
668368,1046598
668368,524262
668368,697941
668368,213493
668368,1017256
668368,554382
66838,66838
668471,693828
668471,954460
668471,789241
668471,953654
668471,1003207
668471,764084
668471,1071636
668471,259998
668503,292096
668503,1082884
668503,43200
668503,884911
668503,515816
668503,805092
668503,120691
668503,567317
668503,806867
668503,671272
668503,390052
668503,1158658
668503,1126894
668503,386402
668503,549182
668503,418885
668503,657522
668503,750595
668678,130120
668678,975890
66870,475469
66870,1144115
66870,411501
66870,880258
668706,907003
668706,1082210
668706,32032
668714,1067619
668766,1070535
66877,848418
66877,642205
66877,959092
668788,20260
668788,98163
668807,668807
668826,1123784
668863,534224
668883,976153
668930,811410
668930,306601
668962,785918
668992,18815
6690,600199
6690,3771
669086,81474
669176,155178
669176,563841
669176,151140
669176,17007
669176,751996
669235,643215
669235,456250
669275,792590
669320,348578
669320,422049
669380,577486
669380,880162
669388,851470
669450,479851
669450,162806
669450,386827
669450,709501
66946,230253
66946,954318
66946,626189
66946,96783
66946,1134235
66946,780901
669505,1136241
669505,693828
669506,1112044
669506,577982
669506,848418
669506,249351
669533,550952
669533,73236
669533,1131896
669533,1121064
669533,367376
669533,53329
669533,109856
669571,411589
669611,300146
669611,1081570
669653,280856
669653,741195
669683,875887
669683,549259
669685,510344
669690,1151548
669748,444337
669748,1111520
669748,79674
669753,107759
669756,353259
669762,1095560
669763,76669
66978,486860
66978,569852
66978,668368
669827,918504
669853,599604
669853,1046363
669893,326943
669893,240806
669893,21102
669893,682369
669893,1023373
669894,989767
669894,1153703
669894,454350
669894,992949
669894,149052
669894,79701
669921,558946
669921,1102389
669921,25103
669921,736211
67007,6674
67007,421005
67007,231020
67007,193093
670107,572147
67013,203284
67013,976956
670136,1112044
670136,121331
67021,559943
670254,765126
670254,681254
670281,653610
670281,688578
670281,89540
670339,449959
670339,930278
670339,202688
670376,5677
670376,116617
670376,1123174
670378,634504
670427,970594
670456,24895
670456,727455
670456,165356
670485,981774
670516,61531
670516,301004
670531,792590
670531,871368
670580,872176
67061,932581
67061,734157
670751,603936
670751,614484
670753,35599
670753,448646
670753,1089707
670753,528177
670753,693828
670753,517553
670763,243054
670763,210866
670763,988285
670763,392930
670763,370496
670763,545823
670763,497866
670763,321824
670763,977029
670763,801013
670763,219599
670817,623271
670817,682815
670821,1052480
670821,523950
670821,575444
670867,726219
670867,880963
670867,494365
670867,486735
67090,90622
67090,578066
670952,517468
670964,66324
670979,695838
670979,427767
671025,913471
671025,6180
671025,371068
671025,266194
671025,949154
671025,407691
671025,450905
671025,1080558
671025,1093877
671025,314834
671025,510291
671025,192145
671057,1023705
671100,582246
671236,1069884
671236,846413
671236,76698
671256,24895
671272,290017
671272,805092
671272,718147
671272,763932
671272,194173
671272,566452
671272,182509
671272,656343
671272,1082884
671272,386827
671272,1112044
671272,642205
671272,1087424
671272,386402
671272,91601
671272,355800
671272,606370
671302,629589
671302,1056172
671304,114333
671304,72267
671304,615101
671304,808094
671391,1103415
671391,1012876
671391,125053
671391,105720
671395,704469
671468,1027749
671468,158891
671468,304843
671468,604828
671468,302306
671468,1074922
671468,384846
671579,46545
671579,1113699
671579,848547
67166,302306
67166,95913
67166,852035
67166,700729
671698,663721
671698,646195
671858,1107554
671882,547208
67189,682625
671898,858303
671898,457928
671898,409850
671950,599774
671965,840138
672006,228676
672024,845761
672024,664426
672024,877288
672024,476330
672024,1037616
672024,1062856
672074,1118769
672074,480426
672074,675257
672078,1078248
672078,135688
672078,114090
672123,588425
672123,206310
672123,548304
672157,1004807
672193,734157
672234,1154346
672234,674768
672234,321315
672241,386402
67227,766948
67227,847352
672327,436800
672378,357288
672378,95870
672378,231888
672378,33225
672378,425955
672378,1076079
672378,221321
672378,423610
672378,490608
672378,296598
672382,1086501
672382,692500
672400,629862
672400,608298
672458,296553
672458,1086616
672458,181423
672458,637101
672458,946693
672458,554153
672502,516451
672502,507357
672502,661652
672503,478797
672513,42038
672513,672513
672513,856271
672522,271544
672522,115746
672522,92702
672522,1073209
672555,517324
672555,888624
672558,1143293
672558,524262
672558,139748
672558,846413
672558,458637
672574,1003859
672607,577982
672607,194173
672648,1053400
672648,940286
672790,601309
672794,1131995
672794,10143
672794,679644
672794,976522
672794,674510
672794,370139
672794,1107333
672794,614662
672794,827580
672794,130813
672794,1003331
672794,610856
672794,905987
672794,309335
672866,1082418
672866,736011
672896,308053
672910,989767
672910,541648
672910,136231
673002,1123867
673016,478215
673016,658012
673016,1064353
673022,453075
673022,981638
673022,276770
673022,317061
673110,172223
673135,1042601
673222,480034
673222,534891
673222,204814
673242,1126894
673255,364036
67328,751100
673289,310311
673289,501005
673289,334100
673289,848547
673289,230347
673308,1125194
673308,550645
673308,944027
673308,650215
673319,99693
673357,368081
673357,69498
673357,10143
673357,626694
673357,1095233
673357,894829
673383,357153
673383,1107554
673383,679971
673383,681298
673387,205707
673399,334309
673399,1136943
673399,453359
673431,968770
673441,454350
673441,772505
673470,430798
673470,579177
673470,70406
673470,627565
673470,845074
673470,129309
673470,778676
673470,21971
673470,328823
673470,143985
673502,508454
673502,232630
673538,539793
673538,114614
673538,989739
673649,567099
673689,334255
673689,224973
673699,807085
673723,786492
673723,338645
673772,173866
673772,458838
673832,246458
67393,130413
67393,193419
67393,1032729
673992,20260
674001,427256
674018,228676
674019,514001
674019,473013
674019,750681
674019,233088
674027,721308
674074,1044597
674074,705766
674074,848909
674086,478359
674097,633963
674097,876280
674098,543524
674141,794198
674141,357740
674141,904418
674190,468164
674190,864154
674190,437721
674190,609002
674190,257139
674235,123601
674260,781852
674260,266205
674260,28397
674260,94196
674304,209752
674382,791552
674382,508794
674382,1103415
674510,610856
674510,370139
674510,10143
674510,801134
674510,614662
674510,547869
674510,1108200
674510,1166388
674510,811520
674510,232088
674510,130813
674668,352251
674668,284193
674691,519406
674691,22845
674716,894761
674716,374747
674716,1025260
674716,526667
674716,606154
674716,248170
674734,833443
674734,167101
674734,624283
674734,254992
674768,253923
674768,1102969
674768,672234
674768,720095
674768,479851
674768,627838
674768,544405
674768,1041490
674814,932574
674814,915357
674814,1113539
674840,913537
674845,502413
674861,1051180
674861,32679
674861,63696
674931,907468
674931,346767
674931,659322
674931,1130650
674944,678279
674944,483398
674944,922874
674944,1075593
674944,242648
674944,691305
674944,846860
674944,821236
674944,104333
674944,237540
674948,777670
674948,986798
674948,509636
674948,1002584
674949,696322
675049,905987
675094,797800
675094,268669
675094,853657
675109,833302
675109,30767
675144,838923
675170,756483
675170,170040
675170,709541
675170,1133106
675170,409787
675170,771352
675170,1062222
675170,1125853
675170,867720
675170,58537
675170,323576
675170,94816
675170,529048
675170,442632
675170,554382
675170,1003504
675170,937884
675170,843335
675170,759792
675170,1066078
675170,795667
675170,563390
675170,908127
675170,870785
675170,608620
675170,679966
675170,576215
675170,50292
675170,1157103
675170,33605
675170,559943
675170,683124
675170,531413
675170,942722
675170,1067618
675170,539793
675170,544405
675170,528177
675170,989739
675170,386827
675196,193245
675257,46572
675257,153488
675257,509418
675257,132483
675257,43200
67527,514085
67527,334428
675298,82497
675305,238658
67537,656918
675444,95408
675444,1161302
675444,22385
675467,855700
675467,305466
675467,1108656
675513,1094217
675513,140930
675513,213663
675513,875887
675513,483048
675513,1005262
675513,365348
675513,418735
675513,555141
675513,1088876
675513,243781
675513,329483
675513,229690
675597,357775
675597,1050399
675640,603875
675640,1015822
675640,85771
675652,701476
675652,529543
675652,266194
675652,616104
675652,646059
675652,954254
675652,773799
675682,757243
675682,495251
675690,70253
675690,1017710
675703,29460
675703,966235
675703,683124
675703,559943
675703,843335
675771,1385
675771,635228
675771,98297
67580,150990
67580,39221
675810,1049115
675810,679644
675810,309884
675810,835684
675810,24190
675834,81474
675834,151444
675834,818368
675834,246819
675834,775473
675834,896314
675834,433139
675834,577778
675856,338645
675856,861103
675856,324786
675862,133301
675862,371359
675862,37907
675862,1088082
675862,745790
675888,1132821
675888,330120
675899,524262
675899,458637
675899,668368
675937,1052613
675937,473355
675937,532110
676000,210575
676000,772967
676028,24676
676028,97514
676028,200795
676028,1085153
676028,621301
676028,334100
676028,1062222
676028,793763
676028,191866
676028,230347
676028,796566
676028,862159
676028,910401
676028,382679
676028,872139
676028,310311
676028,1115200
676077,513405
676077,615074
676101,610800
676147,1143293
676147,436152
676147,1062053
676147,338407
676147,581794
676147,846413
676147,549728
676147,957694
676147,458637
676147,171451
676147,491391
676165,714956
676169,284115
676209,353766
676212,166729
676212,813220
676212,1107233
676212,1110657
676212,958160
676212,192483
676212,33605
676212,1116928
676231,640021
676231,640463
676231,758230
676231,1002059
676231,815484
676250,321824
676250,864268
676269,810293
676269,213417
676271,1062880
676271,942802
676271,981849
676271,573326
676271,370281
676271,1106747
676271,723421
676271,29433
676271,709918
676271,1121309
676271,437763
676271,10608
676271,408346
676310,1096557
676310,386870
676310,1062222
676310,531413
676361,1059200
676361,558928
676382,1043527
676382,202394
676382,171564
676392,13164
676392,745839
676427,310527
676427,390957
676427,792590
676435,679644
67644,581325
67644,300376
67644,1161753
67644,178872
67644,404351
676526,893562
676526,1135257
676526,938824
676526,1082418
676526,662113
676526,1065324
676526,612288
676526,711842
676526,664742
676526,868140
676526,495171
676526,429017
676526,801748
676526,197653
676526,652265
676526,988892
676526,452253
676526,465644
676526,455803
676526,559943
676526,239583
676653,1050054
676653,93032
67668,154704
676711,1143926
676711,478977
676717,186078
676717,527136
676717,654177
676717,960278
676717,989753
676717,452623
676717,664426
676717,1156731
676767,1021543
676772,439556
676772,532944
676772,957930
676772,364946
676772,292954
676772,254291
676788,67850
676788,281583
676788,1126364
676817,13751
676817,74771
676817,346673
676817,1062222
676827,874636
676827,405508
676861,393870
676861,878859
676873,411516
676873,1085162
676873,1044597
676873,631061
676893,1149219
676893,1135518
676893,804945
676893,902973
676893,579227
676893,344963
676893,91685
676893,841661
676893,757135
676901,942007
676901,680210
676901,874745
676965,923378
676965,526871
676965,984332
676965,782073
677089,747492
677089,550917
677089,31251
677090,319845
677090,955375
677090,1100292
677090,116055
677090,41854
677090,893011
677090,1084569
677090,1065145
677112,178194
677112,397918
677142,847373
677142,760867
677142,352631
677142,703466
677142,249427
677142,406022
677142,663025
677142,224376
677142,665571
677142,329576
677142,49917
677142,1049877
677142,867742
677142,897738
677142,587687
677142,362021
677142,397486
677142,775108
677142,543563
677142,241641
677142,950860
677142,507893
677142,593469
677142,1037163
677142,1126520
677142,873833
677142,443621
677142,581120
677142,360790
677142,85926
677142,580287
677142,617384
677142,246582
677142,728141
677142,214618
677142,768279
677142,668136
677142,48599
677142,65154
677142,1107964
677142,602571
677142,852828
677142,210432
677142,8426
677142,916979
677142,88459
677142,216741
677142,180480
677149,977945
677183,361614
677208,519185
677221,685362
677221,408736
677221,581241
677257,686954
677275,422867
677275,909147
677279,112292
677286,479167
677291,255561
677291,206310
677291,718393
677291,485598
677291,392321
677291,78761
677307,958451
677315,68200
67734,250879
67734,458637
67734,455026
677347,673397
677347,207430
677347,526871
67743,808094
677452,499202
677452,15071
677452,1012127
677470,746676
677470,132544
677511,1055079
677517,658381
67756,853538
67756,319450
67758,638924
67758,488368
67758,640846
67758,723183
67759,615083
677664,1118769
677664,935460
677664,759717
677664,1082884
677669,862457
677675,843392
677675,919158
677808,321824
677808,638924
677808,511015
677808,801013
677808,243054
677808,616325
677808,210866
677812,395186
677812,679370
677812,336086
677812,963149
677812,305374
677812,190691
677812,528241
677812,166451
677812,774389
677819,584381
677819,1035611
677846,158422
677846,1157070
677846,314834
677846,902152
677858,1143861
677858,21493
677929,762374
677957,91469
677957,355420
677957,50952
677960,626338
677960,290017
677960,849023
677960,283151
677960,524262
677960,610095
678016,257048
678016,39168
678031,554382
678031,856897
678031,745507
678031,559943
678031,719204
678031,683124
678031,423321
678136,246458
678136,452716
678136,32706
678158,19984
678158,222620
678158,361880
678158,536125
678158,520707
678158,88229
678199,374699
678204,989767
678204,136231
678204,541648
678227,669176
678227,751996
678243,1130650
678279,691305
678279,237540
678303,1117129
678338,1133106
678363,290821
678363,298268
678407,1048474
678407,381958
678413,488194
678413,717226
678413,556920
678413,561582
67843,284257
67850,676788
67850,235257
67850,413397
67850,952711
678536,920706
678536,119538
678559,692980
678559,352852
678559,850230
678631,1143415
678652,722667
678652,224973
678652,787701
678667,1099128
678699,1042107
678699,933041
678699,477425
678715,287495
678715,1146411
678715,397067
678740,81474
678741,540956
678741,465262
678748,24696
678748,1151469
678821,725340
678821,1098126
678821,10938
678821,552797
678821,183839
678821,1141266
678821,660601
678821,1016269
678821,789126
678821,1152228
678875,386059
678875,1072492
679047,1126894
679061,518405
679191,27781
679262,536600
679262,254354
679262,377442
679347,422961
679347,1135327
67935,282907
679370,79091
679370,930602
679370,765617
679370,173709
679370,1166930
679370,839392
679370,90837
679370,823729
679419,868734
679419,808094
679433,1109227
679435,781852
679435,213501
679459,41897
679459,884302
679485,386402
679500,651613
679500,479612
679500,604828
679599,306473
679599,649104
679599,798878
679599,49174
679599,817957
679599,475271
679599,818368
679599,158936
679599,251781
679599,131424
679599,700540
679599,274989
679599,671302
679599,589131
679599,267748
679599,461797
679599,781217
679599,1056172
679599,957056
679599,901643
679599,824803
679599,629459
679599,151444
679599,1064505
679599,433139
679599,597791
679599,122244
679616,1128905
679616,565348
679616,1096504
679616,964633
679616,646786
679616,1046672
679616,540284
679616,413397
679644,257336
679644,536026
679644,554382
679644,62420
679644,559943
679644,333359
679644,827580
679644,1118769
679644,1136943
679676,92378
679676,610404
679693,1043801
679693,1131051
67970,248989
67970,225117
67970,6425
67970,397069
67970,750187
67970,907370
67970,1016305
67970,206876
67970,759549
67970,677743
67970,851833
67970,968306
67970,49732
67970,357737
67970,631807
67970,57052
67970,344007
67970,1025364
67970,860965
679717,984907
679771,363039
679789,1107554
679817,1038526
679870,121835
679880,576842
679880,832956
679883,484278
679883,791986
679883,169407
679893,792590
679893,323278
679918,321824
679918,944387
679918,334720
679948,216886
679948,479851
679948,155417
679955,458637
679955,1143293
679955,626338
679955,846413
679955,498228
679955,491391
679955,1045177
679955,1017699
679955,139748
679955,813080
679966,27781
679966,206379
679966,32683
679966,1210
679966,290017
679966,721174
679966,675170
679966,1096557
679966,349007
679966,13751
679966,267790
679966,534088
679966,773158
679966,771352
679966,403135
679966,271544
679966,339892
679966,1089707
679966,94816
679966,1062222
679966,531413
679966,386870
679966,471407
679966,442419
679966,448646
679966,885102
679966,479851
679966,336542
679966,55765
679966,528177
679971,681298
679971,673383
679971,1107554
67998,1078272
680042,688148
680042,836941
680042,1122475
680042,1583
680077,416950
680102,771909
680119,519061
680119,840138
680119,80456
68016,1042069
68016,1162250
68016,687813
680178,28521
680178,13555
680178,282190
680178,796832
680183,638924
680210,676901
680210,563752
680210,940114
680210,942007
680248,1044597
680248,722811
680248,848909
680248,705766
680249,344723
680249,694570
680249,843335
680249,1084569
680249,801620
680249,955375
68025,282410
680252,139208
680314,154918
680314,153474
680314,1118769
680314,433187
680314,1082418
680318,436158
680318,1152487
68032,1058163
68032,205050
680339,1006430
680339,22979
680339,1061917
68035,490771
68035,576575
68035,932581
680360,94024
680360,1120688
680360,59610
680376,1166930
680376,347175
680376,390563
680376,889392
680395,758123
680533,976956
680610,252007
680614,284273
680614,666707
680703,305770
680703,738226
680703,82576
680703,458523
680703,61024
680777,92378
680777,803946
680777,484151
680777,630825
680777,6893
680777,542534
680809,489337
680809,858714
680809,1002358
680809,1075168
680859,716834
680908,883392
680908,551298
680919,700436
680921,1054232
68093,333931
68093,735770
68093,1092100
68093,981849
68093,386117
68093,127714
68093,370281
68093,29433
68093,629009
68093,942802
68093,408346
68098,576091
680981,94024
680981,161684
680981,777356
680981,246996
681002,1155403
681002,93730
681002,594974
681002,266965
681002,630825
681002,247956
681002,1011282
681002,588431
681017,1107041
681017,658057
681017,94971
681017,547653
681031,621419
681031,41191
681076,208816
681076,430241
681076,185225
681076,456436
681096,207231
681096,700436
681097,1155373
681097,673357
681097,674510
681107,965040
681107,1066000
681107,1073695
681107,592674
681107,581486
681107,1123835
681107,54522
681166,378914
681166,753146
681185,785492
681185,763711
681185,435435
681185,519849
681185,870054
681202,798440
681249,823856
681254,762374
681254,684592
681254,636255
681254,950429
681254,126018
681254,193583
681254,83795
681254,774218
681258,795667
681258,326535
681259,1101013
681259,773518
681263,268357
681263,964613
681263,277635
681263,184777
681263,558135
681263,549314
681298,1044597
681298,765343
681298,688275
681298,59543
681298,673383
681298,1107554
681309,442084
681313,69748
681313,138524
681330,720095
681330,566412
681330,960278
681330,178335
681330,554382
681330,693828
681330,443144
681330,386827
681330,94816
681330,843335
681330,559943
681330,504247
681330,1146349
681330,225136
681330,933844
681330,22845
681330,1158559
681330,1115281
681330,771352
681361,1130236
681361,2299
681434,27781
681444,369922
681444,156033
681466,734505
681466,479851
681504,622067
681513,487042
681536,70434
681536,267077
681536,613069
681555,681555
681629,936385
681629,525726
681629,276770
681669,232345
681723,260339
681725,323588
681725,1001553
681725,179339
681725,343144
681725,676250
681725,257166
681725,711288
68181,852035
681819,476320
681819,843335
681819,891868
681819,29460
681819,1074378
681819,499202
681819,15071
681819,1082418
681819,312085
681819,677452
681819,591887
681819,117400
681942,485940
68200,677315
682013,188175
682013,920633
682013,682013
682013,598168
682054,794228
682054,948433
682197,213417
682214,899388
682247,57082
68225,278542
682253,156267
682253,300694
682266,686262
682266,155557
682278,782073
682278,894658
682278,983019
682309,221759
68231,777356
68231,676418
68231,207509
68231,558946
682341,957930
682341,48099
682341,174544
682341,1095093
682341,173244
682341,1106025
682369,240806
682369,362815
682369,391973
682369,775012
682448,144845
682448,1080414
682458,17719
68248,1073209
682485,250223
682485,853945
682485,1026121
682485,497552
682485,893825
682485,70434
682485,724636
682485,852035
682504,819555
682504,1005176
682504,386870
682597,174567
682597,489681
682597,435875
682597,211965
68262,137399
68262,654237
682622,834411
682622,745752
682625,162806
682636,458609
682636,315167
682684,51351
682684,274980
682684,559943
682684,341556
682684,201629
682684,686097
682684,848909
682684,457200
682684,843335
682684,1062702
682684,386827
682684,451937
682687,841575
682687,998936
682687,952239
682687,898449
68269,559943
682737,557486
682737,851743
682737,1130650
682737,800930
682737,1050868
682737,1108515
682756,1159714
682756,33605
682756,843335
682769,1014353
682796,526871
682796,772795
682796,150377
682796,450290
682796,164317
682796,306253
682796,1076079
682798,444188
68280,179878
68280,1126894
68280,747309
68280,750595
68280,721752
682801,855030
682815,1117007
682815,670817
682914,754461
682914,888756
682914,1150361
682914,203505
682914,243117
682914,1036828
682915,866814
682915,681254
682969,881021
683096,277420
683096,480034
683096,204814
683096,10143
683103,896000
68311,1017256
68311,780088
68311,68519
68311,685545
683124,554382
683124,467205
683124,843335
683124,1096557
683124,742391
683124,870765
683124,115074
683124,903347
683124,386870
683124,461427
683124,559943
683124,242804
683124,630825
683124,771352
683124,82497
683124,92378
683124,479851
683124,879690
683124,651486
683124,803946
683124,1044597
683124,228642
683124,386827
683124,773668
683124,856897
683124,1092448
683124,108601
683124,775268
683124,665157
683124,486093
683124,605588
683124,43636
683124,415333
683124,848909
683124,667420
68314,860965
683158,26072
683194,270272
683194,436157
683212,981188
683212,1043801
683212,598076
683212,588871
683212,1134964
683212,397114
683212,908123
683212,463422
683212,155861
68323,698387
68323,547985
683288,577856
683288,195555
683291,193494
683291,1023461
683310,605638
683310,235305
683340,265942
683340,921356
683340,124857
683340,956474
683340,103646
683340,627542
683340,795168
683340,140009
683340,427997
683340,207552
683340,635173
683454,1017710
683454,421871
683454,300252
683454,70253
683473,685545
683473,486860
683473,2765
683473,18669
683473,747434
683473,1028738
683525,760111
683525,1083529
683525,140476
683525,775108
683525,76662
683525,1104015
683531,155017
683531,1151548
683531,338980
683554,62512
683554,701313
683554,1006496
683554,642205
683554,827983
683554,832046
683554,988002
683554,664987
683554,878788
683554,900792
683554,325516
683554,793940
683554,559927
683566,902082
683619,588348
683619,683619
683619,980631
683619,1113592
683619,140168
683619,408477
683619,127870
683619,897168
683623,81474
683623,212451
683630,685097
683661,884911
683661,273620
683661,986812
68371,963944
68371,565918
68371,1123053
683732,37813
68383,943208
68383,447728
68383,996860
68383,1123835
683858,685315
683858,30132
683864,689733
683864,1130697
683864,1090402
683864,809072
683864,86121
683890,209363
683890,980516
683957,914005
683957,171218
683994,518164
683994,667756
684167,809139
684168,681330
684168,600955
684170,661652
684170,304511
684170,79875
684170,302051
684170,163371
684217,697260
684217,526871
684362,711046
684362,1007999
684362,77920
684362,101597
684362,485598
684362,1110353
684374,732303
684374,355827
684374,896643
684374,414578
684398,796839
684398,958697
684398,511457
684398,309198
684398,186277
684398,43847
684398,64712
684398,992323
684398,118048
684398,364266
684398,800585
684398,857956
684398,721455
684398,483843
684398,997879
68440,1031322
68440,319639
68440,342785
684406,984704
68441,274539
684419,810629
684428,386383
684442,487327
68450,693828
68450,799434
684535,747663
684535,924426
684608,976522
684625,130823
684753,886840
684753,773799
684753,23895
684753,227315
684784,1013038
684784,383615
68479,441034
68479,240350
684791,234338
684795,663611
684829,94867
684829,359716
684829,282532
684865,680063
684865,518429
684865,71567
684865,200753
684865,845354
684865,550982
684865,802086
684907,404967
684907,722874
684937,651355
684986,557646
684986,538997
684986,522354
684986,787287
684986,1057929
684986,604115
684986,583480
684986,830747
684986,699706
684986,711417
684986,556029
684991,849023
684991,249582
684991,913867
6850,843335
6850,871368
6850,156667
6850,559943
6850,1002482
685012,791216
685012,890377
685012,1146131
685013,642205
685013,525393
685013,858767
685013,878788
685013,1042627
685013,988002
685013,792932
685013,859372
685013,899730
68503,141121
68503,361334
68503,488194
68503,556920
685097,959476
685097,1014248
685097,683630
685097,130041
68517,1005176
68517,603552
68517,222620
68517,68517
68519,668368
68519,731262
68519,402539
68519,1017256
68519,68311
685202,81471
685202,1094415
685202,720000
685202,182117
685202,38196
685202,1033388
685202,33225
685202,302051
685202,234229
685202,935450
685233,626059
685233,390236
685233,451574
685233,249474
685290,1127002
685290,149010
685313,841016
685313,653610
685313,984853
685313,89540
685313,239083
685313,216223
685315,30132
685315,683858
685360,226250
685362,677221
685362,658012
68540,388933
68540,124590
68540,433342
685432,806515
685432,633963
685432,657074
68547,519406
68549,763932
68549,719176
68549,48926
68549,824598
68549,596625
685509,770791
685509,240350
685509,334720
685509,103317
685509,905564
685510,1125612
685510,654177
685510,899909
685510,729323
685510,300694
685510,465316
685510,754172
685510,452623
685541,302699
685541,1062222
685541,13751
685541,385483
685541,1148828
685541,290017
685545,232132
685545,18669
685545,668368
685545,667275
685545,846413
685545,1149506
685545,362815
685545,129399
685545,17664
685545,297954
685545,877541
685545,843335
685545,1095233
685545,458637
685545,581794
685545,983510
685545,185108
685545,432234
685545,1046598
685545,310392
685550,806960
685550,1067497
685550,1016615
685637,647671
685637,988032
685712,349967
685712,787139
685712,1114231
685729,29460
685729,898998
685743,318145
685743,100146
685743,240350
685743,334720
685743,122265
685743,81699
685743,769303
685743,103317
685774,563488
685774,605638
685815,1033250
685835,483958
685835,1046224
685835,341866
685835,168402
685837,741444
685860,659964
685860,723489
685893,644464
685893,792590
685930,606670
685930,80178
685930,27781
685930,300396
685930,168402
685930,840148
685930,81474
685930,206379
685930,220970
685930,729255
685930,458523
685930,372186
685930,604944
685930,1073209
685942,21416
685948,152760
685948,1095336
685948,135688
685948,47185
685948,30491
685980,856558
686034,241662
686048,796832
686048,393405
686054,1050509
686054,663173
686054,327037
686054,843335
686054,611430
686097,588848
686097,1044597
686113,524374
686113,859940
686122,875852
686122,920882
686122,257336
686122,248322
686122,224973
686122,1046363
686180,248170
686180,44978
686238,868822
686238,342641
686238,453802
686246,815697
686262,1149283
686262,409941
686262,682266
686262,454616
686270,852018
68633,386402
68633,446983
68633,1082884
68633,275243
68633,620572
68633,633455
68633,671272
68633,782337
686367,762374
686447,843335
686447,309920
686447,1066078
686447,415333
686447,578809
686664,116763
686728,316352
686728,843335
686807,617743
686807,744407
686823,799612
686823,660504
686823,437949
686875,125915
686875,173670
686875,1035142
686875,940852
686875,16024
686875,886730
686875,426647
686954,1145305
686954,721541
687001,347798
687001,592584
68710,566369
68710,882022
687173,832195
687186,353259
687245,276770
687245,658012
687252,660017
687258,42521
687258,841377
687278,1079696
68736,618726
687369,987150
687369,741116
687369,566262
68740,250223
68740,1072492
68740,780494
687411,1074193
687415,87676
68747,1023622
68747,1133106
687511,733554
687556,646481
687558,327191
687606,353259
687614,1108792
687614,468430
687614,189150
687614,181339
687614,726782
687614,361184
687614,740362
687614,428133
687614,248109
687614,249474
687614,513223
687614,639783
687614,31251
687667,694570
687667,760096
687676,257890
687676,627805
687676,550295
687676,651613
687676,1073209
687676,982483
687676,5897
687676,163473
687696,871754
687696,959220
687696,29494
687704,491221
687704,361037
687704,1065871
687743,637666
687743,845440
687751,110525
687751,395244
687751,175429
687808,336794
687813,222814
687813,300682
687828,260343
687868,756264
687868,1072858
687868,590044
687877,245622
687877,231283
68788,136208
68788,46215
68788,301700
687934,33605
687934,554382
687934,386870
687953,861007
688037,701174
688037,801326
688037,191797
688037,126854
688037,430632
688056,385439
688056,668368
688056,33131
688056,811356
688056,635834
688068,522889
688068,517426
688148,962042
688148,818564
688148,785586
688148,625670
688148,1122475
688148,1136943
688201,737903
688201,853975
688201,239448
688201,409611
688201,624476
688201,866037
688201,730783
688201,938090
688201,229220
688201,25668
688230,1003859
688253,505086
688260,502018
688275,567050
688275,81474
688275,285185
688275,83144
688275,465160
688275,284295
688275,687676
688275,801013
688275,709397
688275,688275
688299,918282
688355,334702
688355,165675
688355,606124
688358,550015
688459,1042250
688489,48944
688489,555903
688489,432676
688489,671395
688489,704469
688489,74311
688489,448896
688489,906050
688489,66917
688489,1079377
688489,155851
688489,433243
688489,90255
688489,323920
688489,1050201
688489,915142
688489,1102276
68855,1118769
68855,679644
68855,404486
68855,918154
688578,1079660
688578,841016
688578,860965
688578,1092448
688578,1113852
688578,653610
688578,130281
688578,89540
688578,386827
688578,610095
688578,955467
688578,465953
688578,239083
68858,5318
68858,679966
68858,358819
68858,407221
68858,55765
688639,207552
688639,795168
688639,930834
688690,459528
688690,1047755
688690,1149283
688690,511270
688690,907751
688690,604828
688690,201243
688690,902585
688718,314834
688765,1729
688765,1041363
688765,1096278
688765,702383
688765,851782
688765,654405
688765,121835
688765,907370
688817,846723
688817,396034
688821,808745
688821,461195
688821,1049909
688821,310572
688948,90040
688972,386870
6890,336616
6890,12275
689012,773158
689012,955332
689012,452050
689012,549426
689012,206379
689012,962419
689012,266912
689012,72265
689012,555417
689012,456436
689012,282410
689012,319726
689012,411779
689012,477065
689012,824803
689012,1026121
689012,359892
689012,1067647
689012,14001
689012,389809
689012,127016
689012,299660
689047,1026121
689047,520191
689047,443622
689047,14001
689047,701229
689047,962419
689047,72265
689047,1135613
689047,482420
689047,463248
689047,206379
689047,943699
689047,27807
689053,33605
689053,94816
689053,1162063
689099,829267
689099,471409
689099,1050371
689099,1081864
689099,941253
689099,384296
689099,1083831
689099,424515
689099,790939
689099,1022187
68911,840148
689196,943699
689237,168402
689237,192823
689237,841902
689237,1073209
689237,79674
689237,531413
689237,1060173
689246,519409
689251,215410
68926,957056
68926,128122
68926,666164
68926,651051
68926,910984
68926,213493
68926,983510
68926,828949
689269,601309
689275,578824
689285,33131
689285,1099189
689285,245261
689285,814637
689285,58783
689285,441459
689285,849023
6893,1078388
6893,554382
6893,876021
6893,799355
6893,1065232
6893,954091
6893,371586
6893,347637
6893,345805
6893,691220
6893,1103349
6893,815168
6893,248481
6893,744649
6893,680777
6893,846932
6893,705766
689389,1051577
689389,227521
689394,505878
689394,339892
689424,1032696
689525,522912
689556,109380
689556,84510
689559,885287
689559,108563
689559,28817
689559,734157
689666,424053
689712,316449
689712,962058
689712,707116
689733,86121
689733,150583
689733,234440
689733,430805
689733,438246
689733,1130697
689733,895251
689733,683864
689763,645554
689785,620740
689796,98297
689824,925676
689824,1122778
68985,1035138
68985,702383
68985,948099
68985,478977
68985,197692
68985,1096278
68985,851782
68985,919851
689915,1022272
689945,129815
689945,110402
689945,554382
689986,46545
689986,64442
689986,833998
689986,1113736
689996,1167224
689999,1166930
689999,649443
689999,386402
690011,236864
690033,572147
690099,342755
690112,1114807
690112,623271
690112,389745
690183,1093167
690183,417628
69024,220642
69024,519270
690253,681536
690253,596863
690253,1101540
690253,250223
690253,83795
690253,1072492
690299,520037
690299,1017497
690299,776679
690299,943793
690299,786749
690299,695365
690381,95160
690427,642205
690436,231020
690436,509450
690449,366676
690449,690449
690449,122065
690480,42645
690480,853432
690480,866718
690480,207552
690480,635173
69049,992622
69049,1092983
690504,386175
690509,740927
690519,782337
690525,386003
69055,89144
69055,280679
69055,550952
69055,552950
69055,820719
69055,277933
69055,1131051
690627,168402
690627,793537
690627,29522
690627,729601
690627,1150503
690627,1166930
690627,386147
690627,1081951
690627,646728
690627,169407
690627,871457
690627,482987
690627,381052
690627,846723
690627,1073209
690627,257067
690627,953579
690627,1056164
690627,268914
690627,473355
690627,372802
690627,88456
690642,468926
690704,14094
690966,760096
690983,1086067
691003,559943
691101,491150
691101,244709
691101,674861
691101,63696
691201,937753
691201,781852
691201,102093
691220,744649
691220,6893
691220,924230
691220,828829
691220,1075712
691220,1103349
691220,371586
691221,892218
691221,699706
691221,830747
691221,960615
691221,663199
691221,1103455
691221,934142
691221,290368
691221,1138804
691221,1081474
691221,149294
691221,322804
691221,957691
691221,39168
691221,934439
691221,931681
691228,1158266
691228,818807
691228,114090
691278,947533
691278,774218
691305,104333
691305,980321
691305,678279
691305,237540
691313,820592
691329,719758
691329,882991
691329,975890
691329,337952
691331,35500
691331,841591
691346,955807
691348,1040792
691348,454350
691372,468064
691372,417577
691372,126854
691372,694283
691372,47185
691372,183327
691433,398186
691557,762374
691602,158309
691602,741901
691673,261344
691673,165675
691673,442399
691685,517553
691685,1016615
691685,1149283
691696,929134
69177,58329
69177,334720
69177,880963
69177,324525
691795,737698
691795,906427
69184,683124
691861,772795
691861,543996
691861,762374
691881,701174
691972,47185
691972,116577
691972,843335
691972,114090
691972,508454
691972,129034
691972,899374
691972,1152765
691972,983019
691976,1088876
691976,1005262
691976,229690
691976,875887
691976,365348
691977,877779
691977,28931
691994,511409
691994,110648
691994,762374
691999,150240
691999,419590
691999,17224
69210,949466
69210,918846
69210,306031
69210,187827
69210,114983
692117,936104
692130,480481
692130,656684
692130,157319
692130,1037847
692161,971242
692174,276770
692231,1089707
692285,312408
692311,1087440
692333,181564
692333,924784
692333,920997
692333,280192
692362,702432
692362,1060562
692362,536449
692448,559943
692448,645379
692448,651486
692448,593155
692448,796159
692448,437471
692448,1093682
692448,984889
692448,692448
692448,51061
692448,754461
692448,226284
692488,722825
692488,748376
692488,891296
692488,329407
692500,165563
692500,771352
692618,393309
692621,985141
692636,1023964
692636,984393
692669,338554
692669,902973
692669,91685
692669,757135
692669,676893
692686,126955
692720,554087
692731,115074
692731,137783
692731,909198
692818,963944
692818,185344
692818,894891
692818,411550
692818,413397
692818,611534
692818,13164
692832,531022
692832,372728
692832,764153
692836,1118769
692854,216276
692870,570508
692907,125053
692907,659833
692942,584500
692942,837038
692942,519406
692942,930728
692980,678559
693032,1094830
693051,170262
693051,693051
693057,695365
693057,879690
693057,1044597
693057,848909
693057,186911
693057,1011282
693057,932763
693057,1053061
693057,859940
693057,390308
693057,989690
693057,248481
693072,479457
693072,20358
693072,236864
693072,853945
693078,144604
693089,679644
693106,486093
693106,1048648
693112,681056
693112,879065
69316,11013
69316,39191
69316,295623
69316,135057
693169,408736
693169,223295
693169,912619
693169,975890
69319,438888
69319,1149453
69319,246778
69319,317061
69319,376670
69319,904800
69319,938489
693251,941186
693251,176960
693296,168402
693296,660017
693296,762798
693296,931764
693296,898414
693296,694513
693296,1002956
693296,589828
693296,236864
693296,962058
693305,436643
693306,43847
693306,244533
693306,364266
693306,906141
693332,1066078
693332,1133106
693332,744067
693343,108131
693409,607849
693417,37907
693417,727422
693439,195095
693439,776654
693448,232345
693448,547720
693448,229089
693448,168402
693448,1126309
693520,56973
693520,1161157
693539,928639
693550,953579
693590,640006
693590,883207
693590,129672
693590,769553
693590,1047362
693592,754266
693592,780008
693698,932110
693720,807653
693720,1026514
693735,462477
693735,713215
693735,315634
693735,518429
693749,13281
693750,213454
693750,216223
693828,982222
693828,35599
693828,179522
693828,517553
693828,193583
693828,1016571
693828,954460
693828,197247
693828,528177
693828,518914
693828,1071636
693828,670753
693828,130966
693828,238460
693828,713698
693828,27781
693828,1165523
693828,448646
693875,175979
693875,627196
693875,73691
693875,697675
693875,912882
693875,253630
693875,837302
693875,114333
693923,500110
693923,386061
693923,128985
693963,4179
693963,479851
694027,1042250
694027,757086
694027,837221
694027,281449
694041,430684
694047,800498
69413,1066674
694152,539761
694152,853437
694152,588789
69422,1149283
694232,857068
694232,1038331
694232,234137
694283,539041
694283,173132
694283,135688
694283,552465
694283,47185
694283,1095560
694283,305802
694283,691372
694283,594096
694283,82413
694283,114090
694283,899374
694316,974221
694316,886647
694387,1114375
694387,661803
694387,854804
694405,600802
694422,564286
694422,1005253
694422,445069
694495,1073209
694495,1090551
694513,693296
694513,1002956
694515,859222
694529,559943
694570,878384
694570,468109
694570,468783
694570,693296
694570,1047719
694570,404310
694570,279569
694570,712642
694570,791909
694570,79195
694570,559943
694570,911667
694570,422886
694570,667756
694570,841294
694570,705014
694570,439342
694570,929077
694606,22234
694606,105874
694606,12765
694606,405190
694606,983274
694606,313249
694702,536600
694702,848418
694702,115865
694702,1095311
694702,408390
694702,307135
694747,866718
694801,269345
694801,142823
694801,732149
694855,716493
694855,220970
694855,168402
694855,594545
694855,777533
694855,1023798
694855,939898
694862,10143
694960,179085
694960,304843
694960,265070
69498,1150452
69498,673357
69498,610700
69498,297441
69498,1095233
695003,386870
695003,485598
695003,617496
695003,479851
695004,1042601
695091,848909
695091,129305
695091,717569
695091,373597
695091,777670
695091,989753
695091,1163786
695091,300694
695091,706108
695091,1114920
695091,635071
695091,348479
695091,723044
695091,108424
695091,479851
695091,771352
695091,1027039
695091,1127813
695091,654177
695091,1162063
695091,720481
695091,943564
695105,984199
695138,1033173
695138,206928
695139,168402
695139,942180
695139,566452
695139,386402
695333,843335
695341,159765
695345,342128
695365,906007
695365,528177
695365,605588
695365,879690
695365,843335
695365,460543
695365,390308
695365,1144733
695365,989690
695365,778267
695365,859940
695365,615519
695365,1103349
695365,444
695365,877141
695365,1011521
695365,112062
695365,296840
695365,415333
695365,129878
695365,1076079
695365,145724
695365,1118769
695365,1094415
695365,559943
695365,693057
695365,1023375
695365,554382
695385,855817
695385,594545
695403,1115765
695403,33728
695411,882253
695422,222620
695422,612500
695422,810141
695422,1005604
695456,1026304
695456,585248
695524,195649
695524,522474
695524,471398
69556,357775
695578,15691
695581,121742
695581,673699
695652,554382
695652,956262
695652,1105967
695652,667756
695654,623578
695690,1024580
695690,204645
695690,803946
695690,692448
695740,554538
695740,58329
695740,346767
695740,517295
695740,729601
695740,1130650
695787,652289
695787,277693
695808,1131266
695808,976001
695838,438519
695910,830747
695910,122862
695912,36337
69594,752946
69594,535326
69594,1030822
69594,17171
69594,605516
69594,415695
69594,492448
695978,488194
695978,361334
695978,128986
695978,119555
69598,232792
696006,625041
696010,737250
696010,937606
696108,96375
696120,1050566
696205,1089270
696210,371355
696210,332140
696210,1080383
696210,338496
696210,812809
696216,950008
696216,1042381
696277,901168
696277,723156
696305,982020
696305,1162755
696305,36260
696305,271924
696305,668368
696305,183
696322,674949
696322,24190
69634,630729
69634,36965
696363,367930
696363,403858
696449,762374
696450,397918
696450,943208
696493,955652
696493,1081159
696543,600304
696543,165651
696543,193419
696543,795709
696628,786492
696652,254048
696652,168556
696652,298100
696652,1011676
696652,306052
696652,693306
69676,102471
69676,971193
69676,960278
69676,362619
69676,156267
69676,186078
696820,315445
696820,304976
696820,226702
696820,858805
696887,559943
696912,43200
696912,967739
696929,960294
696929,743738
696929,696929
696991,324628
696993,212808
696993,10348
697010,302090
69708,245261
69708,649184
69708,514023
697138,302051
697138,843335
697172,588446
697172,32500
697178,957835
697178,697178
697178,430825
697206,420647
697206,935460
697206,1118769
697206,1119910
697206,579475
697206,592720
697244,1066481
697260,782073
697260,700358
697260,667934
697354,440388
697354,1107554
697354,856253
69748,870556
69748,77920
69748,890005
69748,712684
69748,965333
69748,681313
697507,383098
697507,606894
697507,87862
697507,735771
697507,802570
697507,488777
697556,102493
697570,420178
697570,620197
697584,510801
697675,627196
697675,693875
697697,771352
697697,638924
697697,1104008
697727,324535
697727,596578
697727,168402
697727,1112553
697780,1006496
697780,642205
697780,988002
697780,615577
697780,42645
697780,349204
697841,165589
697841,118680
697841,762374
697841,758353
697841,1090020
697841,852035
697841,1142306
69785,662113
697935,1064125
697935,1095064
697935,410123
697941,297954
697941,296472
697941,993625
697941,380733
697941,432234
697941,668368
697941,1008301
697941,430377
697941,213493
697941,386286
697941,47327
697941,750108
697941,185108
697941,959390
697984,21167
698129,546878
698129,233580
698165,639555
698165,322284
698165,642205
698165,1058848
698195,817437
698195,1162178
698195,853984
698195,846944
698274,997184
698274,196072
698274,369938
698274,765763
698274,973763
698300,730928
698300,385059
698300,350923
698300,878858
698304,236124
698387,68323
698387,910141
698387,658395
698450,90507
698450,508061
698467,1094396
698467,916996
698467,721674
698467,671351
698467,229974
69859,1082884
69859,1140434
69859,1118769
69859,1001624
698683,930278
698683,667756
698691,716487
698691,207954
698710,1012484
698710,742461
698710,42181
698710,688275
698710,392020
698710,865884
698710,73152
698710,567050
698710,83144
698710,193583
698710,687511
698710,300396
698710,866814
698710,628816
698710,16668
698710,984704
698710,423932
698710,197750
698710,509635
698710,490160
698729,989993
698729,736714
698780,790837
698780,640202
698780,312691
698814,1103415
698814,313323
698814,363095
698814,843335
698814,627206
698814,916510
698814,701905
698814,914990
698814,223295
698814,465262
698836,549351
698836,1018413
698836,463547
698859,528177
698859,244996
698927,306499
698927,1108515
698927,698304
698937,792932
698937,226018
698937,642205
698937,471271
698937,242648
699070,332756
699082,668039
69915,137608
69915,1063756
699183,488194
699239,1122764
699239,1112044
699241,921993
699241,419822
699241,724768
699241,543682
699241,325033
699241,651916
699241,87892
699264,763389
699264,1027069
699264,1057226
699264,1035142
699264,299191
699264,955647
699270,614292
699270,1114039
699270,475676
699270,269976
69932,370762
69932,94728
69932,416678
699326,696929
699326,114090
699326,824342
699331,76577
699331,56756
699331,769775
699331,784003
699331,973453
699331,79977
699331,882262
699331,631807
699331,264036
699331,179990
699331,247137
699365,558946
699378,184462
699456,341023
699456,753345
699456,1128802
699485,1118769
699528,475569
699528,928817
699581,114333
699581,102827
699610,1051875
699656,675257
699706,522354
699706,165647
699706,903433
699706,110301
699706,103325
699706,49678
699706,617474
699706,42645
699706,471271
699706,1057929
699706,195858
699706,577982
699706,371727
699706,830747
699706,678922
699706,937930
699706,282228
699706,893546
699706,967033
699706,121030
699706,572417
699706,1130276
699706,1138804
699706,39168
699706,1103455
699706,851102
699714,786492
699756,898827
699756,339322
699756,779999
699756,532264
699756,776627
699756,984817
699834,1089176
699921,603937
699921,86873
699921,1043013
699979,376427
699982,906050
699982,962058
699982,911071
699982,540690
70008,895157
70008,383336
70008,850200
70008,177387
700081,473355
700081,426663
700163,432488
700163,109304
700163,791438
700163,427520
700163,1118311
700163,1112847
700171,901252
700229,848909
700262,603820
700262,1096257
700262,843335
700262,407003
700262,318152
700262,956188
700262,1019845
700262,614812
700262,554382
700262,610418
700262,838800
700262,349307
700262,826859
700262,487042
700262,1094415
700269,514562
700269,845865
700269,711115
700269,490553
700278,48599
700278,775108
700278,274989
700278,663025
700278,677142
700278,305498
700278,433139
700324,1133106
700339,82497
700339,614123
700339,647703
700339,101711
700339,1016571
700358,98297
700358,131053
700358,1154891
700358,921560
700358,700358
700358,772795
700358,378522
700358,977945
700358,56973
700361,260804
700361,554382
700361,999980
700436,1090243
700436,39168
700436,764084
700485,1139377
700504,279349
700504,742933
700504,521245
700504,684362
700504,1110353
700504,112292
700504,791365
700504,617724
700504,300838
700504,77920
700511,541197
700511,549182
700511,1042601
700511,554382
700511,792590
700511,336990
700511,330828
700511,524147
700511,936823
700540,798878
700540,122244
700577,420851
700577,776289
700577,1034334
700577,642205
700577,42645
700577,202600
700577,293900
700577,699706
700577,668252
700577,877811
700577,1115765
700577,62512
700577,464526
700577,216722
700606,538926
700606,574392
700653,1118769
700653,60747
700661,129309
700661,887056
700661,70406
700661,664389
700661,770589
700661,778958
700661,606894
700661,91284
700661,627565
700661,584382
70067,275773
700729,67166
700755,464580
700762,634276
700820,1066674
700852,339322
700852,898827
700852,733930
700852,636520
700852,722820
700857,1157663
70090,974902
70090,307902
70090,631807
70090,379380
700952,518864
700989,714989
701048,879246
701110,968770
701127,350896
701174,643830
701174,123588
701174,718936
701174,66155
701174,484797
701174,1013277
701174,759667
701174,210195
701174,114090
701174,610095
701174,856296
701174,772795
701174,472208
701174,988002
701174,642205
701174,386827
701174,1095560
701174,172632
701174,925619
701174,898903
701174,283291
701174,564710
701174,126854
701174,430632
701174,778288
701174,584888
701174,892536
701174,855633
701174,243054
701174,746984
701174,378322
701174,724218
701174,669762
701229,658057
701229,853194
701229,959625
701229,569085
701229,962419
701229,251342
701229,689047
701229,145189
701242,1066909
701242,410503
701242,554962
701242,907499
701266,716060
701266,960572
701266,657599
701266,388000
701282,177745
701313,642205
701313,62512
701313,763932
701313,371862
701313,385059
701313,792932
701313,65677
701313,878788
701313,545843
701313,793940
701313,1155102
701313,772929
701313,216134
701313,292561
701313,11871
701313,195858
701313,730928
701313,841216
701320,616104
701320,716805
701320,1062752
701320,1023113
701365,464581
701365,517553
701365,556001
701365,252993
701365,130966
701365,528177
701365,722538
701451,769122
701451,40539
701476,675652
701476,616104
701476,529543
701476,577926
701476,450905
701476,314834
701476,371068
701513,843335
701513,566412
701513,820660
701583,89540
701624,20303
701624,1089583
701701,1167003
701701,477261
701701,147679
701733,758314
701740,1056172
701740,519106
701756,438519
701768,27781
701768,1131917
701768,1142251
701768,1005176
701768,492352
701768,528177
701768,494047
701843,881439
701843,598076
701843,935030
701843,836176
701843,1131051
701856,1146131
701856,791216
701856,371355
701856,696210
701856,1080383
701856,84106
701876,1000953
70189,707154
70189,540305
701905,312468
701905,223295
701905,178646
701990,1107554
701994,390052
701994,656343
701994,1081639
701994,1040038
701994,88954
701994,468404
701994,833934
702012,334720
702012,1032376
702012,905564
702012,1065810
702012,103317
702012,240350
702012,657882
702012,81699
702012,437358
702012,1150503
702012,870497
702012,770791
702012,1071958
702012,86198
702032,1137429
702032,747987
702032,892371
702117,552980
702234,1073930
702316,766948
702316,946994
702316,549259
702316,500180
70237,528177
70237,358819
70237,574353
70237,1132467
70237,1089707
70237,604828
70237,448646
702376,172039
702376,811356
702383,121835
702383,1096278
702383,1729
702383,68985
702383,27362
702383,478977
702383,688765
702383,790269
702383,671272
702383,194173
702383,948099
702383,468625
70240,893692
70240,128937
70240,22385
702432,536449
70248,465262
70248,25103
70248,746433
70248,1035441
70248,558946
70248,185038
70248,710867
70248,777356
70248,485878
702508,997755
702509,160831
702555,925542
702555,1150460
702668,597232
702783,404255
702783,787104
702783,852441
702783,351028
702783,201585
702783,119440
702785,139520
702785,402609
702785,174109
702827,594753
702827,1123174
702827,116617
702827,670376
702827,99223
702827,5677
702833,125884
702833,505325
702864,96375
702864,102795
702864,168402
702878,856897
702878,386827
702878,309920
702878,811571
702878,683124
702878,559943
702972,133249
702985,896381
702985,1028762
703024,703024
703028,190389
703028,537498
703028,146859
703039,95099
703039,339892
703139,1033388
703139,610418
703219,407691
703219,628080
70323,100088
70332,1118769
703329,862104
703349,919952
703349,549301
703392,204645
703392,559943
703392,789688
703392,462487
703392,984126
703466,48599
703466,717692
703466,580287
703466,677142
703466,1040078
70351,647703
70351,620911
703654,342244
703666,433139
703666,577778
703666,687278
703666,1091651
703666,370671
703677,43200
703677,967739
703689,829822
703689,529877
703689,963539
703689,821356
703689,287877
703718,527685
703743,1118769
703743,300353
703743,386402
703759,166799
703772,361334
703772,229027
703772,488194
703797,438653
703922,804943
703922,80105
703922,843335
703922,575444
703922,458609
703922,547291
703922,792590
703922,1000371
703922,1009264
703922,120815
703922,255593
703922,475206
70398,145411
70398,554382
704006,578431
704015,411282
704031,458637
704051,677094
704051,101090
70406,606894
70406,713873
70406,219003
70406,175550
70406,1060236
70406,770589
70406,995042
70406,634126
704072,553778
704211,1057134
704244,729565
704244,895028
704249,1095560
704249,135688
704293,1136943
704305,898137
704305,1073209
70434,108095
70434,681536
70434,613069
70434,114983
70434,83795
70434,586502
70434,1072492
704368,231816
704438,706419
704438,973353
704438,522542
704438,1050868
704469,1079377
704469,31837
704469,323920
704469,671395
704519,792566
704519,128578
704519,976522
704519,992527
704519,247261
704535,94024
704535,777356
704549,149052
704549,559943
704549,1149264
704549,454350
704549,357775
704573,1027766
704623,1125950
704641,581288
704641,1103415
704651,309936
704681,1026330
704681,174567
704681,524003
704754,99938
704754,1091521
704795,998080
704801,1072492
704801,1094217
704801,442567
704801,469848
704801,386059
704801,1041325
704801,402010
704801,193419
704801,333297
704801,1008440
704801,608615
704801,386605
704801,132544
704801,172357
704801,875887
704801,1166281
704801,1005262
704801,1133793
704801,229690
704801,768987
704801,221724
704884,40022
704970,763367
704970,559943
704970,964343
705014,694570
705015,61852
70506,106457
70506,321377
705089,1078173
705089,455042
705090,483571
705121,335610
705131,1129447
705180,1034375
705180,559943
705180,843335
705180,771352
705180,1093995
705180,550026
705180,600199
705246,40113
705246,622869
705252,59498
705260,105874
705260,635511
705260,12765
705260,991789
705260,694606
705260,405190
705260,413046
705260,719324
705331,325782
705331,349376
705331,1125612
705331,122787
705331,553465
705331,90193
705353,848
705353,737963
705429,54158
705429,842208
705455,932277
705475,85502
705558,1063093
705558,617912
705598,1149853
705637,1103415
705637,457928
705766,116577
705766,302051
705766,1115281
705766,159676
705766,1135706
705766,665157
705766,423610
705766,559943
705766,1003504
705766,986975
705766,843335
705811,278053
705811,1037624
705811,642205
705811,57526
705848,1006490
705848,859222
705853,903596
70589,191784
70589,319237
70589,526871
705897,970472
705910,1047719
705910,488194
705910,1162705
70595,836297
705953,485491
705953,1003859
705953,350188
705953,691861
70599,621475
705991,248912
706021,505269
706031,388933
706107,218182
706108,1095075
706108,720481
706108,105528
706108,252993
706108,556001
706108,94816
706108,1027039
706108,427919
706108,695091
706108,922881
706108,877141
706108,612500
706108,1054121
706108,386827
706108,479851
706108,330687
706108,742053
706108,154599
706108,386870
706108,756717
706108,945162
706108,290017
706154,352855
706154,729601
706154,58329
706154,880963
706154,769303
706178,341782
706181,92780
706181,388422
706181,349574
706181,621419
706189,61879
706200,899545
706200,732141
706268,33131
706268,1016091
706268,146501
706296,412549
706320,1009635
706320,1124555
706320,660504
706320,772255
706320,93363
706320,268099
706382,361334
706382,488194
706419,704438
706419,522542
706419,973353
706434,322266
706434,18319
706435,1080006
706435,475904
706435,220235
706435,581325
706435,245110
706435,249724
706435,404351
706435,857336
706435,435151
706435,945467
706446,436800
706504,428463
706504,381475
70653,573012
70654,35495
70654,831637
706561,361828
706573,549874
706586,554382
706586,160450
706586,117506
706586,326663
706586,436316
706586,608753
706586,1066078
706586,948883
706586,523487
70663,609193
706716,959092
706744,1111860
70680,651066
70680,1002584
70680,837373
70680,1109629
70680,352711
70680,495562
70680,415120
70680,1097173
70680,989753
70680,403354
70680,1075985
70680,1005176
706905,1097977
706905,497636
706905,438652
706905,643351
706907,1055916
706907,1066078
706907,627389
706907,724272
706907,867824
706907,706586
706920,490124
706982,602468
706982,840565
706982,1017710
706982,255398
706982,70253
706982,296366
706982,735145
706984,353259
707043,338496
707045,903829
707105,277211
707105,995045
707105,693828
707105,982222
707154,70189
707154,213695
707161,517786
707161,1152554
707161,843335
707161,559943
707161,1026466
707161,779220
707161,877141
707167,187827
707167,466412
707167,865900
707180,593007
707180,98737
707303,34052
707303,1136943
707303,433786
707430,655234
707430,772795
707430,1066481
707479,299743
707479,953654
707479,746782
707479,604828
707479,668471
707479,15869
707479,764084
707479,1081769
707479,19392
707479,217615
707479,8263
707479,1031099
707479,400550
707528,197913
707528,746191
707528,663580
707528,1135127
707536,363039
707536,900143
707536,754261
707536,288772
707536,389716
707536,711195
707666,422154
707683,546415
70774,61316
70774,212573
70774,150316
70774,730310
707741,886069
70777,1132546
707783,282865
707783,772795
707783,56973
707783,797594
70780,864601
707804,368810
707804,562933
707836,866814
707836,1165523
707836,955652
707836,656034
707836,1052210
707836,646481
707836,369922
707836,413764
707836,398361
70790,1149283
707900,126854
707900,183327
707901,1080006
707901,171585
707901,604672
707901,382432
70791,214783
70791,441212
70791,123181
707937,204931
707937,1023113
707937,906819
707937,898618
707937,577926
707937,108875
707937,529543
707962,845354
707966,810460
707966,1065975
707969,383541
707969,426764
707969,854893
707969,270519
707971,524003
707971,13351
707971,217398
707983,35008
707994,140302
708039,926651
708115,813035
708154,511099
708154,224170
708224,212573
708224,1149283
708224,330691
708224,459528
70827,293016
70827,223264
70827,1149453
70827,551298
70827,754703
70827,1152767
708285,734157
708285,465262
708285,393629
708285,849438
708285,112292
708285,1132821
708285,867161
708285,248912
708285,711046
708370,711407
708371,193292
708371,549347
708378,271470
708386,927427
708386,87060
708422,60242
708422,920633
708422,994370
708422,554382
708422,113915
708422,763367
708422,106012
708534,942161
708534,1125776
708581,1151726
708581,592045
708581,109304
708592,1063410
708592,566805
708604,33717
708604,1064329
708621,355420
708660,123588
70868,474494
70868,1057929
70868,691221
708707,806589
708707,1073965
708712,637501
708712,21416
708712,502238
70874,652049
70874,871173
70874,884483
70874,355200
70874,848019
70874,559943
708808,453075
708808,782268
708808,719737
708808,276770
708808,174567
708808,543901
708808,811639
708808,376292
708808,302306
708912,138143
708912,186798
70897,1132695
70897,938824
709,499486
709045,716407
709045,836318
709045,290017
709045,1126337
709116,497636
709116,802718
709116,643351
709335,762989
709335,716404
709397,688275
709397,609517
709501,588446
709501,386402
709501,386870
709501,386827
709501,669450
709501,290017
709501,13751
709501,531413
709501,54731
709527,116577
709527,832681
709527,803946
709527,363039
709527,721308
709527,843335
709527,141462
709541,1003504
709541,989739
709541,1153161
709541,125660
709541,536636
709541,110802
709541,1125853
709541,559943
709541,576215
709613,666443
709622,828329
709633,858352
70967,305620
70967,457928
70967,660745
709674,97351
709674,624327
709674,479851
709674,567143
709674,1064452
709674,884911
709674,1053436
709674,1166930
709674,435435
709674,1051617
709674,980854
709674,687808
709674,782172
709674,376193
70969,386402
70969,168402
70969,232345
709700,102079
709700,1149283
709700,764084
709700,217615
709700,148120
709700,15869
709700,1006403
709700,256532
709700,526039
709700,574251
709700,1031099
709700,811747
709734,204645
709734,559943
709734,485702
709734,739562
709734,960278
709734,301363
709734,325782
709785,880727
709839,333259
709839,833504
709839,927226
709839,457928
709839,1103415
709839,522612
709906,99558
709908,114090
709918,942802
709941,264863
709941,196773
709953,415418
709953,1092448
709953,94816
709953,386870
709953,290017
709953,242804
709953,683124
709953,554382
709953,386827
709953,771352
709966,963674
709966,844232
709966,402010
709983,718455
709983,410325
709983,919848
709983,949678
709983,494548
709983,350138
709983,498288
710058,1149283
71007,172479
71015,250925
710159,32006
710159,781814
710200,176725
710200,515957
710200,483304
710200,509434
710279,29494
710279,582073
710308,970206
710355,389588
710414,651613
710414,1149283
710414,604828
710473,1069520
710473,166799
710473,889585
710473,1033230
710473,720465
710482,489021
710482,1132502
710482,22043
710517,15807
710517,891176
710556,1156953
710656,999714
710656,559943
710675,959625
710683,358580
710683,494152
710683,1151093
710683,976970
710683,343396
710683,280499
710693,858073
710693,566943
710693,75564
710693,911960
710693,720699
710697,21971
710729,758230
710729,228676
710729,359892
710729,49917
710755,82490
710755,141994
710755,465043
710863,1135866
710863,60936
711,599591
711046,618440
711046,791365
711046,1000371
711046,521245
711046,559943
711046,1083950
711046,485598
711046,112292
711046,77920
711046,246692
711046,101597
711046,289894
711046,300838
711046,684362
711046,914229
711092,852556
711092,78513
711092,596034
711115,700269
711115,769614
711136,268602
711136,725080
711177,39521
711195,778283
711195,312514
711195,363039
711195,852319
711195,316367
711195,554382
711235,577561
711257,826859
711257,1033388
711257,51061
711281,470226
711281,514972
711281,21537
711281,1154891
711281,287157
711346,860965
711380,915813
711380,924664
711380,390433
711380,293419
711380,520317
711380,182793
711387,514497
711407,437623
711407,708370
711407,409779
711407,1029422
711407,517260
711410,436401
711410,10841
711417,830747
711417,164102
711417,449634
711417,39168
711417,1045193
711417,556029
711417,787287
711628,903180
711628,713986
711628,798305
711628,1004481
711729,248061
711729,20358
711729,968962
711798,697260
711798,782073
711798,727093
711804,488194
711842,560290
711842,559943
711842,920968
711842,940079
711842,1082418
711842,676526
711842,197653
711842,45939
711842,890325
711842,521568
711842,771979
711842,1135257
711842,893562
711842,652265
711842,455803
711842,950903
711842,845081
711872,282403
711872,219599
711872,578520
711872,58329
711872,1130650
711872,554538
711872,729601
711872,450823
711872,335813
711872,695740
711908,506462
711913,135230
711932,867592
711932,171936
711932,540690
711932,506670
711932,699982
711942,762374
711942,278806
711966,855000
711966,1053061
711966,843335
711966,380040
712071,361462
712099,962163
712099,45769
712099,942033
712121,506465
712121,1031322
712130,134670
712167,1003859
712207,796159
712207,843335
712273,718026
712287,268273
712360,774665
712382,943793
712382,332601
712515,644464
712529,324925
712529,1074731
712558,1032136
712558,832792
712558,1001083
712562,169093
712616,727623
712616,457404
712642,41854
712642,280112
712642,788274
712642,503391
712642,694570
712657,386402
712684,976302
712684,1151144
712684,1142663
712684,76883
712684,69748
712684,558946
712698,204645
712698,22845
712698,681330
712698,720095
712698,746691
712698,452468
712698,559943
712711,1076857
712711,485702
712711,465316
712711,784729
712711,300694
712711,1055625
712711,712711
712726,1043395
712726,1052392
712726,187827
712726,168402
712726,779477
712726,268914
712726,582463
712726,306031
712726,759765
712726,490140
712726,114983
712770,516217
712770,635228
712779,427890
712807,664198
712807,518429
712807,550982
712840,541700
712935,237540
712937,4306
712937,1105396
712944,969972
713,652019
713,697260
713049,1116866
713049,530983
713121,706409
713121,336622
713162,168402
713162,291670
713167,139955
713167,420921
713167,187487
713215,5018
713215,832462
713215,763204
713215,693735
713228,134670
713260,328823
713260,70406
713260,518860
713260,129309
713260,215696
713260,579177
713260,1004276
713260,139328
713379,611921
713379,447339
713379,256876
713379,558867
713379,395010
713379,860965
713428,176873
713428,114983
713428,150815
713520,66334
713535,58836
713549,330240
713560,29530
713560,290017
713560,1138617
713560,352711
713560,386870
713560,1027725
713560,216691
713560,720081
713560,651066
713560,77544
713560,771352
71357,336719
71357,706586
71357,848909
71357,542464
71357,149494
71357,260035
71357,610418
71357,946425
71357,1094415
71357,1033388
71357,296598
71357,1139928
71357,715819
71357,843335
71357,385406
71357,1066078
71357,479851
71357,754461
713570,72888
713570,650006
713607,511281
713607,826283
713607,981849
713607,479885
713607,522474
713607,30983
713607,581601
713607,831837
713630,575566
713630,522542
713630,334509
713633,438685
71367,1001898
713694,89540
713698,693828
713712,926663
713712,168402
713736,397957
713799,685545
713803,601309
713873,770589
713873,70406
713899,594134
713899,527814
713899,955954
713899,156515
713899,960197
713899,487482
713899,1072032
713899,860154
713899,903311
713899,597466
713962,837148
713962,495001
713962,1080439
713962,212161
713962,390963
713973,11620
713973,408346
713973,333931
713973,991635
713973,1062880
713973,981849
713986,711628
713986,992034
713986,1033216
714046,629009
714086,67970
714261,785287
714283,1062053
714349,1045778
714349,1002435
714351,149052
714351,989767
714351,933560
714355,1141266
714355,770273
714368,554382
714368,35565
714368,692636
714368,3307
714368,328920
714368,803946
714368,1040570
714368,1081159
714368,329372
714368,1130221
714368,22019
714368,771352
714368,984393
714403,606894
714403,584382
714403,646888
714403,237540
714403,995042
714403,70406
714403,770589
714474,119202
714474,177520
714479,282330
714479,114175
714479,214094
714538,119665
714538,727492
714538,673901
714538,370139
714595,1112044
714638,952346
714638,1110434
714638,37907
714638,1118769
714638,779967
714638,936119
714638,792590
714638,433139
714638,149856
714638,189789
714638,119553
714638,465608
714638,1021543
714638,855798
714638,1082418
714647,45899
714647,554240
714649,351650
714649,1073328
714649,961059
714649,6037
714649,884911
714649,456250
714649,297998
714649,113407
714650,611078
714785,857059
714785,1021543
714848,1161753
714848,1149506
714848,283497
714848,910984
714848,1016500
714848,61241
714956,804738
714956,676165
71498,997214
714986,153618
714989,700989
715023,842752
715023,1030314
715046,1013040
715046,260239
715046,739312
715046,956286
715046,1042250
715046,584381
715046,978039
715046,381958
715046,719358
715046,531022
715069,494468
715069,1115765
715069,377940
715069,573723
71508,246458
715098,968789
715110,1120952
715110,185683
715113,380025
715165,387206
715171,1003504
715171,576215
715171,989739
715239,528774
715291,16961
715303,596578
715303,361618
715303,1112553
715334,957691
715334,865921
715349,577778
715372,342785
715372,992792
715372,601735
715372,840445
71540,782337
71540,566452
715446,29460
715446,95099
715447,526039
715447,764084
715447,1031099
715601,914594
715650,1126337
71567,928498
71567,845354
71567,518429
71567,200753
71567,550982
71567,684865
71567,651291
715691,109952
715789,366347
715819,120378
715893,33728
715910,33717
715950,604828
715950,1090243
715950,521045
715950,207231
715976,463868
715976,230202
715976,311359
716007,409011
716007,466412
716007,168402
716007,953579
716060,49484
716060,701266
716060,809534
716113,355420
716155,77516
716155,967739
716160,376483
716160,1161157
716160,319237
716227,886069
716258,594088
716258,843335
716258,924726
716258,774655
716258,625612
716258,792590
716258,667878
716320,146428
716335,1091651
716357,554382
716357,1018330
71636,548321
716403,418995
716403,1104871
716404,405859
716404,468404
716404,709335
716407,709045
716449,1139343
716458,142174
716458,732820
716458,617417
716458,1042250
716487,827580
716487,800882
716487,1132216
716493,596578
716493,600712
716493,532260
716493,973717
716554,1040065
716554,718393
716554,1085162
71657,494315
71657,519151
71657,513405
71657,127049
716611,1099128
716683,804116
716683,1102958
716726,62271
716726,550645
716726,1032729
716805,1032052
716805,314834
716805,48105
716805,626989
716805,898618
716805,320154
716805,1062752
716805,616104
716805,109164
716805,707937
716805,988791
716807,973065
716807,983438
716834,453510
716834,680859
716843,532110
716843,497636
716843,936419
716843,27781
716843,866330
71686,754261
716951,1101859
717008,800585
717008,730500
717008,958697
71704,270670
71704,343392
717047,570593
717047,584653
717047,147745
717047,355827
717047,606729
717047,550645
717068,506839
717102,997214
717102,169433
717104,193419
717104,531695
717155,1114153
717155,596758
717155,473398
717155,484797
717155,778288
717155,907233
717155,1018286
717184,1062222
717184,796432
717184,49252
717202,894641
717212,482612
717221,1079637
717221,1025260
717221,369735
717226,1047719
717226,479851
717226,678413
717226,488194
717315,153474
717315,1118769
717315,935460
717315,1082418
717468,171128
717468,1102943
71755,400089
71755,1107001
71755,812341
717550,593127
717550,460740
717562,398186
717569,1027725
717569,1032782
717569,723044
717569,386827
717569,480611
717569,1119347
717569,994962
717569,251027
717569,554382
717569,599392
717569,1031282
7176,736644
7176,121464
7176,161154
717625,22381
717625,782073
717628,615928
717628,837367
717642,1131189
717660,48368
717692,786094
717692,1040078
717692,457662
717692,775108
717692,277216
717692,64531
717692,338575
717696,33032
717933,602696
717983,892020
718026,712273
718038,394272
718038,1136943
718038,433786
718038,1040074
718038,34052
718062,1026948
718062,882561
718102,661288
718146,953579
718146,656480
718147,804069
718175,528177
718273,975890
718289,1113762
718295,848588
718295,261444
718295,667934
718295,1015822
718295,526871
718360,975238
718360,6425
718372,952614
718372,75121
718372,806409
718372,312393
718372,557365
718372,202585
718372,48044
718372,628248
718393,411516
718393,677291
718393,254992
718393,78761
718393,1073209
718393,876847
718393,255561
718393,177908
718393,542934
718393,747405
718393,168402
718393,654303
718393,379371
718393,761999
718393,361828
718393,1086793
718393,853185
718393,1064087
718393,399866
718393,912442
718393,905620
718393,803946
718396,486912
718396,923047
718455,506347
718455,709983
718455,908263
718455,1027061
718455,498288
718455,461206
718455,350138
718455,1142678
718455,410325
718455,494548
718455,949678
718468,1143278
718468,848418
718468,388524
718506,547869
718506,805454
718506,91530
718506,650261
718506,232921
718574,1108348
718574,463242
718574,352192
718574,396155
718634,773031
718634,657192
718634,1107022
718634,875887
718634,348738
718634,428196
718634,988899
718634,853405
718634,1005262
718634,221724
718634,96727
718634,229690
718634,834087
718634,284095
718634,1033265
718634,119440
718634,1094217
718634,1088876
718634,704801
718634,372227
718634,1073965
718634,485074
718634,768987
718634,475971
718837,509793
718837,208610
718837,399854
718837,776302
718837,465608
718837,843335
718895,784927
718923,652049
718936,533005
718936,701174
718938,457928
718938,166491
71896,772795
71896,412956
71896,376483
71896,131053
7190,693057
7190,870785
7190,994370
7190,204645
7190,803946
7190,705180
7190,559943
7190,554382
719113,350060
719115,472394
719115,207173
719123,1009831
719191,843335
719191,554382
719204,610095
719204,84275
719204,472394
719204,792590
719204,559943
719204,528177
719204,966313
719204,813549
719204,678031
719204,803946
719204,519270
719204,1019233
719204,302051
719204,663049
719204,1125853
719204,658291
719204,554382
719204,683124
719204,877141
719241,354395
719241,640099
719241,660906
719241,734505
719241,74771
719241,1062222
719241,13751
719241,531413
719241,797141
719241,49252
719312,242804
719324,936607
719324,1028557
719324,22234
719324,405190
719324,1051180
719324,56875
719334,351734
719334,1011875
719358,633963
719358,317082
719358,663679
719358,815697
719358,293776
719358,198620
719358,849987
719358,628248
719358,910693
719403,570873
719427,284295
719427,1162354
719427,327300
719427,81474
719427,461457
719451,1070535
719451,145687
719486,640628
719494,1050061
719499,576902
719499,52582
719499,1129978
71955,33131
71955,172039
71955,668368
71955,552805
719591,991227
719634,955647
719634,241965
719634,699264
719634,763389
719634,522912
719653,997184
719653,1008920
719653,54972
719653,916077
719737,376292
719737,923156
719742,235206
719742,756690
719758,714847
719758,36945
719758,1040609
719758,1163563
719758,277432
719758,506165
719758,602046
719758,1157536
719758,792590
719758,975890
719758,843335
719758,658012
719758,498258
719758,307494
719758,559943
719758,897168
719801,183
719801,670445
719801,668368
719812,507033
719818,746984
719818,980194
719874,412409
719874,230893
719874,786492
719874,253022
719874,729654
720000,1033388
720000,453169
720000,779277
720000,610418
72004,891667
72004,888360
72004,136231
72004,159768
72004,755911
72004,597704
720095,848909
720095,803946
720095,22845
720095,247868
720095,479851
720095,559943
720095,843335
720095,554382
720095,822699
720095,661021
720104,772795
720148,116404
720148,89447
720148,993723
720151,676526
720151,594303
720157,950939
720157,602696
720158,653987
720158,815030
720162,569568
720162,462748
720162,724767
720183,383513
720183,312817
720183,501339
7203,966512
7203,13281
7203,1130396
7203,360229
7203,339892
7203,29460
7203,1163979
7203,95099
720321,368810
720321,88896
720321,946338
720345,481639
720345,917733
720385,238460
720385,656055
720385,193046
720403,1013143
720403,911055
720465,805092
720465,671272
720465,744914
720465,889585
720465,453359
720472,764372
720481,706108
720481,476330
720481,1125612
720481,549232
720481,553254
720481,1027039
720481,856638
720481,804954
720481,1163786
720481,695091
720481,763367
720481,960278
720481,1129934
720481,300694
720481,1155111
720481,186078
720481,754172
720481,989753
720522,661803
720522,469742
720619,459528
720629,225295
720699,763815
720699,733771
720699,710693
720699,441848
720699,973289
720699,911960
720742,40019
720742,461206
720742,718455
720775,636374
720785,609002
720797,646409
720947,53138
721056,601309
721056,874717
721174,22929
721174,32683
721174,1062222
721174,559943
721174,517553
721174,360229
721174,679966
721174,1089707
721174,336542
721174,528177
721174,271544
721174,1005368
721174,55765
721174,124690
721174,216297
721174,363513
721174,27781
721174,534088
721174,290017
721174,238460
721174,403918
721174,367174
7213,408346
7213,526318
721308,934304
721308,389716
721308,1093725
721308,363039
721308,843335
721308,711195
721308,662019
721385,926410
721442,270571
721442,260855
721442,1016498
721455,1073209
721455,186277
721455,169407
721455,1099189
721455,1113489
721455,796839
721455,958697
721455,511457
721455,168402
721455,887528
721455,118048
721455,800585
721455,395472
721455,997879
721455,43847
721455,312691
721455,414949
721455,364266
721455,717008
721455,694495
721455,803233
721455,276307
721461,484797
721495,641377
721495,733030
721532,433139
721532,151444
721532,818368
721532,58737
721532,700540
721532,370671
721532,274989
721541,775108
721541,870556
721541,165675
721541,433139
721541,436715
721555,1082884
721555,870765
721555,479851
721555,909147
721555,27781
721555,800922
721555,386827
721555,1089176
721555,610095
721555,843335
721555,592169
721555,561746
721555,610418
721555,34019
721555,1000371
721555,852140
721570,232630
721570,7190
721580,149052
721580,230606
721608,740088
721608,361672
721674,825413
721674,326799
721674,1054440
721674,698467
721684,804069
721752,1126894
721752,68280
721752,821097
721796,492448
721796,605516
721796,634378
721796,382468
721796,357059
72184,871334
72184,962517
72184,559943
72184,1062222
721841,563424
721841,386870
721841,386827
721841,771352
721841,1117072
721841,16503
721934,731277
72199,532380
72199,117159
72199,19103
72199,676861
72199,393870
722120,436821
722188,197354
722188,1062222
722188,98997
722188,400175
722188,1073209
722188,168402
722188,21141
72220,76705
72220,159816
72221,54622
72221,666163
72221,1016305
72221,357737
72221,616049
72221,206876
72221,9696
72221,750187
722239,1135674
722239,361300
722251,790812
722251,386061
722251,167056
722251,681254
722303,777356
722303,207509
722361,1031935
722363,1149283
722363,759436
722406,379219
722406,424459
722406,1077318
722453,725863
722453,868541
722530,514414
722538,252993
722538,243865
722538,1005176
722538,556001
722538,1059358
722538,909959
722538,701365
722559,151444
722559,457662
722559,818368
72265,210330
72265,1041774
72265,1067647
72265,299660
72265,1078730
72265,955332
72265,282410
72265,337771
72265,266912
72265,456436
72265,1033261
72265,228676
722667,47208
722667,242001
72267,868734
72267,73691
72267,837302
72267,693875
72267,671304
72267,808094
722734,223161
722734,349984
722734,631906
722734,819829
722806,724767
722811,683124
722811,843335
722811,247956
722811,803946
722811,1044597
722811,312408
722820,517786
722820,247511
722820,725172
722820,1115281
722820,700852
722825,692488
722825,329407
722825,220371
722835,1021051
722842,825985
722871,271544
722874,684907
72289,771352
722954,923783
722956,871032
722963,489573
722963,63047
722963,239390
722963,402479
722963,957351
722963,498258
723043,986209
723044,1027725
723044,81474
723044,1123589
723044,717569
723044,695091
723044,756717
723044,723044
723044,373597
72313,76700
723141,599373
723141,90786
723141,843335
723141,795247
723141,279569
723141,469743
723141,468933
723141,103280
723141,78513
723183,395292
723183,990820
723183,750072
723183,376483
723183,13555
723183,1086357
723183,824685
723183,649123
723183,1140768
723183,798539
723183,1115697
723183,553728
723183,1071629
723183,1025514
723183,10143
723183,844385
723183,382155
723183,417628
723183,604347
723183,210473
723183,1092624
723183,608157
723183,932484
723183,629966
723183,534224
723183,192145
723183,765343
723183,9696
723183,648739
723183,1108832
723183,42521
723183,565915
723183,640846
723183,559943
723183,638924
723183,1113286
723183,257166
723183,386776
723183,1055760
723218,206822
723218,30347
723218,841523
723218,1065871
723283,477406
723283,297299
723421,942802
723421,29433
723421,981849
723421,370281
723421,205490
723421,676271
723421,437763
723421,709918
723421,490464
723421,783387
723421,1106747
723429,633455
723436,560876
723436,474152
723436,290017
723436,213328
723436,115074
723436,903347
723479,809139
723479,750072
723480,257765
723489,531413
723489,659964
72357,145209
723572,485598
723649,926464
723649,832401
723649,1074700
723649,926410
723659,844058
723659,454350
723703,737774
723703,1101945
723703,1079759
723703,369922
723703,33605
723703,903347
723703,204645
723703,559943
723703,789688
723757,195858
723757,1089504
723758,845767
723787,756599
723787,211630
72380,340873
723811,386827
723811,94816
723896,473461
723896,567317
723896,1126894
723896,429108
723931,113739
723946,1084613
723983,785852
723983,481708
723983,614563
723983,1073209
724038,1066078
724038,215885
724038,803668
724038,948883
724038,1139344
724048,295623
724048,614653
724069,560794
724090,852717
724090,290017
724090,528177
724090,517553
724090,1016463
724090,304843
724090,31520
724090,943967
724090,76700
724090,384846
724090,459528
724090,409941
724090,495321
724106,1150503
724112,450137
724118,264023
724118,1095560
724151,321867
724151,1102321
724151,240516
724213,400175
724218,701174
724218,80274
724248,927898
724248,801013
724272,944520
724272,847352
724272,706907
724272,360740
724272,809465
724272,1125923
724275,31008
72430,374747
72430,741195
724306,238460
724306,777589
724306,1137367
72431,5327
72431,751996
72431,229174
72431,397172
72442,312408
72442,232338
72442,488191
72442,683124
72442,559943
72442,1079759
724448,1130903
724467,627206
724467,964849
724467,958757
72449,56973
72449,563829
724491,992792
724491,1088927
724493,827161
724493,906354
724493,119732
724493,971372
724520,414090
724520,713986
724520,736004
724520,1016812
724575,772795
724575,56973
724575,306253
724575,303887
724575,376483
724575,868636
724595,400373
724595,135923
724595,1066674
724625,599604
724625,84973
724636,250223
724636,852035
724636,639125
724636,265126
724636,853945
724636,643201
724643,371355
724643,764704
724767,1063162
724767,792249
724767,1021132
724767,369406
724767,338940
724768,543682
724768,699241
724768,190389
724768,1082418
724793,59498
724798,325782
724798,960278
724798,1025315
724798,73246
724798,980078
724798,1076857
724812,762374
724812,498788
724812,103032
724886,1167046
724886,378547
724900,109380
724900,601584
724900,380673
724916,605516
724916,17171
724916,736011
724916,357059
724916,804875
724916,415695
724916,761787
724916,492448
724916,535326
725041,291227
725041,565529
725041,1150689
725080,268602
725080,711136
725084,376483
725084,772795
725142,353517
725142,556637
725142,1153205
725142,600824
725172,722820
725172,247511
725181,96975
725186,838342
725186,397280
725195,870880
725228,968898
725228,990749
725340,1016269
725340,583007
725340,1141266
725340,1098126
725340,10938
725340,660601
725340,789126
725340,183839
725344,386605
725344,1107022
725344,348738
725349,267838
725349,315183
725349,702827
725349,1141492
725357,1043456
725357,461303
725357,369135
725357,1103415
72536,281300
72536,130751
72536,176386
72536,1100346
72536,333270
72536,547404
72536,585218
72536,35267
72536,967612
72536,903825
72536,111302
72536,113998
72536,772316
72536,1027995
72536,755833
72536,11801
72536,223261
72536,118859
72540,1023145
725469,899374
725469,126854
725469,114090
725469,735586
725469,47185
725517,88538
725540,997646
725540,815697
725540,663679
725554,31646
725559,190607
725578,302051
725578,1119681
725578,1027039
725578,599392
725578,1005805
725578,695091
725578,949941
725578,494047
725578,109013
725578,612500
725578,559943
72558,848909
72558,855000
725584,762301
725592,827193
725592,380117
725592,982229
725596,843335
725649,530107
725691,111250
72573,120915
725761,818365
725761,361334
725761,488194
725761,556920
725761,255505
725761,35828
725765,994364
725765,530107
725765,797129
725794,430840
725821,1073209
725842,984751
725863,619425
725897,870765
725897,486093
725953,230202
725953,649994
726153,435670
726153,667756
726167,735569
726167,978039
726182,683124
726182,444
72619,488194
726219,344946
726219,906329
726226,480518
726233,50414
726233,1079509
726233,865901
726233,1013638
726233,623481
726268,771352
726268,879690
726268,94816
726268,584253
726268,1011282
726273,772795
726273,376483
726273,131053
726273,56973
726330,726330
726338,993675
726374,341023
726440,870054
726440,336794
726440,435435
726440,531333
726440,480445
726440,940392
726472,341040
726472,36337
726473,592024
726502,1003859
726577,1077960
726577,752508
726629,810117
726709,901914
726709,938520
726741,651613
726753,188457
726753,1081639
726782,181339
726782,687614
726782,465971
726782,32032
726782,639783
726782,189150
726782,428133
726782,248109
726782,468430
726782,740362
726782,847845
726782,1108792
726782,249474
726826,930911
726826,112298
726826,1041363
726826,907370
726832,928379
726832,414919
726845,588778
726845,771352
726845,6893
726845,1126554
726893,1031322
726906,547986
726906,566369
726961,250449
726961,134670
726981,96711
727015,744097
727015,569894
727015,1166930
727015,54972
727084,143168
727084,499003
727084,345348
727092,559943
727092,660473
727093,712770
727093,279424
727093,148419
727093,782073
727093,635228
727093,25152
727093,56973
727093,711798
727093,464291
727093,21318
727098,1131199
727098,1081804
727098,457928
727120,899374
727131,83795
727149,497290
727149,485598
727149,1091660
727149,1142663
727149,248912
727149,639972
727170,1158181
727170,313716
727170,221724
727170,1079730
727186,1015822
727186,85771
727208,191919
727208,344543
727284,822819
727326,224973
727326,242001
727326,920612
727326,572424
727357,734794
727422,1097443
727422,37907
727422,160147
727422,693417
727455,670456
727455,624858
727455,853998
727482,1082418
727482,1118769
727482,717315
727482,1008167
727492,714538
727492,122770
72753,728354
72753,97351
727531,738031
727579,739274
727579,485940
727579,168402
72761,879300
72761,1142251
72761,911330
72761,634618
72761,19984
72761,834917
727619,480727
72762,238460
72762,693828
72762,528177
72762,130966
727623,712616
727645,925024
727645,677221
727645,267599
727645,349268
727645,592628
727645,949554
727700,551298
727700,284273
727701,1073209
727701,168402
727718,813247
727718,1138868
727718,550398
727718,166360
727718,727718
727722,454350
727729,288230
727749,260344
727749,6893
727749,846932
72783,113147
72783,17971
72783,650653
727833,1130644
727841,100797
727841,498070
727845,271544
727845,364527
727845,721174
727845,693828
727845,367174
727853,1005176
727853,27781
727853,130966
727979,699656
72801,1126894
728048,679966
728048,1117708
728048,517553
72807,645338
72807,914590
728141,274989
728141,775108
728141,786094
728167,1103415
728169,255294
728169,638049
728169,879711
728228,1041215
728228,1118769
728301,938819
728301,30698
728301,511899
728301,471598
728319,106457
728336,46641
728354,440478
728354,1166930
728354,1064452
728354,300759
728397,1025691
728435,114090
728466,371715
728466,852441
728466,266205
728470,709541
728478,1141266
728478,794971
728511,868734
728511,414819
728514,501005
728522,207222
728636,471271
728636,830747
728636,811812
728636,937930
728636,619290
728652,146011
728652,1109801
728710,766948
728710,975890
728710,802864
728710,718273
728731,96375
728731,497552
728731,853945
728740,1082701
728740,290932
728740,843335
728740,380040
728740,415333
728740,373391
728740,705766
728740,968898
728740,652534
728740,100809
728831,265549
728856,852441
728883,484797
728883,762374
728928,459528
728928,709045
728928,604828
728928,693828
728928,1149283
728928,754343
728928,409941
728928,157605
728928,1126337
728928,954460
728928,866814
728928,1157701
728928,879246
729012,617912
729012,42038
729012,742134
729051,578089
729055,559943
729055,319666
729081,486763
729081,780037
729112,146249
729112,225107
729112,713707
729112,562989
729112,1039414
729112,1074736
729112,629563
729112,144845
729112,571550
729112,560979
729112,628651
729112,682448
729112,1080414
729112,359140
729118,149052
729255,885102
729255,239452
729255,759765
729255,306031
729255,936806
729255,237820
729255,1043395
729255,1052392
729255,187827
729255,528177
729255,779477
729255,1109721
729255,168402
729255,248896
729255,240776
729287,1065145
729287,402623
729287,83973
729287,573558
729287,244492
729287,852443
729291,822732
729323,685510
729323,196143
729323,772140
729323,1125612
729323,750472
729323,377566
729323,300694
729323,899909
729323,526308
729323,843335
729323,943564
729323,465316
72934,853194
72934,547653
729356,188432
729542,1145171
729565,907916
729565,1085162
729565,411516
729565,380046
729601,168402
729601,268914
729601,813962
729601,897543
729601,648981
729601,522630
729601,911071
729601,695740
729601,554538
729601,575658
729601,1073209
729601,880963
729601,848418
729601,846413
729601,86770
729601,948582
729601,642205
729601,953579
729601,688578
729601,537779
729601,423241
729601,690627
729601,497976
729601,1150503
729601,272398
729601,335813
729601,373462
729601,148776
729601,794820
729601,551738
729601,271140
729601,39408
729601,372802
729601,195000
729601,58329
729601,166453
72964,36337
72964,216223
72964,541110
729654,81474
729654,797232
729654,786492
729791,893011
729806,531007
729806,18463
729806,1007998
729829,915813
729920,770226
729938,1153703
729938,149052
729938,357775
72997,780494
72997,83795
72997,250223
730015,913964
730015,191008
730015,549259
730046,1139368
730151,956188
730166,973522
730166,357588
730166,843172
730166,1103415
730233,650488
730235,1050291
730235,848909
730252,795869
730310,464581
730310,960278
730310,150316
730310,943564
730310,61316
730310,70774
730316,596034
730361,901914
730379,145974
730405,853657
730405,400815
730405,361215
730405,334616
730405,45810
730405,468597
730444,218165
730500,386402
730500,852742
730500,159764
730500,688948
730500,1151548
730500,282410
730500,958697
730529,992792
730568,50884
730568,197813
730598,478648
730598,106457
730603,849883
730603,1110793
730627,271544
730697,178163
730697,153429
730697,31123
73077,52629
730783,364793
730783,536741
730783,614662
730783,10143
730783,768511
730791,603353
730791,553398
730791,413676
730804,60494
730804,196386
730928,195811
730928,385059
730928,217363
730928,670734
730928,250559
730928,878788
730928,554382
730928,701313
730928,792932
730928,808118
730928,748862
730928,973615
730928,798963
730928,479851
730928,271931
730928,519093
730928,988002
730928,124857
730928,216134
730928,572207
730928,361184
730928,62512
730928,642205
730928,195858
730928,793940
730928,858767
73095,1134524
73095,1089176
731000,950162
731000,510756
731013,376483
731013,56973
731013,772795
731013,278806
731013,22381
731013,1052034
731039,559943
731039,50043
731042,159764
731087,1155111
731087,205407
731138,224147
731172,976522
731235,559766
731262,1017256
731262,685545
731262,68519
73127,824694
73127,266904
731273,258247
731273,358367
731273,465298
731273,606894
731273,770589
731273,953278
731273,536096
731273,163371
731273,496379
731273,1158903
731273,219003
731273,634126
731277,1105972
731277,510567
731277,721934
731377,295586
731377,85084
731377,547706
731382,1058287
731428,842341
731441,13751
731441,1062222
731441,508207
731441,651056
731503,34814
731503,277432
731503,227128
73155,32674
73155,416377
73155,775108
73155,1157882
73155,1092786
73155,1121779
73155,33383
73155,465262
73155,1021543
73155,832724
73155,573487
731593,335205
731634,661156
731688,531007
731688,729806
731688,801013
731706,967077
731706,1148339
731706,833349
731706,332588
731706,31292
731730,1151548
731730,775108
731730,4306
731730,257444
731730,1124707
731730,998080
731730,1095233
731747,835913
731747,1125388
731747,843335
731747,856092
731747,468064
731747,47185
731747,114090
731747,899374
731872,402834
731872,13751
731896,861103
731896,328515
731896,675856
731896,504940
731896,81474
731928,1017710
731928,353259
731928,70253
732020,872688
732029,47185
732029,144765
732029,899374
732029,116404
732029,539406
732032,716843
732058,1120952
732141,706200
732149,142823
732149,269345
732149,694801
732303,18027
732303,355827
732333,1110291
732333,1001083
732347,812979
732347,1058089
732347,465953
73236,925976
73236,388000
73236,624728
73236,598076
73236,772039
73236,657599
73236,669533
73236,53329
73236,463422
73236,424866
73236,27819
732364,872979
732364,597779
732364,308026
732364,771979
732364,559816
732364,380016
732410,71567
732417,56973
732417,850526
732430,853801
732439,257336
732439,75475
732439,305294
732439,734142
732439,804136
732439,46545
732439,501005
732439,569337
732439,396988
73246,960278
73246,1076857
73246,980078
73246,893938
73246,325782
73246,724798
732598,301700
732598,136208
732598,1079058
732753,277693
732753,647202
732753,935207
732753,1040038
732753,386402
732753,1081639
732764,753469
732764,602698
732809,63047
732820,1042250
732820,637089
732867,468404
732867,864529
732867,738334
732867,960189
732867,933469
732872,577982
732876,515298
732876,86985
732876,626189
732936,854212
732936,1042250
733000,468005
733022,785446
733022,638924
733030,721495
733030,95344
733030,641377
733103,314834
733130,386870
733130,804630
733135,262042
733135,916996
733146,683124
733146,602464
733146,1056525
733194,937884
733194,843335
733194,1054616
733239,843335
733239,151376
733239,600955
733259,81474
7333,183806
733349,21493
733399,775108
733399,611252
733399,277216
733454,821236
733454,204587
733454,739110
733454,489754
733476,537341
733476,832410
733548,55765
733554,679966
733554,1210
733554,698710
733554,687511
733554,807708
733607,1118769
733607,179008
733623,782073
733623,156857
733635,566369
733649,759765
733649,779477
733654,423915
733694,863837
733694,510291
733771,911960
733771,97229
733771,468404
733771,430273
733771,202354
733771,973289
733771,960189
73378,255249
733930,700852
733930,265741
733930,705766
733930,843335
733930,339322
733930,636520
733930,81624
733963,287161
733975,627196
733975,175979
73401,163282
734032,1126364
734032,288914
734032,228272
734038,1115765
734038,957574
734038,994043
734038,1037849
734038,43636
734142,593574
734142,92378
734142,39047
734142,843335
734142,531413
734142,683124
734142,1073449
734142,33605
734142,479851
734142,1103349
734142,341040
734142,559943
734142,43636
734142,992202
734157,28817
734157,1122454
734157,818458
734157,362172
734157,847881
734157,214998
734157,398186
734157,1139635
734157,190691
734157,53623
734157,248912
734157,932581
734157,227821
734157,594678
734157,57052
734157,812341
734157,1138346
734157,1138960
734157,1033173
734157,843335
734157,101647
734157,1001325
734157,1098110
734157,491823
734157,689559
734157,115323
734157,827580
734157,168402
734157,576575
734157,558946
734157,1021543
734157,509793
734157,937639
734157,284063
734157,68035
734157,378488
734157,610095
73418,522450
734200,906007
734200,1054928
734204,267831
734205,648161
734216,795667
73422,1158559
734233,967739
734233,43200
734277,757284
734277,803946
734300,830747
734351,994043
734460,290017
734465,504443
7345,424459
734505,1096557
734505,734505
734505,354082
734505,719241
734505,902450
734505,531413
734514,596857
734514,300444
734576,332779
734623,956584
734623,711628
734673,586008
734673,554702
734673,605413
734817,734817
734817,640629
734817,329027
734829,127049
734829,253433
734829,387307
734829,764832
734890,74637
734927,780219
734927,1115032
734927,244141
734984,668503
735019,355330
735019,1118030
73503,952384
735075,526696
735075,936022
735075,594453
735075,287243
735075,391575
735075,492312
735075,384560
735075,1013579
735075,943191
735075,878859
735145,706982
735167,1121164
735167,916730
735188,384199
735188,734200
735204,904285
735204,797886
735204,267123
73528,1139891
73528,384162
73528,621248
73528,169093
735377,161790
735401,488194
735401,361334
735415,1056228
735415,489093
735415,207430
735415,13166
735458,394969
735464,904400
735464,874059
735464,675094
735464,332663
735497,472959
735497,91065
735497,178898
735497,278917
735497,33225
735514,19984
735514,122787
735514,1005604
735514,819555
735514,192688
735514,1109629
735514,369456
735514,452623
735569,531022
735586,539041
735586,1095560
735586,725469
735586,796923
735586,351766
735599,621064
735599,878873
735599,87594
735599,918059
735599,587775
735599,770737
735599,129672
735599,52745
735599,883207
735599,84769
735599,769553
735599,635661
735605,617496
735605,33605
735605,366876
735605,335721
735624,239083
735630,423125
735650,13751
735702,1107368
735732,559943
735744,395099
735770,68093
735770,1021601
735770,1042449
735770,370281
735770,878859
735770,408346
735770,942802
735770,205490
735770,981849
735770,333931
735770,262753
735771,70406
735771,606894
735771,697507
735771,383098
735771,646888
735779,641333
735779,631906
735900,110708
735900,192598
735946,171658
735946,527729
735946,411243
736004,339766
736004,724636
736004,115181
736004,602793
736004,800044
736004,565441
736004,193993
736004,267913
736004,1063405
736004,919954
736004,1144115
736004,414090
736004,630212
736004,705089
736004,945408
736004,172959
736004,650215
736004,855341
736004,550645
736004,12172
736011,1082418
736011,282339
736011,498051
736011,843335
736011,1134587
736011,535326
736011,761787
736011,848909
736011,377442
736011,870765
736011,374066
736011,605516
736011,1118769
736011,17171
736011,1002537
736011,492448
736011,46793
736011,357059
736011,1070515
736011,362815
736011,352389
736011,752946
736011,634378
736011,10143
736011,610095
736011,69594
736011,488336
736011,966474
736012,1108515
736012,190527
736018,567692
736018,787798
736018,65360
736032,33225
736032,823245
736032,71357
736042,970887
736043,1000371
736100,956286
736100,739312
736211,669921
736211,258634
736211,777356
736211,207509
736211,25103
736211,465262
736211,558946
73622,1139876
73622,622259
736229,319796
736229,168402
736254,1114050
736280,863837
736283,389079
736283,33617
736283,727982
736283,479851
736283,803946
73631,411589
73631,429499
736329,600199
736329,666382
736329,778267
736329,652386
736329,779220
736329,1091124
736329,1152554
736329,649333
736329,498212
736329,620374
736329,843335
736415,960278
736415,415120
736415,654177
736415,554382
736415,488124
736450,693169
736450,912619
736450,897168
736450,1156759
736450,975890
736450,888539
736455,1020285
736464,402202
736464,1102672
736464,1122511
736485,386870
736508,1134524
736508,337040
736508,1089176
736508,785586
736544,588431
736544,451792
736544,652464
736544,554382
736556,224973
736556,464565
736556,982139
736644,121464
736644,58737
736644,452050
736648,24459
736714,190457
736714,239088
736714,944090
736714,549783
736714,362142
736714,999224
736808,845354
736829,406710
736829,8850
736894,540672
736894,141321
73691,253630
73691,1093927
73691,693875
73692,375937
73692,844385
73692,305092
736988,807235
736988,574741
736997,764141
737030,631106
737030,1082755
73712,988002
73712,946975
73712,371727
73712,42645
73712,737560
73712,452632
73712,1067868
737233,781852
737236,126854
737236,47185
737236,701174
737236,899374
737236,210195
737236,80058
737236,1041221
737250,943876
737299,354660
737418,128631
737418,269234
737418,123534
737418,126071
737422,843335
737422,1062222
737422,33605
737445,411679
737445,277619
737445,822622
737462,1102887
737462,877847
737504,1037412
737526,782227
737526,816113
737560,967927
737560,42645
737560,5395
737560,459706
737560,620233
737575,466412
737575,786492
737596,126854
737596,473398
737596,985367
737596,144866
737596,573178
737596,484797
737596,907233
737596,61103
737596,570508
737596,194449
737652,353259
737656,293378
737669,1095233
737669,512623
737669,339728
737669,468933
737669,1137328
737698,89935
737698,691795
737699,892110
737734,465608
737738,992710
737738,509047
737738,1103415
737757,658659
737764,762041
737764,457928
737774,737774
737859,465940
737866,970496
737903,674510
737903,25668
737903,859222
737903,257392
737903,596985
737903,847226
737903,1069921
737903,10143
737903,549569
737903,813186
737909,873030
737953,663019
737963,705353
737973,108832
737973,1079225
737973,285148
738010,102795
738010,432258
738010,220042
738031,727531
738125,782726
738143,1034754
738143,1112522
738143,96375
738145,490608
738145,575912
738145,884956
738145,665771
738145,1093725
738146,1086501
738174,239083
738189,619896
738231,448266
738233,1080383
738233,627805
738233,1112044
738237,228676
738237,456436
738237,1057806
738268,286808
738268,845354
738334,285257
738334,510559
738334,732867
738334,960189
738334,430273
738334,468404
738334,648855
738370,624655
738370,225776
738383,169120
738437,685362
738437,958978
73844,877141
73844,19573
73844,422401
73844,496380
73844,94816
73844,479851
73844,963133
73844,386870
73844,460363
73844,873028
73844,1047420
73844,617496
73844,115074
73844,386827
73844,162252
73844,773668
738470,497640
738472,913952
738472,196889
738504,621915
738504,953579
738592,812341
738592,407593
738592,959220
738592,1025357
738639,308544
738639,920885
738639,80530
73866,81672
73866,381409
73866,987302
73866,302857
738670,526910
738681,795029
738681,480860
738681,503787
738681,904051
738681,1146979
73879,1022024
73879,855075
73879,551298
738825,165718
738846,1053289
738851,232630
738851,429498
738851,271870
738851,554382
738851,771352
738851,33605
738851,520812
738851,141201
738851,1155750
738910,275818
738942,663243
738942,36901
738942,187262
738942,1090020
738951,222160
738951,840020
738951,1023461
738951,251729
739025,797888
739025,667446
739048,734157
73905,1050973
739064,392020
739064,16668
739064,1085153
739071,16816
739110,489754
739110,204587
739110,821236
739110,733454
739144,506803
739183,750187
739183,9696
739194,849180
739194,297564
739233,529253
739272,447485
739272,282286
739273,686246
739273,815697
739274,955332
739274,168402
739274,210330
739274,777533
739274,268914
739290,863113
739290,143626
739308,1068169
739312,312408
739312,715046
739312,956286
739312,769776
739312,736100
739312,155861
739312,920633
739312,409265
739312,1056030
73933,661652
73933,774518
739339,105720
739364,61852
739367,430209
739367,289983
73937,715303
73937,783458
73937,799309
73937,596578
73937,777533
739398,400358
739398,1021642
739398,475930
739398,438474
73943,278952
73943,244624
739445,89540
739517,125915
739517,173670
739517,1026304
739517,1057226
739517,982186
739517,1032201
739517,695456
739517,1143035
739517,299191
739532,189789
739532,685743
739532,334720
739532,240350
739532,769303
739532,81699
739532,905564
739562,553465
739562,37120
739562,173345
739562,300694
739562,485702
739562,1014576
739562,843335
739562,325782
739562,465316
739562,709734
739562,960278
739562,994370
739566,754065
739579,108657
739579,1166930
739579,567143
739579,1055023
739616,893675
739616,179248
739616,1128400
739633,890259
739633,953894
73969,1112044
73971,49645
739762,826283
739762,883762
739790,1107545
739790,1018780
739790,94024
73981,236864
73981,168402
739857,357153
739894,680210
739894,167415
739894,874745
739894,1118773
739894,559816
739894,790957
739894,233515
739920,515105
739953,1077960
740,76793
740,703377
740,20039
740109,846413
740109,491391
740109,1073209
740142,306538
740165,916990
740165,848542
740165,374050
740165,883177
740170,873442
740170,410843
740170,546848
740170,706435
740170,124463
740225,762374
740240,475569
740240,32006
740240,339779
740240,172107
740240,206014
740289,919044
74030,47185
740301,590092
740301,294215
740304,870556
740324,934782
74035,46545
740362,468430
740362,548315
740362,639783
740362,181339
740362,189150
740362,637437
740362,1108792
740362,726782
740362,687614
740362,248109
740362,249474
740470,595951
740470,70406
740470,163371
740470,1110935
740470,496379
740470,228626
740470,490873
740470,981849
740470,770589
740470,903105
740470,383098
740470,995042
740470,606894
740470,903173
740470,634126
740470,984127
740470,408346
740485,936823
740485,700511
740485,1042601
740485,792590
740485,871368
740490,762374
740493,417628
740504,1127412
740504,909026
740504,509793
740504,942764
740590,650277
740606,1155399
74061,430883
74061,1121331
740682,376483
740699,721174
740699,679966
740699,13751
740699,945575
740699,42645
740699,267790
740699,386870
740699,271544
740699,380973
740699,531413
740699,68858
740699,392555
740699,1036603
740699,55765
740699,1096557
740699,386827
740699,642205
740699,479851
740699,402834
740793,856582
740851,394399
740851,964050
740851,890259
740851,618416
740851,801553
740871,712770
740871,647671
740871,727093
740871,267831
740927,381262
740927,690509
740992,177050
740992,802718
74109,1035102
74109,1054928
741096,929510
741116,566262
741116,375933
741137,1089707
741137,685980
741137,528177
741137,345240
741185,114218
741195,132032
741195,323476
741195,107759
741195,40754
741269,614653
741269,11013
741344,766217
741344,1074009
741344,974487
741407,260855
741407,523655
74142,531413
741444,685837
741469,1087248
741469,993166
741487,340659
741530,183688
741530,774218
74157,964343
74157,1045116
74157,920633
741594,554382
741594,388265
741594,860985
741594,997700
741675,762885
741730,1133106
741732,101137
741742,1103415
741806,557486
741806,197619
741806,106664
741806,248405
741806,378126
741818,1152930
741830,290017
741830,1005398
741854,610418
741854,71357
741898,1166766
741901,691602
741901,128895
741901,1018316
742053,386870
742053,30065
742053,13751
742053,74771
742053,771352
742053,53061
742053,1027039
742053,556001
742053,252993
742053,290017
742065,474975
742065,760039
742103,29997
742120,842138
742120,219152
742120,495278
742120,658012
742134,617912
742134,627206
742134,460447
74214,350188
74214,772795
742152,885122
742156,248989
742156,750187
742204,793108
742204,1071629
742204,320081
74228,1085162
74228,359603
74228,630907
742286,420415
742307,1118769
742307,1034810
742391,93972
742391,554382
742391,559943
742391,465644
742391,771352
742392,760377
742461,1148324
742461,29460
742461,532260
742461,148104
742461,95099
742564,786492
742593,1020380
742606,809141
742606,346482
742606,793947
742606,202585
742606,806515
742606,340803
742619,88405
742619,1095560
742619,114090
742619,468064
742619,135688
742637,667900
742637,430088
742700,633933
742700,672193
742700,932581
742933,748261
742933,112292
742933,77920
742933,1118327
742933,791365
742933,521245
742933,711046
742933,700504
742933,1007999
743156,789565
743156,353054
743190,107734
743190,4015
743201,1136229
743224,1047433
743244,901081
743255,34437
743255,407221
743255,528177
743298,988339
743298,990115
743298,337441
743298,1080115
743332,498258
743332,422800
743341,1016866
743341,1120342
743341,847845
743341,62179
743341,574064
743341,428133
743341,603354
743341,14123
743341,81566
743375,1096339
743375,884766
743375,311616
743380,1155260
743380,1007925
743387,1031099
743387,574251
743387,764084
743387,217615
743387,259998
743387,248878
743628,150366
743650,42645
743650,73712
743650,493608
743738,1148009
743806,63464
743895,581794
743895,135923
743895,126545
743895,491391
743895,823880
743895,534382
743895,1017699
743895,335708
743895,1066674
743895,208816
743895,965672
743895,1056504
743895,113496
743895,846413
743908,479851
743908,771352
743908,477643
743908,1037054
743908,600955
743908,494241
743927,614653
743943,253022
743972,284051
743972,130966
743989,661652
743989,322089
74404,480442
744042,1138804
744042,522354
744042,787287
744042,691221
744042,1130276
744042,830747
744067,357625
744067,706586
744067,948883
744067,1133106
744097,435435
744097,1151613
744097,54972
744097,183969
744117,408736
744117,438888
744117,658012
744117,652377
744117,336637
744117,847352
744117,277432
744257,265330
744257,893562
744270,160844
744270,1086501
744353,164721
744353,473573
744372,1014248
744407,686807
744407,148620
744407,617743
744407,405730
744439,1150361
744439,1033388
744439,346342
744439,114384
744439,340032
744439,888756
744439,559943
744439,610418
744439,64390
744439,33225
744492,975890
744492,292306
744492,227833
744492,459848
744526,801600
744551,582583
744551,337771
744551,228676
744551,430088
744551,456436
744620,859498
744620,794433
744625,953579
744649,799355
744649,846932
744649,6893
744649,726845
744649,248481
744815,352737
744815,677221
744815,276880
744852,654177
744852,1002584
744914,889585
744914,720465
744914,225459
744917,4306
744917,240826
744917,849196
744917,1151548
744924,897168
744929,806568
744929,828949
744929,165837
744929,928237
744929,1000202
744929,746614
744929,685545
744929,668368
744929,1086357
744929,1070515
744929,852601
744929,1095233
744929,1118769
744929,957056
745006,1132682
745006,110802
745031,84025
745031,972103
745031,792590
74507,148687
74507,91688
74507,514562
745094,180807
7451,39168
7451,455994
7451,1123466
7451,1140967
7451,787287
7451,306519
7451,347509
7451,1104235
745131,935378
745131,1011854
74523,790812
74523,746093
74523,174109
74523,139520
745250,707528
745250,663580
745250,96738
74533,781852
745381,108413
745381,656465
745381,616049
745395,936346
745418,745418
745418,154407
745418,658012
745418,509738
745418,975890
745418,614667
745441,478027
745441,909498
74548,441951
745507,678031
745507,554382
745537,869339
745541,247172
745541,1090020
745625,943947
745679,447238
745703,28508
745703,1099854
745703,932581
745703,92743
745703,64121
745703,890203
745703,734157
745703,1129978
745739,924726
745739,501160
745739,1077960
745739,1025545
745790,1082418
745790,433139
745790,147906
745790,377449
745790,523142
745790,416571
745790,517758
745790,192108
745790,244571
745790,559943
745790,217880
745790,895603
745790,379567
745790,37907
745790,632541
745790,541110
745790,792590
745839,676392
745931,95684
745994,1033813
7460,457082
7460,575439
746061,432629
746061,757243
746061,822188
746061,1056030
746061,241879
746061,1058287
746061,1076001
746061,313220
746061,410843
746093,320420
746093,199323
746093,174109
746135,720561
746148,912999
746148,444114
746148,1058932
746148,413642
74615,663220
746168,342559
746168,510313
746178,324535
746178,696348
746191,459528
746235,884911
746254,491823
746315,479851
746315,218075
74637,495001
74637,734890
74637,870765
746433,70248
746433,777356
746441,409663
746441,1005765
746441,1003377
746477,209784
746477,1166711
746477,842208
746493,734157
746526,24370
746526,1150503
746526,306117
746526,958164
74654,457928
746614,1000202
746614,875193
746614,855858
746614,297441
746614,506626
746614,662966
746614,156835
746614,744929
746614,24372
746614,958349
746614,56586
746614,427256
746614,563887
746614,449777
746614,480845
746614,1008257
746614,1157376
746614,502985
746630,228676
746630,1057806
746630,962504
746630,497825
746630,54323
746653,16816
746653,909147
746676,551298
746691,869076
746691,1130221
746704,626059
746751,668503
746751,1126894
746782,1081769
746782,764084
746782,707479
746782,299743
746782,842314
746824,800922
746824,33605
746824,992202
746824,771352
746824,479851
746824,94816
746824,386827
746824,861543
746824,604959
746824,556429
746895,826249
746936,1031280
74695,1077568
74695,468550
746984,642205
746984,959251
746984,775108
746984,852485
746984,943208
746984,386776
746984,449246
746984,310392
746984,389711
746984,903455
746984,312468
746984,792590
746984,544888
746984,167847
746984,916996
746984,870765
746984,619426
746984,558946
746984,127945
746984,843335
746984,944751
746984,89791
746984,1143094
746984,734157
746984,677960
746984,1126948
746984,493782
746984,708285
746984,962058
746984,24199
746984,328771
746984,33131
746984,1018063
746984,151444
746984,668368
746984,683124
746984,1118769
746984,848909
746984,781814
746984,1115765
746984,524262
746984,797800
746984,1063842
746984,192145
746984,884911
746984,827580
746984,734142
746984,33728
746984,39756
746984,37907
746984,980194
746984,926349
746984,1021543
746984,602110
746984,559943
746984,140383
746993,1080503
746993,800855
746993,393076
746993,903317
7470,671272
7470,405734
7470,376560
747022,46545
747047,242196
747047,281332
747047,834055
74706,953579
74706,885102
74706,168402
747128,95870
747128,843335
747128,692448
747128,943793
747128,346342
747128,884483
747128,456471
747128,423321
747189,767242
747207,184462
747207,140741
747227,797886
747227,375313
747227,158929
747264,343093
747309,1126894
747309,68280
747309,120614
747309,600168
747309,1118769
747309,1009380
747309,750595
747313,648161
747313,370139
747313,902128
747313,10143
747313,174890
747313,461517
747327,573066
747327,785221
747327,520929
747327,891080
747330,676028
747330,1115200
747334,45086
747334,16438
747357,1112044
747357,577982
747362,807379
747377,534224
747377,93692
747377,94971
747405,451570
747405,897873
747405,633963
747405,290017
747405,321377
747405,399461
747405,236864
747405,1079085
747405,386870
747405,812288
747405,550645
747405,485598
747405,578656
747405,1082884
747405,513270
747405,592674
747405,369826
747405,792590
747405,132544
747405,168402
747405,195093
747405,856124
747405,322419
747405,109423
747405,482612
747405,65755
747434,683473
747434,18669
747434,293915
747434,460166
747434,271924
747434,614291
747434,808086
747434,811456
747474,706181
747474,1047719
747486,526871
747486,919609
747486,483174
747492,209534
747492,626059
747492,760449
747492,181770
747492,798963
747492,195858
747492,627406
747492,574064
747492,658012
747522,741195
747522,487381
747522,280856
747529,352389
747541,604828
747541,1841
747541,95099
747545,985494
747545,478036
747663,33605
747663,554382
747663,745790
747663,1025570
747663,433139
747663,1118769
747663,608311
747663,871368
747663,59498
747663,486093
747663,843335
747663,1034375
747663,559943
747663,94816
747663,854782
747663,493782
747663,989767
747663,775108
747690,86198
747690,373462
747690,189789
747690,1122900
747690,122265
747690,1159596
747690,100146
747690,549395
747690,240350
747690,81699
74771,604828
74771,1062222
74771,777217
74771,34019
74771,599390
74771,290017
74771,402834
74771,13751
74771,386870
74771,531413
74771,693828
747765,1095075
747765,637130
747765,1002584
747765,1005176
747841,220530
747841,57197
747841,864894
747841,1080006
747841,1058287
747858,1101505
747858,1112948
747881,488194
74790,989058
74790,480937
74790,936086
74790,766948
74790,301537
747938,729356
747938,549885
747971,56973
747977,853945
747987,1101859
747987,936119
747987,702032
747987,102790
747987,170178
747987,266101
747987,910984
747987,1119796
748097,834917
748097,482119
748097,828980
748097,879300
748119,66324
748119,341346
748133,540864
748177,971242
748177,611059
748261,711046
748261,112292
748261,827580
748261,653332
748261,209862
748284,400773
748376,85502
748399,1089176
748501,501847
748501,618029
748519,882984
748519,667297
748561,422151
748561,1064758
74857,181770
74857,627406
74857,210575
74857,550917
74861,415738
74861,1005604
74861,948768
74861,373597
74861,379200
74861,695091
74861,300694
74861,108424
74861,839076
74861,492716
74861,960278
74861,676717
748630,843335
748630,559943
748630,848909
748630,479658
748696,145568
748696,174177
748696,238254
74875,274948
74875,319655
74875,552366
748773,899775
748773,594088
748773,959476
748773,301004
748773,800654
748831,803861
748891,312408
748891,140719
748900,1059511
748900,1091949
748900,450380
74893,405415
74893,953579
749045,170398
749045,623151
749179,870284
749179,473682
749179,404310
749312,488194
749325,1019233
749325,1150160
749325,341556
749325,554382
749465,784076
749465,790332
749465,846413
749465,458637
749465,252614
749475,1062452
749482,96727
749482,446512
749482,910495
749482,255955
749482,1005262
749482,875887
749482,119440
749482,988899
749482,1163912
749482,642955
749482,229690
749482,657192
749482,368177
749482,1088876
749482,1094217
749482,268856
749497,38853
749497,562293
749497,591578
749497,597519
749543,309086
749617,355420
749639,1130903
749639,852140
749639,865901
749639,222814
749639,1013638
749646,364237
749687,827580
749698,1150316
749978,1140768
749978,568687
749978,362456
750072,42521
750072,859651
750072,572415
750072,638924
750072,1081864
750072,1118769
750072,841377
750072,554382
750072,320081
750072,809139
750072,706586
750080,583793
750108,233130
750108,524262
750108,668368
750108,549728
750108,995614
750108,634319
750108,697941
750187,248989
750187,631807
750187,357737
750187,404351
750187,67970
750187,1000371
750187,1095233
750187,948898
750187,206876
750198,867209
750198,133249
750198,774218
750198,157349
750198,673723
750214,598631
750214,884911
750293,777670
750293,695091
750293,821736
750293,1014576
750293,1163786
750365,380353
750370,1062222
750405,755138
750405,2948
750428,812288
750445,675170
750457,506462
750464,874745
750464,978387
750464,233515
750504,597147
750504,474702
750504,1005176
750504,928459
750535,1147451
750547,608620
750547,308173
750547,449885
750560,257890
750560,226250
750567,1101348
750567,890620
750575,614345
750595,515816
750595,668503
750595,120614
750595,567317
750595,429108
750595,1126894
750636,119289
750636,269345
750636,311068
750636,402898
750636,815697
750636,142823
750636,1102681
750636,633963
750636,686246
750636,628248
750644,359629
750644,1012578
750650,528677
750667,609438
750681,674019
750681,475437
750743,725650
750743,1053588
750743,37907
750866,176174
750923,393499
750923,388294
750923,474218
750983,552465
750983,88405
750983,152760
750983,1003120
751036,133031
751050,370671
751050,433139
751050,272330
751050,1107964
751066,617310
751066,80066
751066,536769
751100,617401
751100,67328
751100,96375
751105,616130
75121,1016451
751314,609002
751314,485108
751314,26957
751314,547710
751338,846932
751338,620374
751440,830769
751568,776840
751568,1121275
751568,997376
751568,398186
751568,565159
751568,263455
75163,930066
75163,559816
75163,37096
75163,1047965
75163,450476
75163,940114
75163,352215
75163,233515
751632,227972
751632,1131607
751632,919967
751632,571882
751639,1166930
751639,779783
751639,884911
751639,739579
751712,873568
751759,825156
751759,810996
751759,222698
751759,355827
751759,445765
751759,433443
751759,755138
751759,362196
751759,1165887
751904,1088987
751904,509793
751904,775108
751904,1047719
751904,41191
751916,230347
751922,157504
751929,149052
751929,533224
751929,454350
751936,604828
751942,10961
751959,246370
751959,1016571
751959,879246
751996,538064
751996,976235
751996,5327
751996,386162
751996,72431
751996,445547
751996,291300
751996,397172
751996,678227
751996,669176
751996,483304
752067,185683
752141,317743
752141,228202
752141,105675
752141,1143661
752141,753025
752141,520672
752162,436158
752162,262179
752162,757243
752162,375313
752165,856757
752165,847352
752186,603207
752199,302306
752199,1149283
752332,761257
752332,305374
752332,136203
752332,77173
752332,766856
752332,310862
752337,545072
752337,387190
752435,953579
752435,1000038
752435,976522
752435,92113
752435,88641
752435,168402
752435,877758
752450,68332
752450,96543
752471,1134524
752471,444002
75248,539101
75248,1149283
75248,232511
75248,709045
75248,604828
7525,258781
7525,40539
752508,726577
752536,687676
752536,179743
752546,415304
752546,1009682
752580,863719
752580,956741
752594,840445
752625,457928
752742,33225
752798,885333
752869,932581
752902,485070
752908,25808
752908,984180
752908,211965
752908,592792
752908,394579
752933,1118769
752933,1082884
752946,327762
752946,736011
752946,1002537
752946,492448
752946,69594
752946,357059
752946,12456
752946,421589
75301,333931
75301,386117
75301,981849
75301,408346
75301,68093
75301,1062880
75301,942802
753025,83795
753025,818953
753025,752141
753025,105675
753025,954690
75310,804810
75310,549569
753117,1021380
753120,856976
753130,411589
753130,802718
75314,500797
753146,410408
753146,378914
753146,681166
753146,734891
753146,528177
753182,1152759
753415,1126766
753469,732764
753469,115558
753469,602698
753469,957571
753474,214426
753513,230295
753535,1163440
753535,47185
753535,1118030
753768,734673
753768,422935
753768,1160671
753768,586008
753810,503774
753810,800711
753810,1073209
753852,1042716
753970,1149283
754028,249291
754028,237540
754028,549722
754028,868324
754028,884132
754028,296451
754028,334177
754051,500110
754051,256897
754065,879246
754065,647703
754065,246370
754135,913179
754135,786492
754135,62743
754172,495696
754172,1163786
754172,574900
754172,675106
754172,729323
754172,695091
754172,685510
754172,452623
754172,90193
754261,389716
754261,1044597
754261,707536
754261,559943
754261,848909
754261,363039
754261,920885
754266,386827
754266,981829
754266,386870
754266,74771
754266,415977
754266,290017
754266,1089707
754291,626627
754291,1134744
754291,844107
754291,547869
754291,649217
754306,357153
754306,1107554
754306,765343
754324,190389
754324,1126894
754355,855798
754355,877276
754355,647088
754461,692448
754461,202510
754461,268345
754461,1050871
754461,855488
754486,1091338
754486,636686
754486,247793
754486,234111
754486,852441
754486,1050736
754486,674260
754486,193419
754490,1103998
754569,240793
754569,1013405
754660,1033173
754660,734157
754660,412960
754745,668368
75475,732439
75483,693343
754937,1022137
754937,370023
754937,618046
754937,786492
754941,818458
755021,586008
755054,1163440
755054,84142
755054,176582
755138,887317
755138,169120
755138,849079
755200,598935
755240,1002482
755240,746984
755240,1126640
755240,312142
755240,792590
755294,573498
755307,34814
755307,86149
755307,887898
755327,1118769
755371,1089176
755371,1101945
755371,282414
755371,619896
755371,220677
755398,84407
75546,158824
755484,86121
755484,438246
755484,150583
755484,174200
755509,90523
75564,710693
75564,202354
75564,758655
75564,911960
755667,1096787
755757,152733
755757,945526
755757,643923
755763,346246
75578,843814
75578,890377
75578,40378
75578,1112044
755781,81474
755801,468118
755829,617912
755829,460447
75583,1073209
755833,903825
755833,547404
755833,281300
755833,35267
755833,1100346
755833,113998
755833,118859
755833,11801
755833,223261
755833,1027995
755833,333270
755833,585218
755833,176386
755833,72536
755833,111302
755833,967612
755833,772316
755833,130751
755833,136345
755854,942408
755854,118189
755867,598843
755867,920968
755867,267586
755867,1135257
755867,197653
755867,429017
755867,623826
755867,654071
755867,495171
755867,309190
755901,958421
756014,145687
756117,833320
756117,750636
756117,269345
756126,957571
756126,1040609
756148,578841
756148,157857
756148,948898
75619,628248
75619,882066
75619,156432
756213,905787
75622,132032
75622,457756
75622,442600
75622,961348
756259,208610
756264,590044
756264,964277
756483,989739
756483,709541
756542,783387
756542,723421
756542,205490
756542,709918
756542,942802
756542,1106747
756542,573326
756542,1062880
756543,622495
756543,762725
756567,1092786
756567,73155
756599,254291
756599,723787
756604,1149283
756604,111389
756616,306453
756648,124930
756676,220239
756690,1057921
756690,375135
756690,1115654
756690,411550
756717,989753
756717,983558
756717,804954
756717,695091
756717,960278
756791,598899
756791,909026
756791,290614
756832,250118
756832,185546
756832,456536
756832,712642
756840,80178
756845,827580
756845,1060320
756914,1131241
756993,855798
756993,389711
757043,843335
757086,694027
757086,764153
757130,771352
757135,841661
757135,1139891
757135,43200
757135,930324
757135,331137
757135,640105
757135,144224
757135,344698
757135,338554
757135,902973
757135,676893
757135,91685
757135,1149219
757159,576215
757159,13751
757159,1086501
757159,807708
757171,845354
757228,826305
757243,45483
757243,577778
757243,116404
757243,53703
757243,752162
757243,146535
757243,980780
757243,781814
757243,668368
757243,410843
757243,475904
757258,538679
757279,136208
757279,1142663
757305,642205
757305,615577
757323,1098597
757328,415417
757328,719599
757330,74771
757330,236864
757522,757522
757683,210163
757683,699982
757683,308928
757683,1013232
757683,292930
757764,414047
757764,40754
757764,981699
757764,248170
757831,309335
757831,488395
757831,268914
75787,8850
75787,1163139
75792,1141526
758051,30767
758051,510313
758101,713
758123,934973
758123,93531
758123,772255
758123,897168
758123,680395
75813,51114
75813,247205
758158,229864
758171,1082418
758172,1065126
758208,1002358
758208,873498
75823,389716
758230,599638
758230,165675
758230,708929
758230,870556
758230,920694
758230,640021
758230,944751
758230,1056172
758230,1140767
758230,959058
758230,1002059
758230,1057259
758230,433139
758230,1163139
758230,290017
758230,407894
758230,1072048
758230,640463
758230,968227
758230,60154
758230,776302
758230,610095
758230,354988
758230,715109
758230,49174
758230,151444
758230,948846
758230,159049
758230,90622
758230,159764
758230,549115
758230,274989
758230,558946
758230,1027552
758230,145908
758230,827580
758230,1021543
758230,901643
758230,1081662
758230,246819
758230,597001
758244,192802
758244,129780
758244,355827
758244,127830
758292,685545
758292,519349
758292,243054
758314,701733
758314,1109343
758322,558928
758353,497552
758353,882120
758353,336622
758353,948308
758353,853945
758353,762374
758353,1115032
758353,1022896
758366,310311
758366,907094
758366,1083714
758366,46545
758366,955921
758366,1113736
758441,604114
758454,142723
758454,354267
758454,559943
75849,1025570
75849,747663
75849,59498
75849,400675
758514,507573
758570,48944
758570,913408
758570,448896
758570,65605
758570,74311
758570,688489
758570,1050201
758570,889777
758570,915142
758570,853945
758570,906050
758570,704469
758601,380040
758601,316702
758601,870765
758601,549182
758601,843335
758614,97514
758614,995929
758655,75564
758655,639493
758691,721174
758708,46545
758708,242001
758708,257336
758713,450721
758713,750198
758713,379430
758733,526871
758733,145499
758774,930278
758774,667756
758774,804250
758794,270749
758911,1098872
758999,930639
759043,670734
759149,832524
759149,959625
759177,524374
759187,881520
759193,314834
759259,89540
759277,71357
759277,555491
759380,845354
759380,550982
759380,910607
759436,722363
759436,1045778
759436,391183
759436,507961
759459,438653
759459,846146
759459,76669
759466,604548
759595,695365
759595,843335
759595,1076079
759595,502005
759595,554382
759595,567263
759595,1044597
759595,145724
759595,287938
759595,35750
759595,33605
759595,341556
759595,559662
759595,559943
759595,871472
759595,683124
759595,168402
759595,891279
759595,721308
759595,792590
759639,51468
759639,319878
759639,176725
759639,1097077
759667,210195
759667,822474
759667,88405
759667,114090
759667,430632
759667,849382
759667,927287
759667,772795
759667,899374
759667,126854
759667,985367
759667,778288
759667,348490
759667,663284
759667,737236
759667,329327
759667,642205
759667,473398
759667,538891
759667,280429
759667,1043388
759667,526871
759667,701174
759667,484797
759717,657522
759765,206379
759765,375220
759765,342786
759765,240776
759765,374050
759765,425330
759765,190910
759765,482420
759765,481969
759765,22768
759765,42628
759765,1037679
759765,679966
759765,248896
759765,492637
759765,1068885
759775,574900
759775,960278
759775,93563
759778,632003
759778,787465
759778,81275
759778,386061
759778,216047
759792,884483
759792,870785
759792,473405
759792,915054
759792,494355
759792,584500
759792,843335
759792,683124
759792,424865
759792,559943
759792,250845
759813,1038331
759813,843171
759851,212573
759851,1149283
759875,825682
759875,189975
759882,920561
759987,157488
759987,550982
759987,845354
7600,771352
7600,386827
7600,162988
760039,487416
760039,438758
760039,474975
760039,260109
760039,742065
760039,59498
760039,821248
760039,792590
760039,746984
760069,415739
760093,789565
760096,687667
760096,690966
760096,286647
760111,1104015
760111,683525
760111,775108
760111,1083529
760176,316323
760193,42645
760193,699706
76020,299308
76020,353959
760221,688613
760257,889235
760309,88405
760309,1095336
760309,308805
760309,467140
760377,830433
760377,461785
760377,667756
760377,2486
760377,501398
760377,92355
760392,479851
760392,610418
760392,483635
76042,425330
76042,801134
760449,626059
760449,1132829
760449,128317
760449,304989
760449,1055983
760449,248
760449,60144
760449,785946
760449,209534
760449,100217
760449,197940
760449,81566
760449,102908
760449,747492
760449,385785
760449,199272
760467,882022
760467,526820
76053,274374
760532,226367
760532,105747
760532,123788
760532,661652
760581,1041811
760581,577710
760618,625896
760651,953579
760651,168402
760651,853945
760651,27781
760651,33988
760651,1007416
760651,911071
760651,733732
760651,130281
760651,596578
760651,236864
760651,204249
760651,366763
760651,1062222
760651,89540
760651,73981
760773,971815
760773,1103415
760804,380353
760804,238181
760856,565918
760867,403709
760867,665571
760867,1040078
760867,8426
760867,49917
760867,48599
760867,58411
760867,1107964
760867,203265
760867,677142
760873,743806
760904,259291
760904,1107045
760952,843335
760952,1073449
760952,33605
760952,554382
760952,318450
760954,1066078
760954,143151
760954,593251
761031,931395
761031,313661
761042,300353
761051,345072
761051,1035227
761051,35460
76109,1139373
761101,639125
761176,137237
761176,1040038
761176,151252
761176,277693
761176,386402
761176,1105832
761176,656343
761176,390052
761176,1081639
761176,671272
761176,371040
761176,1030314
761176,1078598
761176,283542
761176,981102
761176,486723
761235,800596
761249,562317
761257,77173
761257,752332
761257,336086
761257,190691
761273,564225
761391,897168
761391,1073128
761401,453075
761401,402684
761401,378060
761409,376368
761409,598076
761492,934513
761692,1162420
761692,844385
761787,714599
761787,249529
761787,488336
761787,376458
761787,1119910
761787,357059
761787,605516
761787,966474
761787,492448
761787,1022250
761787,916775
761787,401524
761787,736011
761787,415695
761826,768327
761826,1160623
761830,1033173
761838,659499
761838,49373
761962,1082418
761962,1118769
761999,718393
761999,78761
761999,654303
761999,721455
761999,254992
761999,1099189
761999,746984
762041,269407
762092,15071
762102,196072
762102,335510
762153,271737
762153,274989
762153,1064505
762171,1129204
762171,1009592
762281,109313
762281,604828
762281,102375
762281,231888
762281,1033388
762281,971748
762281,178898
762281,800922
762281,630486
762281,386827
762281,610418
762281,345508
762281,531413
762281,1139928
762281,455176
762281,1062222
762281,479851
762290,32227
762300,116674
762301,725584
762346,412765
762346,500110
762346,532578
762346,109304
762346,158242
762374,168402
762374,1136943
762374,933501
762374,396988
762374,982139
762374,827580
762374,46545
762374,278492
762374,1066481
762374,962058
762374,394441
762374,484797
762374,559943
762374,803946
762374,538891
762374,724812
762374,278806
762392,1089176
762392,495520
762392,1163139
762392,1118769
762392,1013688
762392,334460
762437,640463
762437,640021
762459,110151
762489,1118769
762489,1082418
762489,843335
762520,1166930
762526,882417
762526,964699
762526,627406
762533,279349
762533,136208
762550,631061
762584,606745
762584,772857
762665,715950
762665,883207
762665,224472
762665,912938
762665,60182
762665,640006
762725,622495
76275,1035012
76275,261987
762755,80094
762755,680703
762783,736011
762783,485812
762794,449664
762794,953119
762794,591191
762798,693296
762798,175054
762798,210289
762886,841523
762908,924929
762908,143168
762908,90786
762908,287071
762908,919851
762908,499003
762908,685545
762908,197850
762908,643923
762908,1011867
76291,225136
762920,532762
762989,911960
762989,709335
763068,39168
76307,193419
763121,419241
763121,195176
763125,1141560
763125,1066272
763125,788175
763127,1073209
763127,1011854
763130,534224
763204,713215
763204,65095
763237,379893
763237,407430
763245,1154461
763245,370922
763367,427260
763367,195571
763367,115074
763367,324703
763367,1159868
763367,488099
763367,302051
763367,509892
763367,964343
763367,559943
763367,5384
763367,989753
763367,111560
763367,920633
763367,209449
763367,1090482
763367,1155111
763367,1002194
763367,1128904
76338,1025260
76338,894761
763389,378924
763389,778190
763389,1141801
763389,699264
763389,312498
763389,686875
763389,1073209
763392,256264
763395,94024
763449,1115765
763463,1066894
763474,551298
763474,596578
763480,377193
763495,486093
763495,33728
763557,566369
763559,531413
763559,178711
763569,70431
763599,58537
763599,661652
763599,385059
763599,627102
763599,58421
763599,635173
763599,195858
763599,924506
763599,878788
763672,73155
763672,32674
763672,1157882
763672,832724
763686,857336
763686,920949
763686,916603
763686,566537
763711,16851
763711,1091699
763711,399815
763711,681185
763711,420903
763711,480445
763711,435435
763711,531333
763711,920706
76374,604828
763815,417083
763815,720699
763852,188339
763852,737963
763852,639972
763895,531413
763895,876460
763932,216134
763932,878788
763932,545843
763932,1027444
763932,792597
763932,642205
763932,1025986
763932,123943
763932,577223
763934,211965
763934,719758
764004,457928
764033,109815
764041,709541
764041,745006
764041,756483
764041,675170
764041,989739
764041,411796
764070,315146
764072,897324
764072,409941
764072,954460
764072,949364
764072,500733
764072,130966
764072,1048731
764072,459528
764084,668471
764084,282636
764084,1149283
764084,524434
764084,251946
764084,708581
764136,854491
764141,899374
764141,1095560
764141,135688
764141,736997
764152,349354
764153,1109759
764153,861650
764153,1141752
764153,633963
764153,849987
764153,1079097
764153,628248
764153,483361
764181,906050
76420,342794
764238,985502
764238,242648
764238,112450
764238,262520
764238,940894
764335,1162170
764335,921158
764366,456471
764366,127217
76438,353259
764393,44535
764393,957627
764414,778288
764445,338645
764458,480034
764458,168402
764458,779477
764458,17054
764458,204814
764476,186393
764505,1150506
764551,7231
764551,491391
764551,1017699
764551,1066674
764551,37604
764551,135923
764551,498228
764568,701174
764568,1095560
764568,135688
764617,549259
764617,597614
76465,437949
764672,71357
764681,577982
764681,1112044
764742,500149
764742,1111891
764742,576866
764742,870689
764742,445320
764742,794040
764742,779766
764770,997376
764770,263455
764770,296492
764770,398186
764811,386402
764812,1021320
764812,945347
764812,295612
764826,980516
764826,543680
764826,655220
764826,322139
764832,127049
764892,828899
764892,324390
764898,391070
764898,90837
764898,1166930
764898,621910
764898,514023
764898,221786
764898,960642
765011,675937
765126,670254
765126,433266
765330,702117
765330,17959
765330,479851
765330,593533
765330,351734
765343,357153
765343,34334
765343,497866
765343,59543
765343,513405
765343,377077
765343,383220
765343,754306
765343,901309
765343,79432
765343,555335
765343,638924
765343,466064
765343,1107554
765343,797411
765343,765343
765343,445503
765343,1082418
765343,290017
765343,1028390
765343,210866
765343,267436
765343,386776
765343,825513
765405,46574
765413,237540
765413,26859
765413,522474
765413,1016236
765413,1021601
765413,129857
765413,190665
765450,480445
765450,399815
765450,1150382
765457,914537
765457,24282
765457,571905
765457,472948
765457,883546
765464,522889
765464,126418
765472,1022354
765498,527102
765498,195858
765498,58537
765498,983534
765498,661652
765498,551298
765498,730928
765500,750072
765500,1022187
765510,629067
765528,152379
765528,879246
765528,852717
765528,566798
765528,76700
765528,82497
765528,651613
765617,375138
765617,395186
765617,963149
765617,404486
765617,305374
765714,813136
76577,79977
76577,699331
76577,878351
76577,247137
76577,784003
76577,882262
76577,565870
76577,967426
76577,623557
76577,1031972
76577,903317
76577,769775
76577,554496
76577,165023
765775,257917
765775,946654
765775,763068
765776,481864
765833,454758
765833,10957
765853,971134
765853,431207
765853,975540
765881,399262
766146,461344
76615,683124
766157,413901
766157,17271
766213,1096595
766213,207509
766213,558946
766213,239083
766217,413397
766217,741344
766252,109829
766252,897873
766347,29208
766347,1116789
766347,278806
766352,836718
766352,834652
766352,213317
766352,435670
766352,1080967
766352,1031204
766352,760377
766404,248322
766407,207165
766434,66593
766434,164006
766435,531367
766435,421879
766435,558928
766435,572545
766464,646238
766464,782613
766464,816540
766464,938599
766464,308053
766515,36744
766515,89144
76659,23188
76659,1028138
76659,550982
76662,775108
76662,1083529
76662,683525
766665,19984
766665,657502
766665,834917
766665,808483
76667,310586
76667,1098844
76667,538891
76669,145908
76669,843335
76669,994364
76669,96152
76669,957530
76669,846146
76669,438653
76670,1145166
766808,645049
766808,987346
766808,986812
766901,907751
766901,31520
766901,82497
766901,879246
766901,604828
766901,101711
766901,1016571
766909,1086501
766909,1083818
766909,468042
766940,636025
766940,1128736
766940,627406
766940,527102
766940,560463
766948,1044498
766948,893833
766948,583603
766948,382326
766948,498258
766948,658012
766948,408477
766948,549259
766948,847352
766948,771352
766948,390348
766948,123773
766948,94584
766948,148134
766948,479851
766948,1163563
766948,169650
766948,360740
766948,499559
766948,975890
766948,349984
766948,124590
766961,89540
766961,1064505
766961,341040
76698,1095498
76698,846413
76698,139748
76698,1162755
76698,635091
76698,1008301
76698,667275
76698,491391
76698,524262
76698,1069884
76698,338407
766996,437435
76700,163473
76700,13751
76700,600078
76700,647703
76700,879246
76700,450137
76700,852717
76700,208516
76700,943967
76700,210417
76700,604828
76700,1016571
76700,1149283
76700,500110
76700,555395
76700,246370
76700,1074922
76700,101711
767033,77843
767047,218554
767047,397304
767047,125478
767069,836975
767115,569876
76718,427260
76718,222620
76718,1037616
76718,1005176
76718,635071
76718,1027725
76718,989753
767200,568566
767200,958349
767200,768327
767200,1095693
767200,812341
76723,953579
76723,976337
76723,168402
767240,375969
767242,1002956
767242,747189
767351,24895
767351,562176
767351,1141653
767425,968782
7675,809483
7675,444145
767537,137912
767537,1095669
767537,562060
767582,957571
767673,341994
767673,841661
7677,457928
7677,1012876
7677,827656
7677,188339
7677,827193
7677,968688
7677,928673
767711,646481
767711,757788
767711,18612
767719,386596
767719,936119
767719,415656
767719,110752
767719,1119796
76772,302521
76772,1044597
76772,494811
767732,661288
767732,1118769
767747,1044442
767747,1064329
767747,404351
767747,375313
767747,1051833
767843,1139344
767843,608753
767869,84542
76793,489637
76793,502514
76793,20039
76793,668039
76793,423087
767953,289048
767953,671909
768014,696543
768018,265682
768033,1085975
768037,594661
768040,628933
768040,796353
768220,651380
768232,843172
768247,50252
768247,834655
768250,1126337
768327,351406
768327,788410
768327,92891
768327,43490
768327,1162826
768327,1077960
768327,912442
768327,35122
768327,204645
768327,1025357
768327,848843
768327,378655
768327,375662
768327,610800
768327,1149506
768327,1025545
768327,895028
768327,295612
768327,773993
768327,958349
768327,218182
768327,558404
768327,812341
768327,581486
768368,394823
768368,815802
768390,165097
768464,146129
768464,1036234
768493,1142507
768511,853975
768511,174808
768511,593353
768511,730783
768511,620626
768511,10143
768584,966855
768636,83411
768636,959092
768636,398293
768636,43244
768673,643874
768673,898169
768673,355827
768673,497939
768680,339892
768680,448074
768761,114382
768816,1115425
768816,795215
768825,57084
768825,479851
768825,456471
768825,978121
768825,796159
768825,1033388
768825,490608
768825,692448
768825,610418
76883,1151144
76883,69748
76883,712684
768908,481976
768908,599016
768908,824373
768921,436350
768936,987538
768981,912938
768981,715950
7690,334806
7690,57526
769025,1025357
769073,1054307
769122,701451
769303,905564
769303,739532
769303,729601
769303,86198
769303,706154
769303,334720
769303,81699
769342,1083818
769342,660558
769351,413938
769351,213501
769432,1143093
769432,619174
769432,993076
769432,606894
769432,627565
769432,1167126
769432,1043522
769432,238858
769432,70406
769432,664389
769552,826553
769552,10143
769552,864268
769552,279569
769552,468933
769552,143168
769552,679644
769552,446346
769552,623151
769552,1126894
769552,723156
769553,553778
769553,1044258
769553,918059
769573,72442
769573,994516
769573,1135623
769573,371226
769573,77428
769573,990774
769614,711115
769644,438736
769648,52176
769655,338496
769655,550295
769655,441637
769655,332140
769655,116926
769775,784003
769775,76577
769775,247137
769775,334864
769776,573300
769776,633963
769776,849987
769776,756117
769776,719358
769846,794465
769846,172223
769846,648532
769855,654982
769855,1106662
769855,93169
769855,386870
769855,531413
769915,2091
769965,200311
769965,885333
769965,97699
769965,108837
76997,332683
770017,397187
770029,1085509
77003,1090497
77003,55627
770030,26005
770102,101647
770102,584518
770102,734157
770102,932581
770102,141148
770102,1138346
770113,1079509
770134,1113539
770150,386776
770188,15691
770211,64897
770211,629794
770230,43949
770230,430165
770230,386639
770244,163473
770244,374036
770271,337976
770271,413137
770271,1082108
770271,426274
770277,1115448
770277,886073
770277,842843
770288,159049
770322,457928
770331,29528
770331,1115765
770343,1086501
770343,622720
770343,154507
770386,943046
770521,211759
770521,860965
770572,843335
770572,253891
770572,479851
770572,610418
770572,719204
770572,222620
770572,709953
770572,831585
770572,386870
770572,554382
770589,496379
770589,740470
770589,70406
770589,129309
770589,491648
770589,1008439
770589,826847
770589,548847
770589,595951
770589,821236
770589,903173
770589,166893
770589,536096
770589,1166385
770589,634126
770589,646888
770589,352877
770589,953278
770589,163371
770589,490873
770589,606894
770589,995042
77059,417628
77059,1040078
77059,760867
77059,775108
77059,209838
77059,277216
77059,1086357
77059,48599
77059,249427
77059,433139
77059,194807
77059,64531
77059,744618
770601,954725
770601,88517
770601,171402
77069,428265
77069,658012
77069,921608
77069,864041
77069,223264
77069,635701
77069,841856
77069,1135068
77069,77069
77069,124590
770736,815697
770737,1044258
770737,878873
770737,918059
770737,735599
770774,4306
770774,918846
770791,905564
770791,81699
770791,996978
770791,397095
770791,702012
770791,334720
770791,685509
770791,880963
770885,745839
770885,1126364
770885,627271
770885,14264
770931,170837
770931,1073209
770975,411589
770975,36481
770981,853945
770982,299332
770982,447862
770982,114090
770982,167260
770982,629862
770982,158996
770982,101464
770982,581106
770982,813389
770982,607821
771110,559943
771110,109013
771134,826287
771217,852717
771217,609258
771217,35415
771217,604828
771251,641065
771335,857583
771342,789441
771352,792590
771352,386870
771352,549182
771352,193419
771352,386827
771352,386776
771352,554382
771352,339892
771352,734157
771352,266194
771352,27781
771352,1000371
771352,772795
771352,94816
771352,870765
771352,13751
771352,852717
771352,242804
771352,559943
771352,528177
771352,418807
771352,1163139
771352,352815
771352,805092
771352,827580
771352,101711
771352,290017
771352,812341
771352,33605
771352,479851
771352,413672
771352,887984
771352,29460
771352,1102969
771352,8850
771352,719204
771352,402010
771352,679966
771352,651613
771352,265741
771352,969294
771352,903347
771354,622192
771388,257336
771388,123252
771452,48684
7715,248028
7715,24680
771537,223897
771537,24170
771537,514103
771545,486230
771723,208669
771723,853651
771723,70827
771723,823687
77173,79091
77173,895691
77173,136203
77173,974910
77173,300759
77173,1144699
77173,190691
77173,305374
77173,752332
771743,131053
771743,526871
771743,1003859
771763,1051239
771763,179085
771909,534574
771909,1112044
771979,216886
771979,591191
771979,324367
771979,1036860
771979,942007
771979,554382
771979,940114
771979,155417
771979,242813
77202,760581
77202,1002106
77202,121331
77202,577710
77202,733654
772039,109856
772039,376368
772039,94889
772101,836493
772101,327615
772139,137666
772139,1158559
772139,302051
772139,72442
772139,637221
772140,685510
772140,196143
772140,377566
772140,899909
772140,136163
772140,729323
772255,324779
772255,479851
772255,550819
772255,931820
772255,388960
772255,1163563
772255,243054
772255,400077
772255,957571
772255,438162
772255,506273
772255,897168
772255,758123
772279,438077
772279,1082689
772279,174567
772279,984180
772303,169093
772303,433172
772312,1136943
772312,827580
772312,80140
772312,635173
772312,853432
772312,42645
772312,207552
772316,35267
772316,176386
772316,333270
772316,72536
772316,1100346
772316,11801
772316,118859
772316,967612
772316,1027995
772316,281300
772316,547404
772316,585218
772316,111302
772316,903825
772316,113998
772316,130751
772316,223261
772316,755833
77232,33605
77232,843335
77236,79195
772371,315183
772371,332756
772371,268608
77240,792590
77240,871368
772415,1073209
772415,1099189
772445,459320
772478,1081225
772497,1107074
772497,244141
772505,454350
772505,357775
772505,332817
772505,790562
772505,673441
772505,1040792
772505,666760
772611,547985
772611,1136943
772611,870765
772611,835684
772611,254609
772611,433193
772611,981699
772611,679644
772614,107133
772614,235101
772638,893011
772638,438519
772708,786492
772729,206316
772756,550917
772756,1165025
772756,1082418
772795,529648
772795,9092
772795,435670
772795,645529
772795,701174
772795,94175
772795,378946
772795,131053
772795,977945
772795,58363
772795,56973
772795,470226
772795,1116789
772795,647671
772795,386827
772795,306253
772795,655234
772795,66155
772795,542305
772795,278806
772795,1052034
772795,1028762
772795,610095
772795,983019
772795,117201
77281,925676
77281,659034
772857,101711
772857,604828
772857,647703
772857,852717
772857,82497
772857,879246
772857,762584
772857,1016571
772857,1150054
772857,414472
772881,319889
772881,81474
772881,1082126
772881,252007
772947,1040078
772967,760449
772967,181770
772967,676000
772967,626059
772981,292793
773031,483048
773031,657192
773031,988899
773031,229690
773031,1088876
773031,1066350
773031,193419
773031,1059392
773031,1005262
773031,428196
773031,718634
773031,1073965
773031,875887
773112,1033388
773112,22845
773112,1094415
773112,896524
773112,559943
773112,843335
773112,479851
773112,28265
773112,444420
773112,1039218
773158,282410
773158,603099
773158,482420
773158,943699
773158,689012
773158,350961
773158,901725
773158,569085
773158,520191
773158,1026121
773158,1135613
773158,955332
773158,72265
773158,389809
773158,206379
773158,1117007
773158,210330
773158,50378
773158,456436
773158,47116
773158,443622
773172,90622
773172,691673
77319,846723
773211,378727
773211,592720
773211,1118769
773211,579475
773211,284231
773255,271544
773255,326789
773353,859940
773353,458846
773353,183358
773353,312408
773353,875825
773353,186911
773353,137849
773353,559943
773353,1085334
773356,1112847
773356,102935
773356,478560
773356,1031099
773356,256532
773356,268607
77339,550645
773399,291857
773435,239452
773435,911071
773447,212671
773447,1039627
773447,511899
773447,407894
773459,684406
77350,137216
773518,194667
773518,56642
773518,372200
773518,1053400
773518,749646
773518,772795
773518,961688
773518,1115765
773530,921608
773566,957627
773566,1134235
773668,617496
773668,443641
773668,101711
773668,661350
773668,448646
77370,483635
77370,370139
773743,113556
773799,529543
773799,1051180
773799,836886
773799,983274
773799,719324
773799,413046
773799,577926
773799,646059
773799,56875
773799,227315
773799,320154
773800,870497
773800,288230
773800,81699
773800,1065810
773887,536600
773887,182795
773887,1104341
773887,924797
773919,842341
773919,1013232
77392,328634
77392,383513
773993,144765
773993,1115489
773993,218182
773993,768327
773993,13639
773993,812341
773993,557300
774071,248346
774071,376483
774071,914407
774071,98297
774100,312408
774100,490973
774100,462777
774100,1094415
77413,547090
774153,841016
774153,387882
774218,691278
774218,853945
774218,756543
774218,500110
774218,578656
774218,1011938
774218,750198
774218,302306
774218,378951
774218,892110
774218,741530
774218,852035
774218,486763
774218,489129
774256,1033230
774256,998703
774256,474218
774256,512801
774256,1089176
77428,994516
77428,990774
774328,220970
774333,813554
774333,972176
774462,422939
774489,718837
774507,16933
774507,313323
774507,712684
774507,21416
774507,654673
774518,661652
774518,614922
774518,73933
774592,287071
774594,82728
774594,939344
774609,1073209
774655,158824
774655,924726
774655,667878
774655,716258
774665,712360
774665,193875
774665,224973
774665,637493
774712,790642
774712,204249
774824,744815
774824,408736
774824,949554
774824,352737
774824,10841
774824,107150
774824,677221
774824,685362
774824,975890
774834,604828
774834,459528
774834,777589
774840,140072
774840,509803
774889,433404
774970,243054
774970,801013
774970,257166
774970,497866
774972,454227
774987,229709
774987,1143526
775012,959092
775012,1030512
775012,1013898
775091,612871
775091,324455
775091,638437
775100,819172
775100,813022
775102,388477
775102,1149506
775108,275433
775108,968227
775108,10143
775108,401819
775108,314834
775108,1104015
775108,305374
775108,1083529
775108,786094
775108,119252
775108,76662
775108,677142
775108,668368
775108,8426
775108,305498
775108,824685
775108,663025
775108,60154
775108,140476
775108,792590
775108,629459
775108,65154
775108,683525
775108,433139
775108,48599
775108,587687
775108,993804
775108,519106
775108,1111328
775108,746984
775108,870765
775108,1107964
775108,64531
775108,95553
775108,619917
775108,847373
775108,343292
775108,486093
775108,936346
775108,584426
775108,274989
775108,526358
775108,760111
775108,81474
775108,1011854
775108,1148571
775142,135593
775142,699706
775142,42645
775148,929270
775148,233564
775148,1162687
775148,659049
77516,43200
77516,716155
77516,967739
77516,675257
775169,148004
775169,580246
775174,279835
775204,218838
775204,957930
775219,1152554
775252,506626
775252,932110
775252,385962
775252,927823
775258,419875
775258,1027761
775258,304843
775258,852717
775258,384846
775268,341556
775268,1093725
775268,479851
775268,512149
775268,843335
775268,903347
775268,604959
775268,441951
775268,273472
775274,464580
775274,1064318
775330,848909
775337,958877
775337,975890
775337,278602
775386,779915
775386,734157
775386,52774
775386,1001325
775386,847881
775386,827580
775386,549259
775386,559943
775386,554382
775386,551499
775386,771352
775386,849987
775386,552411
775412,500137
775412,365100
775412,1090980
77544,1109629
77544,713560
77544,19984
77544,11879
77544,651066
77544,193769
77544,266349
77544,222620
77544,1138617
775473,559943
775473,675834
775527,163533
775527,757243
775527,410843
775527,116404
775527,220235
775527,813888
775527,632285
775527,34356
775527,916603
775527,475904
775527,444881
775527,858994
775527,1017129
775527,922539
775554,98248
775554,657005
775554,482912
775589,313437
775589,142668
775589,475053
77576,6893
77576,843335
77576,248481
77576,1103349
775814,550653
775935,386402
77596,379143
775966,210365
775966,873983
775970,637019
775970,445430
775970,884911
775970,531333
775970,993786
775970,719653
775970,435435
775970,34995
775970,190691
776070,339892
776096,849180
776096,486351
776123,400071
776123,42645
776123,642873
776123,122862
776123,471271
776147,1047688
776147,444349
77623,240806
77623,30767
77623,789171
77623,1082884
776246,885431
776246,1010252
776254,182509
776254,386402
776254,671272
776289,293900
776302,208610
776302,718837
776302,558946
776302,870556
776302,597001
776302,806976
776302,90622
776302,758230
776302,290017
776302,49174
776302,605841
776307,502842
776396,1114807
776396,547381
776396,832524
776396,145189
776470,668503
776470,515816
776496,772795
776496,15608
776529,705766
776529,585387
776529,960278
776529,92378
776529,479851
776529,843335
776529,608311
776529,559943
776529,518518
776550,448817
776550,479851
776550,843335
776550,1044597
776550,504247
776550,246291
776550,681330
776550,360229
776550,626469
776550,848909
776550,32912
776550,1002797
776550,613994
776550,683124
776550,36337
776550,613746
776550,559943
776558,1098406
776627,699756
776627,898827
776627,532264
776654,693439
776678,735464
776679,520037
776679,690299
776679,1017497
776696,857359
776715,899374
776715,114090
776728,56973
776728,772795
776732,502514
776732,423087
776732,668039
776732,1127520
776732,489637
776732,189872
776830,479851
776830,694184
776840,1121275
776840,565159
776840,263455
776840,398186
776861,1078241
776861,792590
776861,310365
776861,554382
776976,214426
776976,421661
777028,826283
777028,545390
777028,1155077
777028,522474
777028,938487
777028,831681
777028,878160
777028,511281
777028,237814
777028,449278
777028,831837
777028,271282
777028,40402
777030,88053
777135,943055
777217,771352
777217,1161613
777217,402834
777217,445234
777217,290017
777217,879690
777217,386827
777217,74771
777217,386870
777217,1008920
777217,34019
777217,279069
777239,941777
777239,435747
777239,301981
777239,468404
777239,858073
777239,369735
777242,1006848
777301,206052
777306,993767
777306,991133
777356,465262
777356,1073930
777356,207509
777356,94024
777356,290820
777356,1051847
777356,457928
777364,676965
777364,526871
777394,1102969
777394,875435
777490,1082210
777490,390236
777490,907003
777490,32032
777490,1016866
777490,930312
777496,78908
777496,59467
777533,108608
777533,1000038
777533,168402
777533,1026546
777533,922532
777533,953579
777533,885102
777553,454350
777553,357775
777553,550195
777553,897701
777553,377440
777589,1021132
777589,526200
777589,462748
777589,238460
777589,599057
777589,724306
777589,569568
777659,190389
777670,695091
777670,960278
777670,255561
777670,33605
777670,129262
777670,168402
777670,1098695
777670,479851
777670,1077656
777670,943564
777670,750472
777670,1163786
777670,250652
777670,454350
777670,290892
777670,962072
777670,831042
777670,457808
777670,108424
777670,352389
777670,573274
777670,99443
777670,281360
777670,465316
777670,300694
777670,1125612
777670,1014848
777670,36337
77768,590044
777833,991
777833,305568
777884,879246
777884,243052
777985,386402
777985,577982
77809,595123
77809,702613
778107,842300
778152,277432
778188,909024
778190,1166930
778190,386402
778190,577982
778190,585716
778190,16024
778190,378924
778190,763389
778190,1035142
778207,441637
778247,371343
778267,630825
778267,1152554
778267,600199
778267,803946
778267,1159868
778267,30767
778267,248481
778267,186562
778267,494296
778267,695365
778267,1155750
778267,354082
778267,719241
778267,1094415
778267,779220
778267,913028
778267,559943
778267,554382
778283,363039
778283,736894
778283,33605
778283,996877
778288,554087
778288,701174
778288,484797
778288,473398
778288,592674
778288,772795
778288,1018286
778288,724218
778288,1084371
778288,596940
778288,667468
778288,629862
778288,331184
778288,596758
778288,581106
778288,813389
778288,925199
778311,1064004
778324,222814
778370,1110247
778370,484845
778370,912619
778370,975890
778370,852242
778370,324779
778370,658012
778370,772795
778370,778370
778370,719758
778370,277432
778370,549624
778510,454350
778510,489637
778577,282682
778577,1063410
778577,1114657
778668,906050
778768,262520
77877,912174
77877,374597
778906,686807
778907,819422
778907,478136
778987,404889
778987,368585
779140,408381
779140,1080355
7792,305466
7792,386402
7792,1001266
77920,1083950
77920,485598
77920,521245
77920,843335
77920,1110353
77920,112292
77920,300838
77920,617724
77920,457316
779214,554382
779214,71357
779220,610401
779220,600199
779220,666382
779220,972754
779220,885940
779220,884911
779220,498212
779220,620374
779220,359416
779220,214273
779220,736329
779220,1152554
779220,116577
779220,607526
779220,843335
779220,1155750
779220,1058559
779220,502483
779220,352315
779220,463181
779220,652386
779220,778267
779220,800390
779220,559943
779220,179620
779220,229567
779220,1081159
779231,355420
779277,720000
779350,160504
779350,920885
779350,80530
779415,216223
779417,968684
779417,375335
779436,236864
779455,434696
779471,622407
779477,1139962
779477,850315
779477,1043395
779477,374050
779477,480034
779477,204814
779477,764458
779477,759765
779477,240776
779477,187827
779477,1133682
779477,351759
779477,447410
779477,592235
779477,596782
779478,488926
779487,131596
779492,329895
779492,693550
779492,1024660
779492,658994
779492,457589
779492,855817
779492,187827
779564,417182
779571,855798
779571,877276
779571,389711
779571,647088
779571,380338
779571,45065
779571,754355
779571,390999
779571,176960
779571,458975
779664,155440
779671,1025514
779704,232132
779766,576866
779766,500149
779766,445320
779783,1166930
779783,585716
779814,254354
779814,994364
77991,605516
77991,374066
77991,786028
779915,345508
779915,413672
779915,386870
779915,771352
779915,386827
779915,775386
779932,1161966
779932,256120
779940,556029
779940,830747
779940,39168
779967,554382
779967,1082418
779967,149856
779967,952346
779967,714638
779967,718837
779999,652464
779999,610418
779999,554382
779999,856897
779999,550295
779999,610095
779999,612716
779999,386870
779999,479851
780008,531413
780008,693592
780035,565918
780037,54522
780037,361614
780037,96691
780037,937727
780037,589105
780037,995215
780037,774218
780037,817957
780037,936119
780037,155440
780037,1062222
780037,592674
780042,289641
780042,179185
780056,130993
780056,339322
780056,593352
780065,1046224
780088,668368
780088,68311
780088,782145
780088,1016091
780088,460166
780089,224718
780162,877779
780162,1126349
780183,406950
780183,39191
780219,1107074
780219,244141
780235,886347
780255,559943
780255,1094415
780255,71357
780326,42345
780326,1096235
780354,99769
780354,601231
780409,774218
780428,976522
780435,1159808
780494,1072492
780494,70434
780568,340659
780568,565862
780632,893011
780681,411320
780681,1021132
780681,272326
780681,569568
78071,808124
78071,431855
78071,964520
78071,246900
78071,793241
78071,242496
780710,1108832
780710,841377
780710,908609
780710,827485
780710,1140768
780710,705811
780723,330687
780778,953113
780778,139840
780866,291338
780866,1104960
780901,355754
780901,381887
780901,173529
780901,640099
780901,16816
780901,352991
780901,1157103
780901,89919
780901,386827
780901,954318
780901,626189
780901,968336
780901,540950
780969,369406
780969,807708
780969,420678
780969,1065912
780969,600179
781070,442399
781116,949567
781116,586611
781153,1075106
781153,1134744
781153,544596
781160,168402
781217,267748
781217,461797
781217,406677
781217,208816
781217,612553
781217,817957
781217,679599
781217,483286
781217,158936
781217,1056172
781217,1064505
781217,901643
781217,818368
781217,122244
781217,798878
781217,504700
781219,488828
78122,914005
781271,732809
781281,235748
781358,798897
781358,1054409
781358,176466
781378,369718
781378,167151
781380,1037669
781384,337911
781384,1027791
781384,497939
781400,914186
781402,877057
781451,512623
781451,1149506
781451,232921
781451,427230
781451,403612
781487,559943
781487,343044
781532,916990
781532,1052392
781532,905646
781532,168402
781532,965108
781532,885102
781532,414148
781532,187827
781583,248912
781594,918471
781664,395622
781673,761498
781773,234547
781773,853975
781773,1154890
781773,1148371
781773,547869
781773,409611
781773,165837
781773,1003331
781773,229220
781773,10143
781773,620626
781773,1025136
781778,871176
781778,260664
781778,649184
781778,27781
781797,1061349
781797,597363
781797,857068
781797,1028071
781814,560794
781814,792590
781814,1002135
781814,468033
781814,322798
781814,746984
781814,360106
781814,746084
781814,620653
781814,32006
781814,840148
781814,168402
781814,868352
781814,312142
781817,378582
781817,2636
781817,828398
781817,965162
781817,1011363
781852,775108
781852,973812
781852,213501
781852,119440
781852,656853
781852,1158181
781852,402010
781852,134742
781852,657192
781852,559943
781852,368177
781852,479369
781852,102093
781852,193419
781852,386605
781852,622010
781852,802448
781852,691201
781852,165651
781852,642955
781852,10143
781852,386059
781852,541265
781852,679435
781852,331202
781852,161447
781852,911960
781852,769351
781852,165675
781854,117390
781854,540822
781873,540594
781873,10957
781873,346342
781873,95870
781968,957959
782033,1073695
782033,1085162
782073,131053
782073,1042625
782073,896381
782073,697260
782073,477753
782073,909806
782130,920885
782145,780088
782171,491973
782172,355286
782172,624327
782172,567143
782172,1051617
782172,435435
782172,980854
782172,1064452
782172,687808
782172,519629
782172,637019
782188,532260
782227,816113
782227,737526
782260,159049
782260,150574
782260,155945
782268,453075
782268,752908
782286,388351
782286,605588
782286,158272
78232,591043
78232,411589
782337,150815
782337,566452
782337,489925
782337,370139
782337,660669
782337,1082884
782337,805092
782337,264738
782337,68633
782337,1139962
782337,895398
782375,1107554
782410,1085509
782410,473355
78251,136676
78251,632286
78251,662782
782549,945339
782549,441212
782549,224702
782549,38490
782613,930069
782613,816540
782613,117443
782613,602454
782613,804252
782613,451830
782613,890713
782613,938599
782613,889585
782613,989993
782613,296001
782613,463258
782613,601132
782613,979649
782613,766464
782613,1122138
78262,250118
78265,1157334
782653,642205
782653,257917
782653,187540
782653,1163139
782653,42645
782653,914594
782653,511095
782653,1150316
782653,1057929
782653,577982
782653,699706
782688,1136943
782688,1122475
782688,206836
782688,1089176
782688,1134524
782688,1005802
782688,474218
782726,133249
782726,738125
782726,319889
782726,838426
782726,1008314
782855,430273
782855,435747
782855,1135674
782900,1096307
782906,546286
782956,336542
78297,606370
783299,458637
783299,685545
783299,668368
783300,291909
783300,42645
783300,988002
783366,1080383
783387,942802
783387,393870
783387,676861
783387,981849
783387,709918
783427,363039
783458,786314
783458,596578
783458,1112553
783469,754773
783469,438839
783516,374747
783516,1014164
783516,146428
783516,27781
783516,910574
783528,420064
783528,677396
783528,1137367
783528,1162434
783528,174873
783528,27781
783581,781852
783654,56973
783654,376483
783672,168402
783672,114983
783672,535217
783672,699982
783672,210163
783672,962058
783729,1151144
783729,313323
783940,237477
783940,984751
783948,318514
783948,255561
783948,78761
783948,827580
783948,718393
784003,882262
784003,800855
784003,973453
784003,434832
784003,339872
784003,247137
784003,903317
784003,494156
78406,656715
784061,402834
784061,599390
784076,310392
784076,749465
78408,334720
78408,240350
78408,880963
78408,251916
78408,486735
784141,599335
784141,1014207
784141,130495
784141,629819
784204,949941
784204,1125612
784204,476330
784204,465316
78426,21886
78426,421430
78426,650903
78426,731442
78426,855565
78426,531834
784428,506634
784428,83860
784428,240350
784513,260956
784574,1037580
784582,414726
784642,268559
784681,230202
784729,643259
784729,265380
784729,312408
784729,712711
784729,843335
784820,886069
784820,289039
784820,817506
784820,249259
784820,56973
784820,886073
784820,92031
784827,125660
784927,718895
78506,251383
78513,711092
78513,596034
785184,719204
785201,481935
785201,879154
785201,231405
785231,596158
785231,809141
785257,827580
785257,421171
785257,158937
785257,1136943
785257,749687
785263,71357
785263,549478
785287,251610
785287,597319
785287,976112
785287,714261
785446,1113286
785446,640846
785446,1108832
785446,572415
785446,638924
785446,608382
785477,883887
785477,175429
785492,435435
785492,681185
785492,1151613
78552,894157
78552,1133156
785528,1082418
785528,496867
785530,624595
785530,433235
785530,329407
785557,847845
785557,333056
785557,361184
785557,637437
785567,984889
785586,998703
785586,818564
785586,337040
785586,474218
785586,1136943
785586,408420
785586,736508
785586,1012700
785586,1122475
785586,512801
785586,433786
785586,1089176
785586,394272
785586,688148
785586,130125
785586,625670
785586,1040074
785586,962042
785586,972881
785586,1022369
785589,573675
785589,422432
785589,339554
785648,282410
785648,797027
785648,888439
785648,143435
785677,127945
785682,642886
785704,1147240
78580,1116867
78580,924988
785852,1073209
785852,310392
785852,723983
7859,258856
785918,668962
785935,44502
785935,120644
785935,612237
785935,839768
785939,229178
785939,532516
785939,560979
785939,922988
785946,197940
785946,60144
785946,1132829
785946,639783
785946,760449
785946,81566
785946,390236
785946,209534
785946,465971
785946,726782
785946,385785
786028,374066
786028,382468
786028,605516
786028,77991
786094,1166388
786094,775108
786094,716335
786094,64531
786094,95553
786094,475271
786094,717692
786094,824685
786094,8426
786094,640765
786094,48599
786094,880185
786094,274989
786094,433139
786094,533848
786094,338575
786094,220239
786094,917855
786094,277216
786094,1091651
786094,165528
786094,457662
786094,574741
786177,394969
786177,155017
786177,338980
786177,113541
786177,322266
786262,903347
786322,303705
786322,53988
786322,437019
786322,449173
786385,605582
786385,420064
786391,981590
786489,226702
786492,393225
786492,480940
786492,610095
786492,1165669
786492,302306
786492,532260
786492,5619
786492,1049711
786492,547985
786492,257890
786492,839621
786492,719874
786492,729654
786492,832524
786601,932581
786639,546530
786651,1099128
786749,1017497
786749,163422
786749,690299
786749,520037
786806,483237
786806,46545
786806,848547
786806,1113736
786806,689986
786852,945740
786853,810583
786865,517758
786890,700144
786894,46172
78693,1160671
786968,604828
787012,224719
787012,334720
787012,880963
787012,81699
787032,677142
787032,48599
787104,36000
787118,843335
787118,744117
787118,744492
787118,975890
787118,658012
787118,277432
787118,549182
787118,498258
787118,1102969
787139,1114231
787139,1163188
787139,983438
787139,98297
787141,670574
787141,451503
787287,7451
787287,711417
787287,159870
787287,830747
787287,522354
787287,42645
787287,306519
787287,1123466
787287,164102
787287,347509
787287,455994
787287,556029
787287,22385
787287,2873
787287,39168
787287,194928
787287,1130276
787287,471271
787287,651788
787287,257048
78741,905050
78742,919530
78742,245557
78743,318107
78743,683864
78743,809072
78743,755484
78746,29460
787465,774218
787465,81275
787465,386061
787465,722251
787465,759778
787465,2398
787487,216425
787560,639555
787560,870556
787561,876138
787589,435484
787603,351406
787603,812341
787603,895028
78761,250197
78761,168402
78761,603785
78761,718393
78761,379371
78761,255561
78761,386402
78761,996699
78761,677291
78761,780037
787651,152098
787651,226991
787701,292055
787701,678652
787701,558259
787701,1052437
787798,284873
787798,330416
787798,317015
787798,567692
787798,299328
787899,980592
787899,483174
787899,89935
787899,973522
787899,856347
787947,559943
787947,191447
787947,605211
787947,705766
787947,459845
787947,418224
787947,432906
787947,1062139
787962,168402
787962,905646
788097,68439
788097,32670
788097,645787
788141,719758
788141,693169
788141,549259
788175,868019
788175,763125
788198,232630
788198,50256
788274,712642
788274,1033996
788388,890259
788388,658625
788388,250601
788388,1107911
788388,394399
788388,952754
788410,958349
788410,768327
788410,558404
788410,359603
788410,92891
788410,812341
788410,820810
788410,183806
788410,1037849
788488,413397
788562,413490
788563,838426
788563,15421
788563,339892
788603,570490
788603,819479
788603,1089707
788603,1038784
788603,954460
788603,528177
788603,517553
788603,345240
788615,877141
788615,652464
788615,757284
788615,843335
788615,925505
788615,772140
788615,186911
788615,859940
788615,543499
788615,773353
788615,879690
788615,554382
788690,926401
788690,620899
788807,1071101
788840,157488
788840,315634
788840,713215
788857,691221
788938,1047362
788938,553778
78908,21812
78908,777496
789119,169737
789126,678821
789126,1016269
789126,725340
789126,1152228
789126,552797
789126,1141266
789126,1098126
789126,10938
789126,660601
789126,183839
789144,388933
789171,959092
789171,657522
789196,524705
789196,693828
789198,1112044
789198,338940
789198,792249
789199,376108
789199,343803
789233,668368
789233,1009380
789241,478560
789241,1006403
789241,1071636
789241,693828
789241,954460
789377,1091949
789377,830427
789377,964613
789386,60182
789386,883207
789386,918059
789461,730627
789565,760093
789565,743156
789589,198920
789589,6037
789688,1161194
789688,290017
789688,1079759
789688,369922
789688,154452
789688,903347
789688,723703
789688,737774
789725,766948
789725,847352
789730,21465
789737,813926
78977,899374
78977,114090
78981,318804
789832,433139
789832,463471
789832,48599
789832,151444
789832,211931
789832,923007
789881,284787
789881,159489
789904,1129978
789911,820540
789911,796832
789911,843335
789911,28521
789911,377709
789918,160398
789918,916996
789956,772795
79002,571704
79002,358221
790078,833675
790082,260664
790082,871176
790082,481708
790082,1073209
790082,372424
790132,95099
790132,514540
790269,112298
790269,702383
790329,1135021
790332,749465
790332,1066078
790332,464580
790332,459174
790332,445624
790332,297954
790362,112230
790449,400175
790449,387239
790449,21141
790449,197354
790516,559943
790516,386870
790516,771352
790516,1081159
790516,435964
790516,74771
790516,902450
790516,542288
790516,162806
790516,600199
790516,290017
790516,554382
790516,366705
790516,1161613
790522,60026
790522,354988
790522,168402
790522,239718
790522,640021
790522,1065156
790522,165675
790522,558946
790562,241260
790562,149052
790562,989767
790562,454350
790562,729938
790562,772505
790642,774712
790642,168402
790721,787287
790721,851102
790721,133779
790721,830747
790797,894099
790812,216047
790812,338645
790837,4306
790869,948883
790869,1139344
79091,136203
79091,774389
79091,190691
79091,305374
790939,1037624
790939,326473
790939,471409
79094,71357
79094,35238
79094,479851
79094,786612
79094,1154719
79094,1013507
79094,162823
79094,428364
79094,22845
79094,610418
79094,847947
79094,385406
79094,132168
790957,591191
790957,523047
790957,874745
790957,720151
790957,739894
791002,801013
791002,843335
791002,95099
791002,46545
791002,1076079
791002,102828
791002,524374
791002,558946
791002,995215
791002,1048430
791002,90622
791002,831179
791002,746984
791002,734157
791002,118733
791002,443144
791002,652464
791002,29460
791002,295586
791106,73971
791106,504185
791216,134901
791216,13751
791216,1146131
791222,1066386
791222,930278
791222,792910
791222,870765
791222,1000371
791222,667756
791223,379200
791223,154452
791223,381018
791223,15935
791298,42645
791298,1006496
791298,988002
791298,642205
791298,783300
791298,699706
791324,1083323
791365,700504
791365,711046
791365,112292
791365,77920
791438,700163
791438,592045
791438,532578
791438,427520
791438,1118311
791494,1044597
791494,930868
791494,470894
791515,390244
791552,508794
791552,488618
791552,186298
791613,347112
791713,386827
791713,479851
791713,363039
791713,1096557
791713,843335
791713,94816
791713,877141
791713,33605
791713,554382
79184,958451
79184,86016
79184,169959
791850,261987
791850,612393
791875,553526
791875,604190
791896,1128905
791896,565348
791896,964633
791896,679616
791896,540284
791896,36744
791909,1089583
791909,30444
791911,1131486
791911,802294
791911,1106717
791911,83795
791911,201139
791932,883762
791932,826283
791932,1155077
79195,521271
79195,1061664
79195,198254
79195,77236
791961,1081570
791961,745537
791961,669611
791961,951697
791961,784141
791961,526183
791986,855817
791986,817393
791986,168402
791986,204249
792105,216354
792105,612517
792154,327047
792154,1153546
792188,450931
792188,517257
792188,976522
792188,803861
792188,797888
792188,1119796
792188,1132616
792188,415656
792227,251729
792227,475930
792227,222160
792227,738951
792249,338940
792249,780681
792249,724767
792330,299334
792330,1090020
792330,307990
792330,622456
79240,197375
792483,1109160
792483,684374
792483,918471
792491,60026
792491,640021
792517,1159383
792532,772795
792532,451106
792546,223484
792546,1008167
792562,161063
792590,594804
792590,1065566
792590,1126640
792590,843335
792590,305498
792590,829084
792590,554382
792590,1115765
792590,1082884
792590,433139
792590,312142
792590,294391
792590,24872
792590,868352
792590,918154
792590,33605
792590,805092
792590,390957
792590,1118769
792590,330828
792590,576822
792590,33728
792590,87412
792590,37907
792590,479851
792590,323278
792590,901787
792590,486093
792590,398186
792590,972103
792597,371727
792597,859372
792597,763932
792597,145687
792597,545843
792597,652467
792597,988002
79260,17790
79260,488194
79260,361334
792655,545843
792655,1145242
792685,183
792731,388760
792731,569960
792731,448817
792731,94816
792731,131273
792762,550645
792762,360742
792762,21650
792762,415280
792762,331386
792762,248247
792762,1032729
792762,591822
792762,188630
792762,592674
792783,50509
792783,1052437
792783,379014
792867,394871
792886,880
792910,1107807
792910,791222
792910,1095620
792917,197619
792917,248405
792917,557486
792917,925564
792917,741806
792917,981396
792932,793940
792932,195811
792932,361733
792932,1042627
792932,878788
792932,642205
792932,763932
792932,1156911
792932,988002
792932,496840
792932,455714
792932,973615
792932,685013
792932,1037627
792932,448852
792932,811812
792932,859372
793108,941253
793108,1071629
793108,742204
793108,305092
793108,769448
793108,320081
793227,716493
793227,204249
793227,596578
793241,808124
793241,246900
793241,386175
793241,647961
793241,242496
793241,431855
793241,1066055
793241,78071
793302,957654
793302,9410
793340,1066674
793340,649184
793340,959414
793340,491391
793367,150574
793397,1131841
793397,1027275
793421,845354
793437,734157
793437,629829
793437,490771
793437,637082
793437,932581
793437,576575
793464,631837
793464,1032459
793464,309936
793464,917727
793464,401062
793537,603737
793537,690627
793537,1073209
793537,482987
793537,473355
793537,990349
793537,8822
793537,388446
793647,95099
793691,151444
793691,592674
793729,838835
793763,310311
793763,334100
793763,97514
793763,230347
793763,200795
793782,361410
793782,342900
793782,1099054
793788,94816
793788,386870
793788,954289
793788,290017
793788,709953
793869,907370
793869,919851
79391,779477
79391,1063616
793940,878788
793940,841216
793940,385059
793940,858767
793940,525393
793940,701313
793940,730928
793940,545843
793940,973615
793940,988002
793940,92097
793940,329505
793940,148687
793940,1155102
793947,742606
793979,819555
794032,845614
794032,853945
794040,870689
794040,1111891
794040,576866
794040,764742
794040,500149
794040,144432
794090,191891
79418,134670
794198,89447
794198,916553
794228,682054
794278,29187
794278,627763
794278,950251
794303,843335
794303,1042601
794303,972103
794303,341451
794303,792590
794303,567692
794303,95344
794303,578452
79432,357153
79432,108095
79432,1107554
794357,769351
794357,193419
794357,348738
794357,386605
79440,583840
79440,937369
794424,296605
794433,1045102
794465,210365
794465,769846
794465,988047
794465,873983
794465,648532
794489,1035668
794620,707536
794620,389716
794662,1151548
794662,870765
794662,26827
794801,11476
794801,436157
794820,729601
794820,897543
794820,58329
794820,86770
794877,463896
794877,996176
794971,728478
79502,447576
795029,1146979
795029,904051
795029,738681
795029,503787
795029,480860
795074,341040
795074,23298
795074,532100
795168,124857
795168,690480
795168,843335
795168,213255
795168,207552
795168,1033450
795168,427997
795215,142994
795215,768816
795247,723141
79527,1118769
795325,267846
795449,1086395
795449,379452
795464,295623
795494,679966
795494,204645
795494,1039679
795503,1050126
795503,885821
795503,559943
795503,889817
795503,136163
795525,346263
795525,919098
795525,812534
795529,197813
795529,591732
795529,318450
795576,202394
795667,1062222
795667,319606
795667,42181
795667,110802
795667,244934
795667,290017
795667,807708
795689,250925
795689,795689
795689,339379
795689,881520
795689,63047
795689,772255
795709,600304
795709,696543
795764,529670
795764,202645
795869,730252
795869,270607
795870,853651
795878,1016866
795878,1097480
795878,524789
795898,335205
795898,899374
795898,468064
795898,1095560
795898,114090
795974,872017
795974,33605
795974,843335
795974,494241
795974,479851
795974,316702
795999,916996
79602,826283
79602,831681
796159,712207
796159,903347
796159,319666
796159,10957
796159,159049
796159,1102969
796159,1115281
796159,302051
796159,330250
796159,565610
796159,1036603
796159,201752
796159,1033388
796159,683124
796159,33605
796159,1146349
796159,479851
796159,884956
796159,692448
796159,580690
796159,843335
796196,469127
796234,517324
796246,592169
796246,1135327
796253,961054
796263,892110
796263,774218
796263,321377
7963,536600
796343,1118769
796353,988151
796353,165675
796353,628933
796353,801098
796353,1087815
796353,768040
796394,1029402
796410,1118769
796432,127339
796432,531413
796432,13751
796432,290017
796432,484916
796432,430840
796432,1076159
796432,1062222
796432,386870
796474,962968
796474,1035652
796512,966235
796512,1134657
79655,1147569
79655,878351
79655,434832
79655,494156
79655,784003
79655,79977
79655,800855
79655,76577
79655,247137
79655,554496
796566,628495
796566,1113736
796566,676028
796566,30233
796566,501005
796566,1085153
796566,334100
796566,1046363
796566,800619
796566,767519
796566,191866
796566,207572
796566,336542
796566,310311
796566,230347
796592,438549
796592,797779
796605,429733
796605,1159383
796634,83288
796710,437949
796710,63047
796710,796710
796732,603207
796732,223264
796732,77069
796732,167267
79674,192823
79674,626189
79674,427806
796832,13555
796832,516961
796832,626571
796832,686048
796832,789911
796832,950735
796832,334509
796832,28521
796832,571635
796832,680178
796832,1079258
796832,377709
796832,393405
796832,1143912
796839,527597
796839,254048
796839,958697
796839,887528
796839,458523
796839,386402
796839,95445
796839,895431
796839,721455
796839,186277
796839,684398
796839,309198
796839,852742
796839,118048
796839,906141
796839,539057
796846,1143293
796846,813080
796846,846413
796846,5245
796903,843335
796923,701174
796923,584888
796923,735586
796932,1016615
79701,454350
79701,149052
79701,669894
79701,989767
79701,361391
79701,1153703
797042,870765
797066,32674
797066,328771
797066,655225
797066,832724
797066,182423
797112,768327
797129,725765
797129,994364
79714,882343
79714,1065975
797141,1073209
797141,719241
797182,845354
797193,602698
797232,166748
797232,719874
797232,786492
797267,796732
797267,946090
797356,651613
797356,277023
797356,157605
797356,852717
797390,777356
797390,809321
797390,94024
797390,341948
797397,604828
7974,363039
797411,765343
797411,267436
797411,1107554
797411,34334
797494,52257
797494,502656
797517,1071636
797517,223226
79753,1018627
797537,182509
797537,671272
797537,194173
797537,386402
797552,1089176
797552,1134524
797552,1005802
797564,80496
797594,56973
797647,847352
797667,805092
797667,62512
797724,868541
797724,547620
797800,1115765
797800,263428
797800,89966
797800,642381
797800,167847
797800,33728
797800,120171
797886,747227
797886,622772
797886,267123
797888,87831
797888,596763
797888,415656
797888,792188
797925,940255
797925,1035320
797925,1058287
797925,1065126
797925,1080006
797925,615127
797925,57197
797925,295787
797925,329191
797925,74721
797925,858994
797925,873111
797962,363378
797962,1142475
797962,430219
797984,639125
797993,120589
79809,806832
798102,967739
798102,43200
798115,284286
798126,227972
798126,1131607
798126,265454
798126,145447
798155,1036132
798239,164870
798246,531413
798246,1108515
798246,13751
798246,362108
798246,334509
798249,584091
798259,117036
798275,786492
798275,479167
798275,93087
798275,1049711
798275,382120
798280,1065145
798280,677090
798305,711628
798440,681202
798502,1090020
798502,247172
798506,150574
798506,1154374
798513,435394
798513,970496
798525,647671
798539,647925
798539,187290
798539,1107430
798539,948666
798594,288451
798695,643351
798715,666578
79875,684170
798768,542023
798768,820169
798796,290017
798796,934383
798796,386870
798796,531413
798796,617496
798796,1038398
798796,554382
798846,518885
798878,667900
798878,151444
798878,251781
798878,49174
798878,1057259
798878,729789
798878,700540
798878,274989
798878,619282
798878,403156
798878,383644
798878,864818
798878,220831
798878,664355
798878,1055695
798878,131424
798878,817957
798878,955614
798878,901643
798878,679599
798878,246819
798878,299660
798878,629459
798878,741424
798878,563388
798888,558946
798893,786492
798897,381052
798944,184986
798960,938599
798960,684660
798963,730928
798963,1062199
798963,580107
798963,134763
798963,630310
798963,827909
798963,878858
798963,148687
798963,195858
798963,627406
799015,102093
799015,396101
799065,382372
799065,982484
799065,741971
799079,408477
799098,971382
799098,1115657
799098,854284
79912,574392
799153,381409
799223,165189
799293,339379
799295,936058
799295,372724
799301,204814
799301,480034
799309,299316
799309,361618
799309,596578
799355,6893
799434,729756
799434,459528
799501,879246
799530,718837
799530,208610
799598,477901
799612,63047
799612,806129
799649,482995
799687,58329
799687,554538
799687,334720
799687,717102
799687,770791
799687,880963
799687,280403
799687,373462
799687,575658
799687,1062222
799687,240350
799687,729601
799709,1013040
799709,978039
799716,1133156
799716,894157
799716,78552
79977,1031972
79977,554496
79977,230430
79977,878351
79977,76577
79977,699331
79977,784003
79977,631807
799864,217615
799864,259291
799864,1107045
799864,764084
799864,743387
799864,452201
799875,81474
799875,754890
799875,386061
799875,506332
799875,133249
799875,707639
799875,360229
799875,681536
799875,1114146
799875,312393
799875,861103
799986,798796
799986,554382
799986,386827
799986,479851
799986,380249
799986,94816
799986,771352
800044,414090
800044,12172
800044,613773
800044,193993
800044,654065
800044,650215
800044,919954
800044,736004
800044,1063405
800044,289480
800049,1044442
800049,28901
800049,878320
800049,740301
800049,138931
800049,1080006
800068,498165
800069,400175
800069,199366
800069,1161113
800069,1071514
8001,21971
8001,129309
8001,175659
8001,579177
8001,70406
8001,143985
8001,1060236
8001,215696
8001,182764
800107,456509
800125,1034682
800168,862551
800168,972640
800199,497636
800199,885819
800390,1044597
800390,903347
800390,514497
800390,204645
800390,848909
800390,843335
800390,559943
800390,605588
800390,831585
800390,683124
800392,387239
800392,790449
800408,1166930
800408,637019
800408,850090
80048,862298
80048,747541
800528,875887
800538,1057134
800543,668368
800572,1079660
800572,1054246
800585,1029358
800585,696652
800585,168402
800585,717008
800585,118048
800585,90040
800585,29460
800585,246458
800585,473355
800585,206379
800585,901758
800585,730500
800585,1026121
800585,577710
800585,393274
800585,186277
800585,386402
800585,996219
800585,958697
800585,127016
800585,887528
800585,588390
800585,364266
800585,414949
800585,747831
800585,1046977
800585,1041811
800585,585357
800585,215066
800585,288553
800585,254048
800585,338645
800585,390305
800585,1044271
800585,244533
800585,997879
800585,511457
800585,721455
800585,1042380
800585,483843
800585,1112044
800585,679966
800585,102827
800585,684398
800619,1031935
800619,257336
800619,3205
800619,396988
800619,224973
800619,920612
800619,796566
800633,948630
800633,163933
800633,637984
800633,565159
800633,908952
800633,580205
800633,878640
800633,1037514
800633,650593
800633,1134242
800633,167847
800633,734157
800633,1063382
800633,1058558
800633,708285
800634,634781
80066,617310
80066,433139
80066,751066
800664,176989
80067,64716
80067,1051270
800675,1011938
800675,774218
800711,315587
800711,21970
800798,779220
800802,912362
800802,43200
800802,675257
800855,573066
800855,434832
800855,582293
800882,1053449
800882,1129978
800882,1019954
800882,839126
800882,827580
800882,1132216
800907,479851
800922,843335
800922,678609
800922,721555
800922,33605
800922,1055214
800922,479851
800922,1144557
800922,386827
800922,94816
800930,1108515
800930,377709
800930,851714
800930,1050868
80094,762755
801013,176725
801013,243054
801013,927898
801013,210866
801013,386827
801013,864268
801013,219599
801013,497866
801013,100256
801013,792590
801013,145908
801013,121095
801013,609002
801013,137937
801013,46545
801013,610095
801025,1110434
801025,801373
80105,547291
80105,703922
80105,1052480
80105,575444
80105,458609
80105,659740
80105,493819
801098,995581
801098,796353
801098,150574
801098,628933
801098,845635
801098,565514
801098,1097100
801098,988151
801115,197504
801118,608112
801134,414148
801134,506361
801134,187827
801134,582463
801134,1052392
801134,580400
801134,76042
801134,168402
801134,132577
801134,425330
801134,976522
801134,283575
80116,27781
801229,1131607
801248,959092
801250,841575
801250,998936
801326,688037
801397,906337
801397,132348
801397,326663
801397,1032094
801397,627389
80140,213255
80140,207552
80140,516767
80140,772312
80140,1137988
801429,777356
801429,465262
801449,89540
80153,1032515
801553,740851
801553,890259
801553,858173
801575,68441
80159,384846
80159,604828
80159,864068
80159,372159
80159,360229
80159,651613
80159,963767
80159,879246
801600,744526
801620,340659
801632,962163
801632,1046224
801713,601584
801713,724900
801748,321308
801748,739894
801748,676526
801748,196908
801748,711842
801757,884503
80178,1136558
80178,756840
80178,1062178
80178,597172
80178,27781
80178,1146770
801866,1147184
801866,277620
801871,488124
801871,878829
801871,76718
801922,588151
801922,955467
801945,1028949
801945,1141526
801990,976956
801998,63180
80207,1083323
802078,168402
802078,980646
802086,845354
802086,71567
802086,518429
802086,684865
802086,513929
802086,550982
802103,32006
802103,560794
802103,366257
802104,51743
802155,702552
802155,190389
802157,569234
802185,574392
802237,514409
802290,906956
802294,468550
802294,1072492
802294,791911
802294,1123245
802294,963674
802304,163273
802309,94459
80231,801140
80231,805318
802319,408346
802346,158937
802522,351759
802522,390191
802522,883177
802528,357153
802570,479636
802570,697507
802570,383098
802570,488777
802570,87862
802570,385448
802570,606894
802570,70406
802582,1135448
802582,161154
802677,461312
8027,862457
8027,1118769
8027,968770
802701,743344
802718,210439
802718,591043
802718,1097977
802718,212524
802718,709116
802718,13547
802718,411589
802718,1040926
802718,753130
802718,440162
802727,665259
802727,988862
802750,792120
802765,266534
802765,734157
802765,149812
802765,404960
802765,647233
802765,932581
802788,944191
802788,449324
802788,390052
802792,334100
802792,230347
802792,310311
802792,97514
802792,1085153
802818,814528
802864,802864
802864,813386
802864,361181
802864,728710
802895,95099
802895,846932
802895,1075712
802895,843335
802969,1104070
802969,600304
802969,1107022
802969,828029
802972,512746
80306,132649
80306,937846
803079,358031
803087,70253
803087,131450
803087,1017710
803087,300252
803087,353259
803087,39603
803130,1124184
803130,1072292
803171,208771
803171,294001
803277,686753
803340,517942
803340,402834
803480,85822
803609,287071
803609,1123254
803668,1066078
803668,1139344
803721,744929
803721,403612
803721,76669
803721,96152
803721,1095233
803721,1000371
803721,666164
803721,685545
803721,297441
803721,918596
803809,378605
803856,236864
803856,928639
803856,1072823
803856,215379
803861,792188
803861,482897
803861,581628
803861,1132616
803887,543848
803896,294539
803946,559943
803946,204645
803946,4179
803946,856897
803946,7190
803946,1081159
803946,693828
803946,879246
803946,683124
803946,870785
803946,438946
803946,279216
803946,647703
803946,630825
803946,843335
803946,1011282
803946,1096557
803946,448646
803946,290017
803946,256239
803946,989178
803946,354082
803946,792590
803946,608311
803946,1126364
803946,1086395
803946,554382
804012,780037
80405,371089
80405,457928
80405,1103415
804089,864263
804105,572991
804108,371355
804108,1146131
804108,40378
804108,890377
804108,895489
804108,1128431
804108,687676
804116,716683
804229,164494
804229,361391
804250,760377
804250,920010
804252,938599
804252,117443
804252,821505
804252,979649
804262,482987
804262,372802
804262,122338
804316,557184
804316,692448
804318,493782
804367,1136943
804367,453359
804371,745790
804507,773518
804507,526871
804507,772795
804507,306253
804507,609447
80456,680119
804576,374747
804576,621473
804576,107759
804576,1022859
804576,1011854
804576,699456
804576,132032
804576,605241
804576,599553
804576,1004807
804576,291288
804576,430047
804576,334428
804585,925976
804585,598076
804585,1131051
804585,364329
804585,186532
804585,376368
804585,277933
804585,624728
804585,325867
804585,155861
80461,709541
804670,887140
804677,1149219
804677,91685
804677,460573
804677,878963
804677,347047
804686,228676
804686,955332
804686,758230
804686,58737
804686,282410
804686,299660
804689,976956
804738,435670
804754,627304
804754,1086501
804754,468042
804754,290017
804774,533848
804810,75310
804872,204397
804872,52255
804872,933776
804872,196474
804872,4095
804872,930278
804872,435670
804872,830433
804872,817051
804875,721796
804875,492448
804899,98297
804899,342912
804899,376483
804899,173097
804899,772795
804899,931346
804899,56973
804899,1083782
80490,1032529
80490,294918
804943,656107
804943,703922
804943,1009264
804943,575444
804943,1052480
804943,547291
80496,198920
80496,797564
804989,805092
804989,293871
804989,1098406
804989,1097744
805037,496867
805092,1082884
805092,94816
805092,145078
805092,1017186
805092,386827
805092,671272
805092,418885
805092,386870
805092,959092
805092,194173
805092,593574
805092,292096
805092,782337
805092,178810
805092,771352
805092,390052
805092,824351
805092,453359
805092,355800
805092,642205
805092,386402
805138,549259
805138,1093431
805214,315607
805214,1087468
805214,907962
805214,173814
805291,377449
805291,315167
80530,312408
80530,604397
80530,617496
80530,920885
80530,856776
80530,1093682
80530,1021577
80530,779350
80530,488191
80530,64203
80530,941567
80530,777670
80530,714368
80530,593155
80530,601763
80530,924929
805318,552352
805318,80231
805338,163792
805344,714368
805360,506626
805375,70253
805375,1017710
805398,725517
805398,88538
805441,1033173
805441,1064432
805442,849537
805442,848587
805454,164972
805454,256876
805454,232088
805454,718506
805499,1067248
805499,1116789
805528,387320
805528,213417
805600,459528
805600,604828
805649,372227
805649,294489
805649,247793
805649,90821
805659,287004
805715,498258
805715,408477
805777,1128186
805777,723183
80582,671272
805905,848909
805905,244655
805905,554382
805905,253891
805905,565499
805942,605708
805942,373694
806051,208825
806051,1149853
806129,686823
806129,996705
806129,975890
806129,266809
806129,658012
806129,408736
806129,897168
806129,660504
806129,437949
806143,514530
806143,989753
806143,1005604
806143,960278
806143,386870
80621,229076
80621,147871
80621,586537
80621,1012697
806343,1073209
806343,964527
806343,911474
806343,764898
806343,44140
806343,862970
806343,976956
80637,43636
806399,140390
806449,371040
806449,842752
806449,1011854
806450,201618
80646,286656
80646,314477
80646,21416
806515,269831
806515,840135
806515,809141
806515,1013040
806515,596158
806515,156573
806515,962971
806515,661656
806515,843171
806515,202585
806515,117224
806515,793947
806515,501847
806515,559943
806515,925511
806568,1086357
806568,744929
806568,957056
806589,1102943
806645,878788
806645,386870
806664,663226
806664,480034
806664,351759
806673,559943
806673,204645
806673,554382
806681,798502
806681,990617
806681,137323
806681,799153
806681,247172
806800,506581
806800,918630
806800,913394
806832,79809
806867,657522
806867,1082884
806867,131667
806867,279496
806918,918154
806953,380381
806953,189710
806960,604828
806960,120852
806960,1016615
806960,651613
806960,216297
806960,242500
806960,685550
806976,955614
806976,776302
807029,1134112
807029,198023
807046,312625
807046,1141440
807074,168402
807074,777670
807085,394969
807085,918900
807085,240826
807095,928412
807095,1141266
80710,267378
80710,350923
807142,256876
807142,164972
807142,128972
807142,907094
807142,580400
807142,510339
807142,119665
807149,583567
80715,614279
80715,57052
807158,1034016
807158,349156
807158,270486
807182,453340
807182,864154
807182,609002
807182,257139
807235,65338
807280,997700
807280,1096557
807280,330250
807280,386870
807292,811022
807292,1002956
807316,843086
807316,490847
80736,639790
80736,1119347
80736,129305
80736,695091
80736,893675
807364,1138839
807364,1135674
807379,747362
807395,407737
807395,566262
807443,658396
807443,386605
807443,483048
807443,642955
807443,875887
807443,368177
807443,1005262
807443,413938
807443,718634
807443,346853
807443,1076920
807523,246544
807523,152337
807523,87090
807549,199555
807591,263600
807591,24370
807591,175536
807653,693720
807653,222742
807681,1118769
807681,458196
807681,1082418
807708,554382
807708,13751
807708,1072492
807708,1066481
807708,1124234
807708,326535
807708,762374
807708,874014
807708,795667
807708,600179
807708,733554
807708,402559
807779,1023127
807779,916996
807779,536600
807779,377442
807779,160398
807779,47575
807779,183761
807842,271991
807842,203284
807858,897766
807858,667341
807908,192536
807908,218207
807926,950939
807926,736011
807985,358733
807985,1118769
808078,652464
808078,524374
808078,637101
808078,859940
808078,646481
808078,996789
808078,588431
808078,329680
808086,750108
808086,668368
808086,310392
808094,414819
808094,868734
808094,315146
808094,114333
808094,141109
808094,253630
808118,988002
808118,1103922
808118,878788
808118,859372
808124,386175
808124,242496
808124,431855
808124,896342
808124,246900
808124,793241
808124,78071
808124,429733
808174,944915
808378,1018413
808483,834845
808483,879300
808483,766665
808483,19984
808483,1001341
808483,1142251
808493,1094677
808493,958160
808493,268159
808493,234986
808493,1036828
808496,491570
808552,165589
808552,853984
808552,846944
808637,289983
808637,516000
808637,1091723
808745,479658
808745,890974
808792,642273
808794,597561
808794,185743
80887,1033120
808987,495205
808987,1073209
809052,928639
809052,965389
809072,683864
809072,144185
809105,649217
809105,1134744
809139,39328
809139,750072
809139,886430
809139,638924
809139,488368
809139,859651
809141,742606
809141,48099
809141,1068169
809141,785231
809141,596158
809141,340803
809141,349941
809141,962971
809141,439191
809141,633963
809154,1114375
809154,89297
809154,139830
809173,246458
809194,42645
809194,695910
809194,450727
809194,642205
809194,590371
809194,336267
809321,94024
809321,797390
809339,668368
809352,456647
809352,1120982
809358,367495
80939,582842
80939,551365
80939,477273
809422,813538
809443,225791
809465,915076
809465,222908
809465,847352
809465,724272
809483,7675
809483,942372
80949,42645
80949,859372
80949,755509
80949,1021291
80949,620233
80949,18820
80949,73712
80949,790721
809534,11676
809534,49484
809534,94889
809534,376368
809534,716060
809534,364329
809544,577982
809603,980194
809603,362815
809603,328327
809603,746984
809648,1048465
809735,372955
809735,105720
809773,18757
809773,252749
809773,1013294
809873,879065
809873,681056
809873,472038
809873,432510
809878,800436
809878,994717
809897,587115
809897,959128
809897,705766
809897,880347
809897,526047
809897,652464
809897,559943
809897,1053061
809897,734142
809932,385059
809963,225663
809963,277432
809963,719758
809963,103685
809963,336637
809963,658012
810038,1154647
810055,361334
810055,488194
810141,977933
810141,149581
810141,981093
810141,192688
810141,222620
810141,637130
810141,597848
810141,479851
810141,659465
810141,28149
810141,819555
810141,169673
810141,750504
810141,19984
810141,474702
810141,1097340
810141,695422
810141,536125
810141,986798
810141,735514
810141,495341
810141,361880
810141,1002584
810141,520707
810141,427919
810141,391189
810141,1005604
810141,1005176
810141,713327
810141,747765
810141,531537
810161,359140
810161,628651
810161,146249
810196,559943
810196,843335
810196,554382
810197,604828
810197,1149283
810197,707836
810197,150316
810197,137381
810197,1043655
810197,1074922
810205,762374
810265,1160671
810287,112450
810287,985502
810287,62524
810287,569233
810287,1112353
810303,190527
810319,525726
810319,319927
810389,450085
810389,975100
810389,833504
810389,457928
810460,707966
810460,1001266
810488,376483
810583,61531
810583,130041
810583,1119195
810583,293472
810583,301004
810583,158824
810583,594088
810583,748773
810583,810583
810583,851966
810583,1060709
810583,226477
810583,1125088
810583,1069565
810583,1679
810583,90119
810583,792712
810583,1014248
810583,899097
810583,698025
810583,786853
810583,37235
810583,1149506
810583,894219
810609,290017
810629,1023127
810629,1104341
810629,534224
810629,215289
810629,122123
810629,775108
810629,464580
810629,10143
810629,916996
810629,662489
810629,386776
810629,807779
810629,1166388
810629,857467
810629,436643
810629,668821
810822,1046598
810822,172039
810822,537797
810822,439289
810822,634319
810822,1075448
810829,967319
810882,316702
810882,842181
810890,668368
810929,984194
810929,998866
810929,780408
810943,397918
810943,447728
810996,355827
810996,825156
810996,342784
811022,667036
811022,793129
811071,525203
811128,227972
811128,481835
811128,919967
811149,180097
811149,493752
811149,620581
811231,193419
811231,1073965
811231,386605
811336,899374
811356,688056
811356,702376
811356,1110527
811376,379664
811402,916979
811402,433139
811402,305498
811402,642283
811402,113407
811410,668930
811433,1057145
811471,189823
811487,1085967
811487,919999
811487,247172
811487,937639
811487,1090020
811517,617743
811517,686807
811520,674510
811520,883177
811520,10143
811520,1144557
811571,404548
811571,702878
811571,553344
811571,224152
811632,1104990
811632,1110793
811632,852140
811632,1153469
811639,1039856
811639,174567
811639,162356
811639,489681
811725,567753
811725,199330
811737,909773
811737,545277
811737,646576
811737,238396
811737,532035
811747,1003207
811747,709700
811747,1054517
811747,256532
811747,764084
811761,855633
81179,554382
811812,118735
811812,903433
811812,728636
811812,611813
811812,642205
811812,792932
811812,448852
811812,859372
811812,988002
811812,830747
811812,545843
811812,973615
811813,337040
811813,474218
81182,1038807
81182,1133106
811862,853302
811862,97351
811862,445430
811862,840714
811862,964318
811927,133249
811927,832524
811927,563254
811976,889817
811976,380040
812102,739920
812102,147732
81212,197354
81212,204017
81212,600381
812141,732764
812141,626182
812169,811235
812169,1135021
812169,397585
812252,216262
812265,912938
812265,853421
812288,750428
812288,1167051
812288,602793
812288,1157962
812288,244226
812288,1035671
812288,747405
812288,184518
812288,12275
812288,355827
812288,850230
812288,589825
812299,573444
812299,241177
812339,843335
812339,638924
812339,611078
812339,105042
812339,957056
812341,1118769
812341,102795
812341,780037
812341,768327
812341,558404
812341,468009
812341,359603
812341,1037849
812341,958349
812341,788410
812341,1149506
812341,559943
812341,132544
812341,236864
812355,819540
812355,514497
812355,158272
812355,444
812355,813379
812366,799355
812366,846932
812366,952953
81239,839700
812394,257303
812394,361375
812394,603785
812395,878788
812395,176819
812433,59526
812450,333841
81251,381502
81251,889010
812519,828530
812519,369192
812528,658012
812528,269842
812528,1110247
812528,336637
812579,651010
812678,1091651
812730,1126364
81275,768247
81275,81474
81275,857068
812809,696210
812809,371355
812809,559580
81281,224973
81281,1007491
81281,242001
81281,1067369
81281,322870
81281,1053348
81281,982139
81281,736556
81288,479851
81288,719204
81288,848909
812947,315183
812947,245622
812979,465953
812979,732347
813000,772795
813000,904262
813000,528739
813000,1136718
813035,893259
813035,708115
813080,679955
813080,796846
813080,606670
813080,635091
813080,1143293
813080,1017699
813080,139748
813080,458637
813104,312408
813104,800068
813104,652464
813104,1000780
813104,1155403
813104,605588
813104,831179
813104,559943
813104,695365
813104,51947
813104,524374
813125,1034810
813125,487766
813125,1118769
813127,638846
813127,491823
813127,554382
813127,683124
813136,554382
813136,953300
813141,825985
813186,1097249
813208,1116866
813208,1000123
813208,911474
813208,666915
813208,360339
813220,676212
813220,705766
813220,1033388
813220,192483
813220,559943
813220,166729
813220,608514
813386,915076
813386,802864
813389,596940
813389,581106
813389,991799
813389,770982
813389,778288
813389,629862
813389,554087
813389,139428
813506,892979
813506,468960
813512,1111786
813512,957480
813547,989739
813547,1003504
813547,608620
813547,675170
813547,439569
813549,719204
813549,608311
813549,237854
813549,843335
813549,1053061
813554,404054
813554,774333
813561,372371
813634,1067631
813634,934581
813634,806807
813634,849023
813634,806882
813634,386402
813634,658014
813634,280661
813634,847591
813634,1095311
813634,404228
813663,572747
813680,940703
813680,642821
813680,9523
813680,353912
813684,1002947
813684,1146563
813684,352166
813698,1082422
813698,961221
813759,283231
813773,498258
813779,47185
813779,833138
813779,528508
813779,899374
813779,412812
813779,114090
813890,209784
813962,207222
813962,268914
81405,921059
81405,883351
81405,955467
81405,541700
81405,539103
81405,1113539
81405,1018260
81405,490965
814095,1107554
814108,550794
814108,83795
814159,772255
814340,1057145
814340,1021899
814340,811433
814406,351297
814409,34182
814412,1153757
814412,393631
814412,821746
814448,610418
81445,550295
814483,335205
814556,399688
814556,912843
814637,689285
814657,20039
814657,21685
814668,373685
814668,475332
814668,945260
81468,907042
81468,1098935
81468,535367
81471,935450
81474,139955
81474,420921
81474,532260
81474,257890
81474,187487
81474,102079
81474,168402
81474,104608
81474,799875
81474,709397
81474,133249
81474,1143861
81474,962058
81474,1145305
814873,920699
814873,509163
814873,1128736
814880,425359
814880,1100484
814886,1112044
814886,365347
814886,404486
814886,821794
814886,671965
814985,343782
814985,645143
814985,180097
814985,872176
815030,1028138
815030,845354
815044,835306
815044,1103538
815053,642205
815106,1149283
815168,876021
815168,566412
815168,444053
815168,1103349
815168,6893
815168,248481
81518,475095
815208,125053
815208,1060741
815208,105720
815208,468267
815208,597381
815208,725592
815316,101711
815319,1117898
815319,418885
815355,964633
815391,473682
815391,517631
815391,26160
815408,222620
815408,839076
815408,95099
815408,142246
815412,693828
815484,999553
815520,640188
815520,1139368
815544,624260
815557,800549
81556,416950
815658,105720
81566,254245
81566,465971
81566,60144
81566,1132829
81566,847845
81566,390236
81566,209534
81566,760449
81566,197940
81566,785946
81566,100217
81566,32032
81566,626059
81566,743341
815697,997646
815697,236864
815697,719358
815697,573300
815697,976322
815697,849987
815697,729356
815697,233288
815697,686246
815697,633963
815697,13751
815697,372728
815697,1144557
815697,1014316
815726,320360
815726,764084
815726,665157
815726,20076
815770,352991
815784,96375
815784,567683
815802,768368
815802,368550
815802,394823
815819,363039
815819,84772
815849,453340
815849,609002
815849,864154
815849,257139
815871,215867
815871,185128
815895,652571
815900,476789
815900,423814
816,256264
816113,737526
816113,722251
816113,782227
816113,399452
816113,908038
816113,94333
816221,1151752
816221,1147839
816380,1090342
816380,500110
816409,547706
816452,230524
816532,746984
816532,847023
816532,515210
816532,858352
816540,979649
816540,1122138
816540,117443
816540,938599
816540,463258
816568,300252
816568,1017710
816568,39603
816568,270047
816568,70253
816568,835848
816568,778311
816689,254048
816689,118048
816689,309198
816689,577982
816689,358912
816689,958697
816756,143168
816756,977654
816756,220817
816756,90786
816756,643923
816756,287071
816770,554245
816770,1033006
816846,105720
816846,224532
81687,98233
816872,831124
816872,636393
816899,42645
816899,701313
816899,455714
816899,859372
816899,432405
816899,792932
816899,642205
816899,349204
816899,763932
816899,973615
816899,437497
816899,907849
816899,988002
816899,878788
816899,946975
816984,967927
81699,334720
81699,103317
81699,189789
81699,122265
81699,132516
81699,397095
81699,870497
81699,240350
81699,880963
81699,685743
81699,231723
81699,769303
81699,905564
81699,641981
817022,305374
817022,173709
817022,677812
817022,1040646
817022,77173
817051,804872
817051,4095
817051,930278
817108,951765
817136,1118821
817136,213569
81714,823817
817206,1082418
817206,1082884
817206,358733
817206,375996
817237,58363
817237,350188
817237,705953
817237,644880
817237,234558
817237,295751
817237,501149
817296,559943
817296,86638
817310,42759
817347,812288
817347,1167051
817374,253923
817374,818458
817393,168402
817405,620740
81742,378522
81742,530230
81742,635228
817437,762374
817437,510801
817437,178163
81745,434012
817487,524003
817487,174567
817487,498258
817487,1070941
817510,747831
817712,1118769
817716,897168
817716,153850
817716,826423
81776,1122475
817788,381094
817822,896381
817892,843335
817892,652436
817932,771352
817957,171451
817957,780037
817957,798878
817957,781217
817957,523396
818010,968655
818028,275185
818062,917962
818062,531413
818062,952237
818106,662276
818121,895603
818121,745790
818164,900530
818164,551351
818164,189488
818164,907922
818172,877276
818172,855798
818228,840148
818235,98297
818235,1120908
818235,772795
818269,920968
818271,695403
818271,1115765
818271,926661
818271,746984
818271,99485
818271,33728
818307,895251
818324,906050
818324,778668
818324,74311
818324,1079377
818335,613439
818344,479851
818356,621604
818356,465262
818356,1056026
818365,556920
818365,561582
818365,725761
818365,361334
818365,488194
818368,762153
818368,700540
818368,370671
818368,461797
818368,1056172
818368,523396
818368,122244
818368,175774
818368,31332
818368,774131
818368,30582
818368,781217
818368,597791
818368,901643
818368,151444
818368,406677
818368,642205
818368,1072048
818368,722559
818368,403709
818368,448539
818368,1064505
818368,679599
818368,798878
818368,675834
818368,267748
818368,433139
818368,482995
818368,319889
818368,555122
818426,610095
818426,20874
818426,386827
818427,393870
818427,83636
818458,908724
818458,817374
818458,993504
818458,253923
818458,1071012
818499,1097580
818499,745537
818564,1122475
818564,1136943
818564,384125
818564,962042
818564,688148
818564,130125
818564,1085225
818564,1099271
818564,807235
818564,574741
818564,785586
818564,81776
818564,625670
818633,201585
818633,869339
818633,96727
818696,412956
818696,601265
818697,1132461
818697,162686
818725,441146
818807,691228
818807,44693
818831,246369
818831,435670
818831,441067
818831,667756
818836,554382
818908,608722
818908,389937
818908,13164
818908,522314
818911,845165
818911,1006016
818936,439342
818936,542214
818953,753025
818953,681254
818953,954690
818953,774218
818953,83795
819008,168402
819008,247261
819172,14766
819263,46545
819263,257336
819263,33131
819264,82678
8193,1042069
819422,206716
819422,54537
819422,778907
819422,17570
819479,788603
819479,448646
819479,345240
819501,570508
819501,538891
819501,275783
819518,941253
819518,1138218
819540,514497
819555,461427
819555,452623
819555,554382
819555,859498
819555,19984
819555,549232
819555,793979
819555,169673
819555,531537
819555,349989
819555,422452
819555,259042
819555,290017
819555,509892
819555,1097340
819555,386870
819595,463411
819595,630051
819791,1045595
819807,842911
819807,852485
819807,372680
819871,589358
819871,1096640
819884,374747
819976,67527
82013,838923
820130,501005
820130,848547
820130,46545
820148,858273
820148,1000463
820163,986240
820169,386827
820169,531413
820169,642512
820169,491570
820169,1096557
820169,93895
820169,903347
820169,600955
820169,375447
820169,73844
820169,386870
820169,980040
820169,679966
820180,272398
820219,518398
820219,396042
820315,420735
820329,128784
820331,508944
820331,944185
820331,577982
820331,779492
820331,323794
820408,1021543
820408,834974
820473,442245
820516,565374
820540,789911
820540,402263
820592,926671
820592,691313
820647,237555
820652,885569
820660,723425
820660,843335
820660,559943
820660,132168
820662,488194
820664,639972
820664,1103415
820664,478648
820667,425065
820667,393629
820673,485702
820673,137518
820673,960278
820673,1125612
820673,952159
820673,654177
820673,495562
820673,457232
820673,300694
820684,935538
820687,662276
820687,681254
820756,1118769
820756,579475
82077,1155694
820798,894679
820806,387190
820806,259220
820806,517979
820810,1077960
820810,1073695
820810,603785
820810,860383
820810,788410
820810,501160
820858,898903
821029,1039017
821029,204249
821055,255749
821097,1126894
821097,285935
821123,817029
821123,1166385
821123,129309
821167,257917
821167,1150316
821167,946654
821192,1082884
821195,1071629
821236,1075593
821236,104333
821236,846860
821236,674944
821236,483398
821236,238396
821236,489754
821248,260109
821248,438758
821293,488194
821293,361334
821293,561582
821332,88053
821332,118189
821338,320078
821338,1091578
821338,6461
821338,387364
821338,108449
821338,907344
82135,669086
821356,963539
821356,703689
821356,529877
821356,181913
821395,92743
821398,151444
821398,928817
821505,816540
821505,1136943
821505,979649
821505,938599
821505,810790
821505,804252
82155,554382
82155,6893
821552,895844
821552,207165
82157,23897
82157,552341
82161,165328
82161,1075460
82161,180097
82161,933375
82161,941393
82161,934515
82161,872176
821669,806976
821701,560803
821701,766948
821722,168402
821722,885102
821736,859940
821736,989753
821736,1024350
821736,750293
821736,695091
821736,960278
821736,855634
821741,967077
821741,553572
821741,1148339
821741,1079652
821741,827580
821746,1153757
821777,562769
821777,1073209
821809,1059475
821854,655234
821854,109269
821854,762374
821960,832524
821960,959625
821960,516039
821972,792590
822071,327062
822188,858978
822188,757243
822188,746061
822203,1009682
822203,1058995
822203,630825
822203,1027933
822207,898768
822207,415015
822207,635173
822207,666397
822215,848909
822317,240793
822352,1103415
822389,838689
822389,1109134
822389,886069
822389,652019
822389,56973
822389,727093
822389,681259
822389,22043
822501,1162170
822501,1161113
822501,921158
82255,1083950
822551,1092347
822574,795494
822574,943967
822603,352166
822603,597466
822603,368592
822720,736714
822732,693296
822732,33605
822732,554382
822732,1154011
822732,116404
822732,934098
822732,781814
822732,280138
822732,694513
822732,1002956
822732,1072374
822771,182217
822771,483944
822771,144765
822771,942225
822771,958349
822771,40022
822819,202498
822819,628676
822937,409611
823006,99769
823006,3436
823006,937233
823006,354449
823032,102828
823032,186911
823032,605588
823032,726268
823032,35750
823032,265813
823052,359727
823052,831445
823067,505635
823067,31943
823067,593353
823087,319080
823087,693828
82309,1133882
823105,556484
823105,620581
823245,565499
823245,386827
823245,903347
823245,84125
823245,563424
823245,407003
823245,848909
823245,771352
823245,554382
823245,316702
823268,857406
823389,588106
823456,1166817
823456,1094217
823456,386059
823456,875887
823456,963674
823456,221724
823456,1041325
823456,1072492
823498,691433
823498,1033173
823498,344482
823498,398186
823534,620581
823534,568059
82356,658511
82356,116926
82356,550295
82356,332140
82356,1049865
823635,498258
823635,384616
823635,965089
823687,269842
823687,921608
823687,223264
823687,207880
823687,549259
823687,771723
823687,1139093
823687,528960
823687,635701
823687,70827
823687,847352
823687,277432
823729,597172
823729,1056164
823729,839392
823817,401849
823817,81714
823817,1164846
823826,997755
823826,381409
823826,1090020
823855,1116789
823855,772795
823855,783654
823855,866656
823855,372200
823855,66155
823855,966166
823855,1021802
823856,1097205
823856,332588
823856,1044678
823856,681249
823856,853128
823856,827580
823856,291963
823880,1073209
823880,335708
823880,1066674
823880,743895
823880,1056259
823934,37907
823934,699982
823934,362203
823934,1115765
824031,867215
824031,559943
824031,342216
824054,224752
824059,569690
824059,161953
824096,295612
82413,135688
82413,594096
82413,47185
82413,114090
82413,1095560
824269,988723
824342,1095560
824342,696929
824351,805092
824351,679644
824351,651909
824351,657376
824351,106854
824351,851337
824351,1032494
824351,62420
824351,9858
824373,664470
824373,386827
824373,30767
824373,833302
824373,510313
824373,659769
824373,492673
824470,580690
824470,686807
824470,479851
824470,744407
824470,746984
824470,711380
824470,269341
824533,88801
824533,104167
824555,973289
824560,691221
824560,1103455
824560,830747
824560,70868
824589,248912
824598,42645
824598,844122
824598,730928
824598,630310
824598,195858
824598,973615
824598,627406
824598,385059
824598,642205
824598,1025986
824598,216134
824610,1039218
824610,302051
824610,1094415
824610,1117314
824610,956007
824610,1050871
824610,28265
824610,444420
824667,264320
824667,149052
824670,1118769
824685,957056
824685,64531
824685,220239
824685,95553
824685,878090
824685,338575
824685,1148571
824685,948898
824685,640765
824685,274989
824685,283497
824685,897738
824694,830747
824694,335628
82475,941536
82475,475271
82475,1046011
82475,283264
82475,1094626
82475,276909
82475,274989
824803,679599
824803,228676
824803,689012
824803,681076
824803,291857
824822,718468
82490,547326
82490,710755
82490,141994
824916,866814
824931,902866
824931,157213
824964,1031538
824964,916775
824964,932956
824969,752435
824969,976522
82497,447530
82497,843335
82497,95099
82497,389395
82497,554382
82497,879246
82497,1135014
82497,923805
82497,832963
82497,29460
82497,339892
82497,647703
82497,966512
82497,16353
82497,614123
82497,360229
824974,22548
824974,1003514
824986,884911
825000,552045
825013,957959
82507,240350
82507,132516
82507,189789
825075,772795
825075,484797
825075,1161157
825075,56973
825075,37216
825075,369192
825075,386402
825075,271587
825075,983019
825075,896381
825156,15289
825156,810996
825197,145687
825197,371727
825253,495155
825272,1027876
825272,61145
825272,647616
825342,837221
825342,986240
825342,16031
825434,394441
825466,743908
825513,765343
825682,418219
825708,311349
825708,376483
825727,453802
82576,458523
82576,61024
82576,680703
825763,242500
825763,1165523
825774,1083848
825774,202066
825870,480034
825870,960436
825870,204814
825870,673222
825870,508944
825985,813141
825985,1157632
825985,369192
825985,607206
825985,98297
825985,967429
825985,526871
825985,10331
825985,914407
825985,216425
825985,625823
825985,1030719
825985,1006625
825985,673397
825985,741361
826061,925619
826061,114090
826061,1095560
826061,468064
826061,183327
826061,172632
826093,1006016
826093,1149185
826167,866037
826167,357775
826167,454350
826167,826167
826189,844854
826190,663679
826213,1082884
826213,1048115
826217,610856
826230,233564
826249,549554
826283,522474
826283,831681
826283,713607
826283,791932
826283,1155077
826283,511281
826283,408346
826283,117159
826283,187885
826283,919267
826283,40402
826283,146138
826283,347633
826283,1122524
826283,539761
826283,1122342
826283,30983
826283,471398
826283,479885
826283,36492
826283,329509
826283,581601
826283,938487
826283,981849
826283,907480
826283,1131436
826283,1087257
826283,831837
826283,538811
826283,739762
826283,943815
826283,883762
826283,777028
826283,1050276
826283,449278
826287,771134
8263,574251
8263,764084
826305,168191
826305,757228
826316,1114135
826316,952825
826316,623151
826323,275634
826323,647703
826323,914712
826323,115647
826380,162590
826380,604828
826423,817716
826423,975890
82652,228468
82652,405470
826550,429995
826550,285185
826550,1014364
826550,498451
826550,688275
826550,58241
826553,769552
82657,933501
82657,650218
82657,28019
82657,57137
82657,1091338
826648,1017710
826648,70253
826648,300252
826683,906050
826683,923637
826709,1033388
826709,554382
826709,1098671
826729,148134
826782,1114657
826782,1063410
826835,675257
826835,43200
826847,87263
826847,830747
826859,1161613
826859,1028011
826859,956188
826925,81556
826937,146452
826937,454350
826942,1013670
826942,864042
826994,225227
827066,843335
827066,39047
827066,683124
827066,554382
827066,803946
827066,610418
827095,540418
827139,248028
827149,933263
827161,724493
827161,906354
827161,119732
827161,971372
827174,389711
827174,1115765
827174,855798
827179,471413
827193,1103415
827193,581828
827193,715789
827193,1012876
827193,522612
827193,43281
827193,1095197
82723,249590
82723,685545
827234,1052613
82727,663220
82728,562769
82728,774594
82728,213293
82728,875684
82728,888624
827289,324047
827289,919999
827289,302857
827332,128319
827332,914594
827332,324367
82740,1046598
82740,432234
827424,8850
827485,42521
827485,750072
827485,385775
827485,780710
827487,1126640
827487,868352
827487,792590
827487,576822
827487,312142
827506,296001
827506,308053
827506,654639
827574,162580
827574,1082884
827574,128636
827574,159881
827574,871737
827574,123588
827580,549182
827580,158937
827580,1085162
827580,461344
827580,554382
827580,734157
827580,967077
827580,1000371
827580,423868
827580,834655
827580,95099
827580,771352
827580,857799
827580,1099854
827580,392739
827580,839126
827580,57052
827580,812341
827580,801013
827580,749687
827580,55688
827580,604828
827580,259598
827580,284063
827580,299831
827580,843335
827580,333297
827580,1140658
827580,785257
827580,274989
827580,863837
827580,1148339
827580,762374
827656,105720
827656,645888
827656,457928
827656,1103415
827898,1072492
827898,608615
827898,85836
827992,29460
827992,360229
827992,82497
828008,162159
828016,230890
828025,582848
828025,517758
828025,1100484
828025,918755
828029,802969
828029,483048
828029,550317
828029,268856
828029,773031
828029,193419
828029,256264
828029,150263
828029,539505
828029,210973
828029,848247
82810,442832
82812,715789
828130,546188
828130,415256
828143,309936
828143,388692
828143,401062
828143,140216
828143,1129865
828143,1032459
828143,281124
828143,511985
828143,836265
828212,381634
828212,747858
828212,526871
828212,255697
828237,369192
828282,1067152
828282,103939
828289,736011
828351,293378
828367,468729
828367,488983
828367,667297
828367,957959
828398,965162
828398,781817
828398,504443
828435,257139
828494,843335
828494,989753
828494,960278
82859,229174
82859,431885
828593,168402
828593,953579
828596,1115654
828596,831124
828779,442465
828779,257786
828779,1001083
828798,801998
828798,494735
828798,63180
828798,21946
828801,1042042
828829,846932
828829,843335
828829,876021
828829,6893
828879,436643
828896,725842
828899,385351
828949,57075
828949,615164
828949,110752
828949,957056
828949,868566
828949,168525
828949,18066
828949,68926
828980,256603
828980,777670
828980,834845
828980,943564
828980,186078
828980,137518
828980,482119
828980,748097
828980,828980
828996,1016615
828996,670753
828996,772857
828996,806960
828996,216297
8290,568232
8290,222109
829050,806449
829050,152538
829084,792590
829084,1130452
829270,71357
829346,534224
829391,1050525
829544,57985
829569,897324
829569,364999
82972,257145
82972,76166
82980,1064631
82980,1031650
829854,855614
829854,616104
829854,295734
829854,266194
829854,1093877
829854,314834
829854,623485
829874,955010
829900,989492
830159,1038488
830390,841523
830390,909605
830390,207010
830390,163533
830390,129073
830390,404351
830390,213493
830390,1095233
830390,1161753
830416,459538
830416,166491
830425,416950
830427,789377
830433,663562
830433,435670
830433,351297
830433,4095
830509,15382
830509,808094
830509,175979
830509,693875
830509,1151548
830567,497290
830567,1111271
830567,1103415
830588,163473
830588,179743
830588,1110304
830588,975311
830592,334720
830592,240350
830592,769303
830592,81699
830592,189789
830592,545200
830623,76700
830667,926410
830674,1003504
830714,752946
830747,844545
830747,937930
830747,194928
830747,728636
830747,892218
830747,522354
830747,779940
830747,711417
830747,471271
830747,1138804
830747,1103455
830747,699706
830747,787287
830747,1130276
830747,1058417
830747,426628
830747,460354
830747,290368
830747,691221
830747,1045193
830747,556029
830747,39168
830769,751440
830780,604788
830780,676893
830780,394399
830780,890259
830780,952754
830780,902973
830780,757135
830917,272566
830917,499176
830917,1053620
830917,1118988
830917,430647
830917,1012113
830917,666741
830917,82490
830917,465043
830971,1073716
830971,453340
830971,494412
830971,437721
830971,323140
830971,864154
830971,257139
830971,609002
830984,211819
830984,282108
830984,1027876
831042,344322
831042,960278
831042,300694
831042,509892
831042,108424
831042,763367
831042,777670
831042,1125612
831042,553254
831042,964343
831042,920633
831042,819555
831073,1150503
831120,1049865
831124,1126948
831124,1115654
831124,155861
831124,981275
831124,1147486
831124,907344
831124,942950
831169,867576
83117,676028
831179,312408
831179,554382
831179,524374
831179,989690
831179,222367
831179,102828
831179,470894
831292,352251
831324,290017
831325,215289
831326,200368
831355,795168
831355,1089596
831355,617474
831368,998076
831372,687676
831372,163473
831372,550295
831372,627805
83144,597466
83144,657355
831441,626989
831441,192145
831441,450905
831441,295734
831445,823052
831489,488163
831489,847352
831585,919045
831585,681330
831585,71357
831585,204645
831585,843335
831585,290017
831585,800390
831585,333797
831585,112927
831585,835655
831585,988534
831585,610418
831585,559943
831585,770572
831600,876977
831600,635173
83167,957959
83167,770931
83167,647837
83167,468729
83167,667297
831681,1050276
831681,539761
831681,831837
831681,79602
831681,826283
831681,777028
831683,740995
831683,311349
831683,526871
831708,269661
831837,479885
831837,777028
831837,802319
831837,581601
831837,907480
831837,511281
831837,938487
831837,408346
831837,713607
831837,522474
831837,29433
831837,449278
831837,30983
831837,981849
831837,826283
831837,831681
831837,40402
831837,329509
831837,1122342
832046,455714
832046,878788
832046,642205
832046,215546
832046,811812
832046,525393
832046,611813
832046,615577
832046,900792
832046,548805
832046,95275
832046,129507
832046,683554
832046,1064552
832046,988002
832046,322804
832051,122862
832051,291909
832051,642205
832060,269095
832105,826283
832195,207880
832195,271563
832195,687173
832248,357491
832248,60131
832328,128175
832328,120870
832328,259682
832355,666049
832355,559943
832355,600199
832401,926410
832401,723649
832401,1100346
832410,733476
832462,713215
832462,617851
832464,734505
832482,1019175
832482,550982
832507,112900
832507,419980
832509,149832
832509,332683
832509,609002
832509,1073716
832509,807182
832516,1002482
832516,868751
832516,792590
832524,368712
832524,257890
832524,821960
832524,216047
832524,284286
832524,236504
832615,168402
832681,709527
832681,573320
832681,754261
832692,291288
832724,1121779
832724,73155
832724,182423
832724,32674
832724,416377
832724,252160
832724,1092786
832735,679616
832735,963944
832735,565918
832773,553596
832824,216297
832824,441195
832824,274719
832824,1165523
832824,604828
832824,345240
832824,400979
832837,923952
832837,735204
832837,1123898
832851,1120982
83288,1038971
83288,1114657
832956,679880
832956,812341
832956,873462
832956,768327
832963,389395
832963,1100090
832963,581218
832963,82497
833006,399854
833006,1047719
833006,41191
833088,287894
833088,914594
833138,386446
833138,813779
833211,373607
833211,858714
833211,508584
833211,1002358
833211,1027744
833211,1075168
833211,489337
833302,206644
833302,30767
833302,659769
833302,1013020
833302,1036769
833330,70253
833330,300252
833330,353259
833330,1017710
833394,204645
833394,316825
833394,1129838
833394,374563
833443,522184
833444,81275
833444,29460
833451,641281
833451,481708
833463,423321
833463,319666
833463,302051
833463,481712
833463,843335
833463,901385
833463,683124
833470,469742
833475,1162821
833487,720151
833504,709839
833504,457928
833504,791552
833504,105720
833521,1013020
833521,1036769
833521,510313
833576,355420
833673,1147648
833673,701174
833673,552465
833673,635808
833673,280429
833673,43484
833673,899374
833673,663284
833673,948041
833675,8812
833675,114030
833696,1133248
833728,874745
833728,882614
833728,409265
833728,978387
833728,771979
833728,661958
833782,1050126
833782,470160
833819,255167
833819,197559
833819,810829
833840,810265
833840,1160671
833846,208108
833846,559943
833846,379066
833850,527355
833907,362850
833907,1166994
833907,863154
833934,701994
833934,916926
833934,961705
833934,944191
833934,390052
833934,1040038
833934,593609
833934,442343
833948,144822
833998,689986
833998,396988
833998,46545
833998,1113736
833998,501005
833998,494825
834062,313018
834078,578378
834087,948545
834087,718634
834087,768987
834087,255955
834087,988899
83411,768636
83411,475676
83411,43244
834207,191840
834278,906007
834278,197813
834278,876886
834278,488045
834278,1001960
834278,613994
834278,897147
834374,30582
834374,468221
834374,1056172
834391,89540
834391,341040
834392,404815
834392,971740
834392,427234
834392,10989
834392,564726
834392,911960
834400,155861
834411,835890
834424,51468
834424,161942
834457,875307
834457,802448
834477,59665
834477,222620
834518,270202
834518,1116267
834518,251983
834594,927969
834629,1008092
834629,1016562
834652,295464
834652,1036880
834652,435670
834652,213317
834652,766352
834652,830433
834653,659833
834655,827580
834655,768247
834655,81275
834748,1059669
834748,947288
834748,968336
834748,542702
834845,808483
834845,695091
834845,19984
834845,15935
834845,612500
834845,635071
834845,265951
834845,330366
834845,556001
834917,766665
834917,879300
834917,1059673
834917,1054121
834917,192688
834917,748097
834917,536125
834917,634618
834917,72761
834974,1021543
834974,820408
834977,727833
835005,537877
835005,997755
835005,937639
835005,247172
835005,919999
835005,614527
835006,197653
83502,893130
835033,1137095
835033,1021332
835033,151444
835033,744929
835033,51341
835033,1010248
835071,13751
835071,927264
835071,123827
835084,185038
835084,161684
835084,465262
835105,1080383
835105,1146131
835105,890377
835105,116926
835158,114389
835158,452050
835158,444675
835158,803721
835158,4360
83523,1021557
83523,152538
83523,1093985
83523,371040
83523,855816
835295,796839
835295,248896
835295,186277
835295,95445
835295,958697
835295,53179
835295,887528
835295,364266
835295,458633
835295,961621
835295,309198
835295,4361
835295,717008
835295,1040038
835295,577982
835295,1137598
835295,373159
835295,276307
835295,852742
835306,1127520
835306,1103538
835306,97768
835306,815044
835306,489637
83537,658807
835437,128988
835546,174567
835546,489681
835546,624635
835560,223037
835560,370139
835655,803946
835655,831585
835655,919530
835655,843335
835684,675810
835684,772611
835684,679644
835686,481644
8357,446908
835732,509635
835747,961685
835747,197559
835747,1139962
835747,523222
835747,764458
835761,884531
835761,657869
835761,550645
835761,193993
835819,787616
835819,322139
835819,816380
835829,1087440
835843,42645
835843,635173
835848,893011
83585,1055785
83585,467443
83585,44039
83585,1126948
83585,565336
83585,423653
835857,479851
835857,843335
835857,1044597
835857,415333
835857,554382
835857,859940
835857,1135327
835857,613746
835890,704475
835890,866245
835890,682622
835910,604828
835910,1016615
835910,1149283
835910,459528
835910,861618
835913,899374
835913,47185
83595,771352
83595,386776
835985,980540
836062,327037
836062,550384
836062,554382
836072,399810
836072,702613
836072,470686
836072,851974
836072,194046
836072,9963
836107,512766
836153,132483
836153,1139891
836153,460573
836176,1131051
836176,598076
836176,507869
836176,701843
836193,46545
836234,444637
836234,1142663
836234,279349
836234,136208
836260,679459
836260,41897
836265,974221
836265,828143
836265,260534
836265,1032459
836297,169194
836297,296605
836297,70595
836318,1149283
836318,604828
836318,839650
83632,643830
83632,616616
83636,818427
83636,393870
83644,867105
836444,597441
836458,522889
836458,234440
836493,117620
836493,772101
836516,666578
836516,786492
836560,931950
836560,862662
836560,201994
836560,482114
836560,125726
836586,37710
836586,996833
836586,168402
836586,187827
83661,386402
83661,577982
83661,183601
836633,248912
836633,1000371
836633,303090
836638,1118839
836718,1080967
836718,17301
836718,834652
836718,766352
836725,547090
836786,378655
836786,1025545
836788,569690
836795,271268
836795,762041
836795,827193
836795,457928
836833,951204
836833,1041221
836833,643830
836833,759667
836833,737236
836833,97413
836833,89682
836833,126854
836833,389887
836876,608753
836876,180667
836886,861863
836886,773799
836886,227315
836886,529543
836886,707937
836886,626989
836928,59498
836941,1136943
836941,1040074
836941,1122475
836941,998703
836955,1128400
836955,527136
836955,989753
836955,325782
836955,1155111
836955,1114920
836975,594303
836975,767069
837033,309936
837033,401062
837033,457271
837033,504309
837033,1118769
837033,1032459
837033,1083017
837033,974221
837038,638805
837038,207385
837038,771352
837038,692942
837106,602046
837106,349268
837148,212161
837148,495001
837148,60204
837157,245909
837181,24282
837181,883546
837181,471738
837181,945936
837181,837860
837199,283863
837199,734157
837199,1138960
837199,53623
837221,903203
837221,393270
837221,764153
837221,16031
837221,473998
837221,825342
837221,553229
837274,415738
837274,222620
837274,427919
837274,452623
837274,88229
837274,386870
837274,19984
837274,1005176
837274,1096557
837280,932497
837302,693875
837302,253630
837367,717628
837367,245909
837373,1075985
837373,1109629
837373,415120
837373,1097173
837373,966477
837373,960278
837396,201912
837396,208610
837455,754261
837604,1154200
83761,628248
83761,809141
837654,1050011
837662,336147
837709,184086
837709,491823
837709,478499
837765,1107554
837860,837181
837860,945936
837860,471738
837894,351766
837894,214655
837923,1062222
837923,721174
837923,271544
837923,13751
83795,1140036
83795,722251
83795,72997
83795,437856
83795,963674
83795,724636
83795,681254
83795,954690
83795,202892
83795,95099
83795,114881
83795,774218
83795,550794
83795,158911
83795,147679
83795,1072492
83795,753025
83795,551940
83795,1016615
83795,284787
83795,292099
83795,250223
837993,903136
838042,904342
838042,1112794
838267,513405
83828,786262
838342,725186
838342,693828
838350,831189
838365,818696
838365,56973
838365,772795
838389,456381
838389,1136561
838426,29460
838426,788563
838426,81474
838445,172792
838445,421185
838445,257336
838445,920882
838445,957702
838445,81281
838445,46545
838514,319655
838541,583603
838541,975890
838541,124590
83860,784428
83860,506634
838643,1110304
838643,81474
838643,861103
838650,1073209
838681,134652
838681,48169
838681,116523
838688,393076
838688,518235
838689,727093
838719,836458
838800,1126364
838800,700262
838800,683124
838800,848909
838800,479851
838800,604828
838800,956188
838835,1032575
838835,793729
838923,82013
838923,675144
838985,602695
838987,125440
838987,363391
839074,958697
839074,684398
839074,796839
839076,19984
839076,883476
839076,379200
839076,386870
839076,74771
839076,452623
839076,994962
839076,415738
839076,290017
839101,84860
839124,843335
839126,584423
839126,800882
839126,588173
839126,827580
839276,155867
839276,782073
839276,1014512
839276,500155
839321,263149
839369,535482
839392,367806
839392,679370
839392,585716
839473,1085775
839473,958967
839473,570464
839473,48099
839473,506803
839473,1043013
839473,1063814
839473,1073209
839473,168402
839517,683864
839517,818307
839538,514103
839610,1149219
839621,1024679
839621,1088534
839621,786492
839621,5619
839646,454350
839650,836318
839700,1064771
839709,49284
839709,884956
83973,573558
839750,200744
839768,1022175
839768,38238
839768,353912
839768,785935
839790,532894
839790,112927
839790,33914
839790,554382
839790,1062139
839790,964054
839790,843335
839790,1103131
839790,401264
839802,393383
839802,1151921
839894,960278
839894,559943
839908,412409
839908,395675
83995,311886
840020,1023461
840020,1162633
840020,222160
840020,739398
840020,1136676
840020,361690
840020,889891
840020,738951
840020,131696
840020,193494
840020,943069
840020,400358
840037,413397
840037,756690
840096,771352
840096,661652
840096,400123
840096,8850
840096,1072217
840135,117059
840135,806515
840135,117224
840138,671965
840148,1062178
840148,168402
840148,68911
840148,1073209
840148,220970
840148,386402
840148,514292
840148,1016719
840155,344787
840180,753768
840180,755021
840180,1160671
840198,154507
840198,1068008
840204,362850
840204,747405
840204,424059
84025,700511
84025,118540
84025,634254
84025,524147
84025,671272
84025,531413
84025,792590
84025,294391
84025,165675
84025,901787
840332,1016615
840445,715372
840445,319639
840467,938481
840467,554382
840476,469480
840565,706982
840565,296366
840565,735145
840565,255398
840670,734157
840687,1149283
840687,851247
840714,439101
840714,514841
840714,13567
840714,113378
840714,884911
840753,174567
840753,766948
840753,489681
840753,392083
84079,1084975
84079,19862
840833,363039
840929,173853
840929,1025626
840929,100457
840929,248061
840932,541648
84094,550981
84094,854212
84094,142174
84094,459465
84094,88485
84094,1119361
84094,108704
84094,1042250
841016,386827
841016,774153
841016,688578
841016,883351
841016,911071
841016,653610
841016,955467
841016,216223
841016,969767
841016,239083
841016,36337
841016,493782
841070,896000
841071,228381
841071,866652
841105,243054
841162,43313
841162,411516
841199,198841
841199,249291
841199,522474
841199,296451
841199,237540
841199,128807
841294,694570
841361,758123
841361,498258
841370,635003
841370,851714
841370,13555
841370,28521
841370,320989
841377,687258
841377,1081864
841377,425261
841377,42521
841377,638924
84142,214655
84142,176582
84142,484797
84142,351766
84142,84142
84142,355330
841426,843335
841426,517889
841426,554382
841426,619107
841482,1133365
841482,642205
841482,165647
841482,878788
841482,627406
841482,988002
841492,997790
841492,968655
841492,366161
841492,102054
8415,116577
8415,48087
8415,290017
8415,777670
8415,501906
8415,554382
841523,830390
841523,257986
841523,1078241
841523,586008
841523,1161753
841523,792590
841523,168402
841523,544378
841523,89540
841523,159676
841523,858994
841523,962058
841523,1005380
841523,84759
841523,475904
841523,706435
841523,454350
841523,797925
841523,213417
841523,593533
841523,116404
841523,1071514
841523,775527
841548,180905
841548,1033265
841575,801250
841575,682687
841575,1071514
841575,1048115
841575,1145018
841575,46982
841591,246514
841591,141106
841594,775527
841594,9633
841661,767673
841661,375622
841661,290017
841661,1149219
841661,338554
841661,757135
841661,1050201
841671,1135014
841671,604828
841724,905564
841724,342127
841724,685509
841847,976376
841847,966008
841847,124016
841847,409747
841847,111892
841847,120036
841847,861059
841847,430219
841847,1130324
841847,469239
841847,195253
841847,859456
841847,384144
841856,223264
841856,77069
841902,79674
841902,1060173
841907,919470
842019,213013
842019,230347
842019,767519
842019,334100
842019,310311
842070,47185
842138,742120
842138,975890
842149,143870
842181,141306
842183,1089707
842208,746477
842208,54158
842208,130339
842282,1112044
842282,99558
842282,386402
842282,1011676
842282,49678
842282,40968
842282,577982
842300,63047
842300,778107
842310,1022487
842314,1031099
842314,707479
842314,1149283
842314,217615
842314,604828
842314,764084
842314,526039
842341,273384
842341,418742
842341,773919
842341,699982
842341,125337
842341,239083
842341,236864
842415,893825
842449,768368
842449,210365
842449,1052450
842449,448215
842449,172223
842449,648532
842469,620405
842469,937182
842469,987346
842469,986812
842498,333297
842514,702833
842514,125884
842528,621419
842528,1047719
842528,41191
842528,950946
842531,327580
842531,843335
842540,532093
842572,582018
842572,637359
8426,397486
8426,677142
8426,760867
8426,950860
8426,1111328
8426,786094
8426,1107964
8426,505507
842657,940455
84274,1001325
84274,1064432
842752,624858
842752,24895
842752,1141653
842752,1011854
842752,123534
842752,806449
842752,529253
84285,1031377
84285,633823
84285,122676
842871,1145594
842871,418885
842871,141109
842884,529648
842884,772795
842884,66155
842911,852485
842911,976956
842997,379718
8430,45169
8430,626931
8430,550295
843014,489925
843014,782337
843014,553260
843014,566452
843040,360339
843040,813208
843040,911474
84307,80530
843086,807316
843132,457223
843132,257336
84315,701768
84315,1005176
84315,972861
84315,58825
84315,222620
84315,34512
843171,759813
843171,1076418
843171,806515
843171,1038331
843172,1012876
843172,363095
843172,730166
843172,768232
843172,1103415
843172,588321
843172,1126404
843172,457928
843172,618048
843172,639972
843172,843335
843173,454350
843173,149052
843173,357775
843269,600199
843269,683124
843269,554382
843269,559943
843292,30242
843292,479851
843317,978019
843317,516140
843317,1061699
843317,383007
843317,477393
843317,29660
843317,546848
843317,146535
843317,761508
843335,204645
843335,415333
843335,33605
843335,1042601
843335,479851
843335,608311
843335,302051
843335,1162063
843335,567412
843335,916996
843335,554382
843335,559943
843335,411589
843335,510873
843335,27781
843335,803946
843335,736011
843335,47185
843335,13751
843335,433139
843335,374563
843335,517758
843335,920633
843335,1118769
843335,1126894
843335,386776
843335,136208
843335,903347
843335,8850
843335,39047
843335,1044597
843335,848909
843335,1066078
843335,745790
843335,421724
843335,662015
843335,604828
843335,242804
843335,363039
843335,386827
843335,776550
843335,877141
843335,658291
843335,679966
843335,792590
843335,775268
843335,871368
843335,443641
843335,36337
843335,1073449
843362,1050291
843362,84125
843392,677675
843392,609327
843392,793429
843427,730783
843427,1068040
843532,341917
843532,549182
843532,213417
843532,792590
843532,377442
843532,167637
843532,36337
843532,1102943
843532,424459
843532,339728
843552,938057
843556,1149283
843572,696929
843635,823052
843635,359727
843702,168402
843724,855817
843724,168402
843788,63903
843814,890377
843814,40378
843814,134901
843820,445427
84387,906050
843878,688765
843880,300586
843880,825651
843918,1150361
843936,389711
843936,855798
844058,654842
844058,149052
844058,1149264
84407,755398
84407,483081
844078,995310
844078,23705
844107,649217
844107,626627
844107,754291
844107,1134744
844122,62512
844122,824598
844122,730928
844122,559927
844137,601309
844232,709966
844232,165651
844232,963674
8443,1082020
8443,573171
8443,601309
844385,91112
844385,882575
844385,917320
844385,1117909
844385,191757
844385,1162420
844385,305092
844385,290017
844385,1073209
844385,729601
844385,750072
844385,1062222
844385,168402
844385,909147
844385,1071629
844385,642205
844542,1013020
844542,1036769
844542,510313
844542,659769
844542,30767
844542,492673
844545,554787
84460,149052
84460,573012
84460,863
84460,1149264
84460,357775
84460,454350
84460,1153703
84460,547979
84460,989767
84470,504566
84470,778288
84470,1110832
844773,766948
844773,975890
844854,826189
84487,656820
844875,371488
84489,289048
84494,812341
84494,95963
845028,200177
845074,232641
845074,21971
845074,496379
845074,673470
845074,70406
845074,129309
845081,514505
845081,16711
845081,1009
845081,234984
845081,1036860
845081,874745
845081,594303
845081,771979
845081,290662
84510,689556
84510,374066
845129,1082884
845129,836805
845129,531261
845129,549615
845129,604190
845129,547869
845129,950557
845129,1021644
845165,583286
845165,1006016
845165,818911
845264,189704
845341,1026121
845341,1073209
845341,432753
845354,1028138
845354,287157
845354,518429
845354,71567
845354,459594
845354,802086
845354,550982
845354,23188
845354,759987
845354,462477
845355,1057921
84542,1107233
84542,422950
84542,989345
84542,958160
84542,676212
845440,687743
845440,1081420
845487,349984
845487,383615
845531,549259
845531,124590
845603,388823
845614,120228
845614,236864
845614,893825
845614,853945
845614,1051047
845614,96375
845614,794032
845614,970071
845635,1097100
845689,1098695
845689,1118769
845689,179648
845691,331022
845696,257048
845696,787287
845696,532297
845696,39168
845725,959058
845761,1062856
845761,672024
845761,706108
845761,476330
845767,723758
845767,1073328
845767,210257
845770,657192
845770,642955
845770,781852
845770,102093
845823,248541
845845,316463
845865,514562
845865,93295
845865,700269
845869,492716
845869,877288
845919,949517
845919,267378
845935,216297
845935,1149283
845935,216854
845935,933658
845992,1000517
845992,943242
845992,287858
845992,983358
846042,344787
846115,1026988
846146,64942
846146,438653
846146,76669
846160,204645
846160,1162063
846160,848909
846160,479851
846160,554382
846170,881321
846174,468775
846266,188730
846266,489440
846282,239066
846282,1005802
846351,484791
846413,1066674
846413,338407
846413,549728
846413,994559
846413,37436
846413,355707
846413,685545
846413,1069884
846413,852485
846413,345215
846413,113496
846413,135923
846413,1107900
846413,458637
846413,1097775
846413,139748
846413,1143293
846413,424541
846413,7231
846413,1017699
846413,796846
846413,37604
846413,491391
846413,651043
846413,679955
846413,344657
846413,1126313
846413,129399
846413,386827
846413,76698
846413,396818
846413,581794
846413,740109
846413,849023
846413,64054
846413,524262
846413,743895
846413,1162755
846413,668368
846434,168402
846475,550317
8465,577447
8465,493782
8465,614789
8465,89540
84651,129309
84651,143985
84651,175659
84651,1060236
84651,646888
846520,847375
846537,178594
846550,729601
846550,905564
846550,207676
846550,545200
846550,608753
846550,240350
846550,497976
846550,189789
846553,497939
846553,555360
846554,856347
846554,984265
846554,187537
846554,54204
846615,298725
846615,1002106
846615,353565
846656,158866
846656,993633
846656,510567
846656,849620
846656,244141
846656,780219
846710,430088
846723,688817
846723,415243
846723,1009386
846723,1083848
846723,473355
846723,396034
846723,482987
846771,747357
846771,546411
846771,49678
846771,351759
846771,449731
846792,1095560
84681,656683
84682,349984
846848,908974
846860,674944
846860,237540
846860,1167160
846860,104333
846860,821236
846932,6893
846932,799355
846932,828829
846932,954091
846932,542534
846932,1103349
846932,705766
846932,744649
846932,260344
846932,545541
846932,876021
846932,248481
846932,727749
846932,843335
846932,371586
846943,369724
846944,165589
846944,459346
846944,1162178
846944,817437
846944,29208
846944,730697
846944,1135187
846944,178163
846944,31123
846944,1046099
846944,510801
846947,484797
846947,933501
846947,50655
846947,762374
846947,448065
846947,321213
846947,640628
846970,779477
846970,596782
846970,737575
847022,1080006
847022,442706
847022,530252
847023,816532
847023,515210
847023,858352
847023,538725
847023,219472
847205,629701
847205,63264
847205,544760
847205,560561
847226,1082884
847226,489925
847226,257392
847226,549569
847226,782337
847226,596985
847226,660669
847256,134780
847256,299328
847256,123131
847303,929508
847303,1131939
847352,756126
847352,94816
847352,274989
847352,843335
847352,338407
847352,771352
847352,70827
847352,146221
847352,631807
847352,663220
847352,933572
847352,549259
847352,349984
847352,1028725
847352,360740
847352,1054225
847352,766948
847352,1022024
847352,893833
847371,1042069
847371,222814
847371,393025
847373,677142
847373,587687
847373,1078463
847373,775108
847375,846520
847407,131053
847407,342912
847407,742030
847419,250223
847419,1041325
847457,792910
847551,204789
847551,426647
847551,173670
84759,475904
84759,1080006
84759,757243
847591,813634
847677,545363
847677,1013052
847677,449664
84769,1073605
84769,424795
84769,60182
84769,876942
84769,442047
84769,553778
84769,988892
84769,587775
84769,769553
84769,735599
84772,363784
84772,900143
847741,11134
847741,677576
847741,420476
847741,230606
847741,149052
847741,1149264
847741,1153703
847741,533224
847772,501160
847772,1077960
847772,1138573
847772,1089542
847828,1016615
847828,480481
847845,81566
847845,96441
847845,743341
847845,254245
847845,465971
847845,333056
847845,785557
847845,416650
847845,726782
847845,428133
847845,422650
847869,725340
847869,29460
847869,339892
847869,874226
847881,248912
847881,273671
847881,28817
847881,115323
847881,1033173
847881,1001325
847881,734157
847881,827580
847947,374795
847947,302051
847947,577760
847947,661021
847947,853990
847947,313704
847947,22845
847947,1050871
847947,803946
847947,318152
847947,79094
847947,1094415
847947,351423
847947,1081159
847947,554382
847947,700262
848,827193
848,1103415
848,333589
848,631327
848,89935
848,705353
848019,137666
848019,848909
848019,160504
848019,771352
848019,290017
848019,903347
848019,604828
848019,617496
848019,652049
848027,119262
848027,10225
848046,1043013
848061,902639
848071,747357
848101,887983
848101,84142
848101,617435
848101,1011033
848101,2048
848101,417577
848101,584888
848101,355330
848177,339379
848177,360634
848225,551778
848247,828029
848374,852601
848377,819555
848377,661350
848418,618667
848418,307135
848418,522630
848493,74080
848497,722251
848542,1052392
848542,916990
848545,143239
848545,801134
848545,779477
848545,1158207
848545,882224
848547,46545
848547,64442
848547,1113736
848547,501005
848587,1050233
848587,968336
848587,12743
848587,386827
848587,352991
848587,807708
848587,1013274
848587,290017
848587,567050
848587,805442
848587,937884
848588,655234
848588,821854
848588,762374
848588,376483
848588,1136718
848588,379143
848588,983019
848588,289039
848588,450290
848588,110055
848588,667934
848588,239507
848588,397539
848588,49728
84860,1167051
84860,839101
84860,16948
84860,936058
84860,372724
84860,812288
84860,62271
84860,662338
848663,1031322
848663,342785
848677,191757
848712,168402
848712,882452
848712,1006329
848712,798502
848712,827580
848712,663243
848712,596578
848712,1073209
848712,631807
848712,1090020
848712,421171
848744,1105972
848744,695001
848752,226812
848752,4306
848752,1151548
848763,1126349
848763,952239
848786,6091
848786,649258
848786,1000517
848843,1085162
848843,998076
848843,683288
848843,1077960
848843,386402
848843,768327
848843,603785
848843,870450
848843,812341
848843,581486
848843,734157
848846,133301
848846,745790
848846,895603
848846,428469
848904,97065
848909,877141
848909,559943
848909,856897
848909,33605
848909,632480
848909,665157
848909,486093
848909,512149
848909,1096557
848909,661350
848909,204645
848909,1044597
848909,801013
848909,850830
848909,903347
848909,600955
848909,630825
848909,1053061
848909,479851
848909,640296
848909,843335
848909,565499
848909,1005663
848909,554382
848909,683124
848956,1003859
849023,338407
849023,458637
849023,813634
849023,960803
849023,1017699
849023,424541
849023,524262
849023,1166930
849023,622869
849023,626338
849023,300396
849023,679955
849023,498639
849023,1067631
849023,226250
849023,805092
849079,755138
849169,552827
849169,473359
849169,23897
849175,729356
849175,750636
849175,1102681
849180,297564
849180,776096
849196,1151548
849196,45805
849196,744917
849196,312691
849277,962674
849277,597211
84928,169573
849285,838004
849285,609002
849299,406342
849382,965317
849382,1043388
849382,701174
849382,472208
849382,538891
849382,737236
849382,827574
849382,759667
849382,822474
849382,643194
849382,114090
849382,348490
849382,899374
849382,47185
849397,705425
849397,56828
84940,187537
84940,1103415
849438,795415
849438,393629
849438,867161
849438,595841
849438,37790
849438,708285
849459,1138960
849459,734157
849537,848587
849537,1013274
849537,805442
849620,849620
849629,771352
849639,265741
849639,54147
849639,457232
849639,390517
84970,210814
84970,693828
84970,488926
84970,715976
84970,528177
84973,522544
84973,563051
84973,724625
849777,64065
849883,730603
849883,685545
849883,21568
849883,1073965
849896,573171
849896,601309
849896,350744
849922,909289
849922,967426
849922,1065120
849922,631807
849922,76577
849922,1135841
849934,96375
849934,774218
849934,497552
849987,398186
849987,663679
849987,585993
849987,248912
849987,771352
849987,628248
849987,719358
849987,479851
849987,596158
849987,264840
849987,734157
849987,633963
849987,843335
849987,372728
85000,265942
850036,879246
850036,58922
850036,1150054
850083,866814
850083,943967
850083,739748
850083,509635
850083,53661
850083,604828
850083,325500
850083,651613
850083,441195
850083,384846
850090,390563
850090,421434
850090,800408
850113,355420
850113,296605
850113,70595
850113,913138
850113,460885
850127,992792
850138,1031851
850138,374795
850200,482386
850200,70008
850200,630341
850230,812288
850230,678559
850243,936823
850315,351759
850315,779477
850315,1139962
850315,806664
850368,1141526
850393,494047
850393,1017577
850393,850393
850393,555253
850394,388102
850411,1066364
850411,428289
850526,732417
850536,987642
850549,1021543
850581,949286
850581,477034
850642,624596
850682,232345
850682,168402
850716,590092
850723,1137130
850723,435435
850782,757135
850782,1062825
850782,1149219
85081,860383
85081,468551
850830,884483
850830,1026981
850830,665157
850830,848909
85084,375447
85084,420274
85084,731377
85096,635173
85100,550645
85100,292824
85100,781384
85100,1125194
85100,750405
85100,2948
85100,1040710
851042,810038
851042,242001
851042,892979
851102,699706
851102,140745
851102,830747
851102,691221
851102,471271
851103,204645
851103,1141003
851103,114090
851103,1025545
851103,820810
851103,812341
851103,603785
851103,501160
851103,923233
851194,351083
851194,633823
851206,1062222
851247,840687
851276,607876
851337,177565
851337,824351
851337,539379
85138,325865
85139,827580
85139,592405
85139,251551
851470,46545
851499,938599
851499,979649
851499,905787
851499,930069
851499,1099893
851499,457185
851509,281583
851509,1074009
851509,430773
851585,464580
851585,700755
851597,724038
851597,965860
851597,767843
851597,475503
851597,790869
851637,539853
851651,657192
851651,1104070
851651,102093
851651,282731
851673,144604
851673,1117134
8517,792590
851714,377709
851714,796832
851730,359848
851743,557486
851743,682737
851782,688765
851782,68985
851782,1096278
851782,228531
851793,431888
851793,1085470
851833,357737
851833,631807
851833,49732
851966,130041
851966,625612
851966,894219
851969,750214
851969,884911
851969,604915
851973,13507
851973,359140
851974,9963
851974,399810
851974,702613
851974,194046
851982,357059
852035,145940
852035,1128251
852035,948308
852035,639125
852035,66230
852035,67166
852035,853945
852035,417000
852035,156046
852035,892110
852035,265126
852035,947225
852035,893825
852035,911071
852035,426081
852035,774218
852038,1000371
852121,510856
852121,386402
852121,976522
852140,749639
852140,488605
852140,1104990
852140,153504
852140,268237
852140,568022
852140,952382
852140,300682
852140,320337
852140,786094
852140,750187
852140,222814
852142,1160109
852142,168402
852142,901467
852142,450397
852142,239452
852242,277432
852242,658012
852242,1082689
852242,975890
852242,219152
852242,498258
852242,1056855
852319,363784
852319,920082
852319,711195
852319,672378
852330,1073209
852330,168402
852330,1080383
852330,210330
852378,498258
852420,257917
852420,1163139
852420,42645
852420,347199
852420,1150316
852441,576801
852441,754486
852441,875993
852441,989939
852441,905720
852441,475243
852441,636686
852441,630629
852441,559943
852443,729287
852443,263015
852467,531413
852467,33605
852485,919136
852485,976956
852485,842911
852497,535540
852556,711092
852556,596034
852556,388823
852556,570911
852595,610095
852595,274989
852595,277216
852601,910984
852601,787589
852601,1070515
852601,744929
852624,1150805
852624,1133106
852656,497939
852656,577452
852717,246370
852717,27781
852717,163473
852717,304843
852717,879246
852717,95099
852717,76700
852717,389395
852717,82497
852717,179085
852717,216297
852717,101711
852717,160977
852717,651613
852717,797356
852742,386402
852742,1166930
852742,530983
852742,796839
852742,1087424
852742,309198
852742,958697
852742,276307
852742,671272
852828,775108
852828,677142
852828,873833
852854,929270
852854,178357
852854,830433
852854,1114050
852861,909455
852861,880963
852861,444337
852861,334720
85288,809534
85288,376368
85288,27819
85288,155861
8529,832355
8529,1093995
8529,1126709
8529,1167147
8529,566586
8529,469581
8529,1091124
8529,546224
8529,600199
8529,559943
8529,1159868
852922,172435
852935,498296
852935,420851
852935,620753
852935,37907
852935,727422
852935,1115765
852935,326141
852937,689099
853128,1140658
853128,823856
853128,900276
853128,139200
853128,291963
853185,1040065
853185,654303
853194,623271
853194,569085
853194,786492
853194,710675
853194,832524
853194,701229
853194,472457
853194,719874
853194,762059
853194,257890
853194,1135613
853194,1114807
853194,338575
853194,145189
853194,959625
853194,292833
853215,953579
853215,232345
853215,168402
853257,428080
853267,234111
853283,915780
853302,884911
853302,964318
853302,514841
853302,113378
853318,747405
853372,640021
853372,640463
853372,999553
853403,464581
853404,374795
853405,766808
853405,348738
853405,744929
853405,1063050
853405,806568
853405,668368
853405,957056
853405,718634
853405,1086357
853413,792590
853421,521045
853421,812265
853432,898768
853432,386402
853432,967927
853432,642205
853432,42645
853432,207552
853432,528388
853432,123202
853432,635173
853432,576004
853432,876977
853432,329895
853432,1066190
853432,878788
853432,771352
853432,18675
853432,375734
853432,620233
853437,694152
853437,588789
853437,1155077
853437,539761
853437,237814
853437,831681
85347,853945
85347,336622
853475,1082418
853538,521935
853538,302051
853538,1062222
853538,617496
853538,76700
853538,67756
853566,859400
853566,962150
853615,334460
853615,179648
853615,69859
853615,1108159
853650,425330
853650,489162
853650,948691
853651,658012
853651,277432
853651,771723
853651,795870
853651,36945
853651,1091956
853651,1021380
853657,127945
853657,997649
853657,37095
853657,1000953
853657,167847
853657,361215
853657,136208
853691,567692
853742,1151613
853742,870054
853801,732430
853801,16853
853801,967458
853826,70434
853830,1077960
853830,1074193
853830,491932
853840,524262
853853,695403
853853,1115765
853853,1140877
853876,981778
853883,1143385
853883,487327
853883,775108
853933,579810
853933,770982
853945,911071
853945,265126
853945,236864
853945,852035
853945,83795
853945,60981
853945,963674
853945,27781
853945,168402
853945,893825
853945,1110582
853945,96375
853945,758353
853945,724636
853945,95099
853945,1135613
853945,497552
853945,892110
853945,551298
853945,1090020
85396,830433
85396,279245
853975,688201
853975,229220
853975,36671
853975,866037
853975,938090
853975,624476
853975,409611
853975,768511
853975,781773
853984,817437
853984,1110582
853984,666443
853990,504247
853990,776550
853998,842752
853998,948232
853998,727455
853998,337836
853998,656343
854090,515816
854090,1126894
854092,458074
854092,971242
854092,394620
854092,771352
854199,1099128
854199,376532
854199,1103055
854199,605778
854199,517498
854205,533594
854212,1042250
854236,659322
854236,100548
854236,1130650
854236,109658
854236,1057806
854246,322146
854251,2048
854251,69589
854284,660162
854309,116577
854309,843335
854309,327037
854309,479851
854309,33605
854324,284867
854355,1096043
854355,942033
854355,836805
854416,937639
854416,1085967
854416,835005
854416,919999
854459,777553
854464,42521
85450,37907
85450,927181
85450,1097443
854551,121331
854610,1080006
854610,706435
854610,1035320
854707,207552
854724,688578
854782,775108
854782,554382
854782,401264
854782,302051
854782,734142
854782,870785
854782,362815
854782,843335
854796,937827
854796,196721
854796,977983
854804,555383
854804,661803
854804,321954
854804,694387
854836,7963
854851,1155665
854854,374215
854883,1085775
854883,570464
854885,249462
854886,98297
854893,328771
854893,707969
854919,785477
854919,395244
854919,175429
854919,1043013
854919,569336
854919,241333
854919,110525
854919,476891
854968,205053
8550,714638
855000,382106
855000,14114
855000,198866
855000,1126615
855007,999585
855007,41180
855007,125337
85502,705475
85502,386402
855030,386870
855030,935043
855030,559943
855030,443144
855030,720095
855030,127948
855030,73844
855030,848909
855030,985764
855030,876886
855030,610095
855030,661021
855030,865674
855030,903347
855030,1005253
855030,22845
855030,600955
855030,899546
855030,257986
855030,981829
855030,386827
855038,960278
855038,60242
855038,106012
855133,423563
855133,175177
855155,956948
855219,1096640
855267,338554
855284,119553
855284,1087424
855341,339766
855341,1063405
855406,655591
855406,967077
855415,54522
855480,69609
855488,1059424
855488,346342
855542,1015953
855565,78426
855620,741195
855620,972176
855620,107759
855633,1131548
855633,642205
855633,892536
855633,374563
855633,1160037
855633,1082884
855633,920082
855633,924426
855633,455161
855633,1157663
855633,110409
855633,47185
855633,60241
855633,1060562
855633,827574
855633,719204
855633,932277
855633,123588
855655,907370
855655,121835
855655,581557
855655,1027050
855675,301784
855700,675467
855700,376536
855740,465262
855740,1102389
855740,25103
855740,1123001
855740,420242
855740,898313
855740,902507
855740,835084
855740,1138226
855798,924775
855798,202394
855798,549182
855798,1101473
855798,613605
855798,274989
855798,843335
855798,524262
855798,389711
855798,754355
855798,458975
855798,877276
855798,1066705
855798,486093
855798,846413
855816,987536
855816,83523
855817,168402
855817,306031
855817,905646
855817,490140
855817,953579
855817,901467
855817,204249
855819,1130342
855819,291288
855858,852601
855858,502985
855858,1084502
855858,300738
855858,56586
855858,746614
855858,744929
855858,587443
855858,666164
855858,1021332
855858,662966
855858,927823
855858,1008257
855858,579118
855858,1157376
855858,125699
856006,93987
856024,273133
856063,719241
856063,792590
856063,559943
856063,204645
856063,1155750
856063,843335
856063,569299
856092,731747
856092,701174
856092,204645
856092,285720
856092,899374
856092,155018
856092,1097049
856092,114090
856092,1095560
856092,898903
856092,499254
856092,135688
856092,335205
856102,1031650
856122,1066126
856122,165264
856122,362108
856124,747405
856124,1032729
856133,423841
856240,988133
856253,1107554
856253,697354
856292,933110
856296,1114153
856296,1079634
856296,701174
856296,188999
856296,275783
856296,210195
856347,1092194
856347,457928
856368,801013
856368,506548
856370,412812
856370,114090
856370,47185
856370,701174
85640,291227
856408,719758
856409,223295
856422,986812
856441,1150503
856441,910765
856441,204645
856558,685980
856558,34730
85658,44140
85658,585716
85658,257067
85658,679370
85658,22148
85658,381052
856582,943208
856582,357700
856582,740793
856582,397918
856609,868666
856617,517553
856617,130966
856617,111389
856617,1210
856633,398270
856638,695091
856638,879300
856638,186078
856638,28149
856638,145543
856638,706108
856638,771352
856638,804954
856638,94816
856638,483432
856638,1005176
856638,911330
856739,909147
856739,926410
856739,86306
856739,857692
856739,1133106
856739,1006209
856739,104957
856739,546145
856745,350542
856745,772795
856745,360932
856745,457743
856757,752165
856772,56973
856772,376483
856776,963941
856776,665157
856776,386827
856776,64203
856776,843335
856776,160504
856776,514497
856776,48087
856776,423610
856776,565610
856776,692448
856776,296598
856776,501847
856776,575912
856776,779350
856824,257336
856824,572424
856824,235167
856824,329041
856824,920612
856824,224973
856824,334255
856860,596000
856860,936668
856860,169113
856860,301981
856860,869538
856860,322266
856860,786177
856860,338980
856861,1022083
856861,224973
856863,550645
856863,127676
856897,380040
856897,554382
856897,923805
856950,792188
856950,797888
856950,581628
856950,1132616
856950,517257
856976,128890
856976,753120
856993,278806
857042,671236
857042,1093139
857042,338407
857042,549728
857059,714785
857068,781797
857068,1061349
857068,694232
857068,877598
857068,1076418
857068,234137
857068,988343
857068,549182
857068,352991
857068,597363
857124,597614
857239,452296
857239,868171
857293,1003164
857320,210513
857320,361690
857321,593533
857321,51743
857321,302926
857336,763686
857336,706435
857336,1017129
857336,546848
857336,1064329
857336,404351
857338,168402
857359,776696
857359,236864
857359,853945
857391,563508
857406,823268
857424,518232
857438,598076
857438,603619
857438,89144
857438,280679
857467,810629
857467,464580
857499,465262
857499,1099934
857499,94024
857499,465329
857588,197354
857588,790449
857588,937274
857601,200273
857601,507558
857655,219599
857692,863837
857692,870765
857692,314834
85771,727186
85771,1015822
857725,150034
857725,1160623
857725,1085162
857725,295612
857739,619703
857739,1123174
857739,277673
857739,116617
857739,227628
857758,643501
857758,324320
857758,86736
857758,373360
857758,907962
857758,250233
857791,1050806
857791,926878
857791,423471
857795,386402
857795,273343
857799,827580
857808,320337
857808,952382
857856,1049237
857856,1092874
857956,186277
857956,992323
857956,800585
857956,511457
857956,244533
857956,22107
857956,1046977
85797,630757
858045,142837
858045,101711
858045,604828
858045,377267
858045,879246
858073,110268
858073,566943
858073,777239
858073,710693
858073,370257
858073,23932
858073,290525
858075,305675
858101,86306
858101,424459
858173,890259
858173,801553
858173,394399
85822,296715
858238,22594
858273,1000463
858273,820148
858273,996592
85828,349589
85828,426274
85828,1033996
858303,827193
858324,609517
858324,596578
858352,847023
858352,538725
85836,165651
85836,354245
85836,1072492
858406,114090
858406,47185
858512,575891
858512,226284
858512,1007906
858573,981691
858653,1015921
858677,461155
858677,866732
858677,1143926
858677,1148482
858678,1133106
858714,508584
858714,489337
858714,454346
858714,325677
858714,550861
858714,661345
858714,833211
858714,107987
858714,629587
858714,1004454
858714,544683
858714,539144
858714,1075168
858714,808467
858714,1002358
858730,1103230
858767,730928
858767,841216
858767,793940
858767,988002
858767,811812
858767,685013
858767,859372
858767,62512
858767,973615
858767,1110381
858767,878788
858767,195858
858767,642205
858767,545843
858806,674290
858806,379143
858869,208742
858913,1049865
858913,478395
858913,441637
858913,134901
858976,958349
858976,527747
858976,812341
858976,257336
858976,568894
858976,1000371
858976,46545
858976,359603
858976,801013
858978,822188
858978,485488
858978,404351
858985,592674
858994,775527
858994,509543
858994,1078241
858994,589611
858994,920949
858994,174924
858994,375313
858994,797925
858994,148187
858994,329191
858996,381887
858996,954318
85903,614766
85903,1036378
859094,967429
859113,601309
859205,413938
859214,1031377
859214,169093
859222,674510
859222,705848
859222,10143
859222,737903
859222,36671
859239,1053086
859239,27781
859239,551298
85926,602571
85926,180480
85926,775108
85926,870556
859266,310295
859297,193419
859297,953113
859368,1118769
859372,740245
859372,443962
859372,195630
859372,685013
859372,878788
859372,642205
859372,145687
859372,349204
859372,792932
859372,418885
859372,973615
859372,811812
859372,129507
859372,615577
859372,988002
859372,42645
859372,371727
859372,946975
859372,545843
859372,386402
859372,805092
859372,597284
859372,858767
859372,948657
859372,611813
859400,6647
859407,964409
859407,240350
859407,191623
859444,1017710
859444,300252
859444,70253
859456,966008
859456,841847
859498,94816
859498,386870
859498,1210
859498,1008920
859498,479851
859498,597561
859498,33605
859498,819555
859498,302051
859498,474152
859498,679966
859498,771352
859498,554382
859498,290017
859498,879690
859502,679966
859502,124661
859503,493782
859503,216223
859651,841377
859651,750072
859651,572415
859651,423805
859651,488368
859651,554382
859651,809139
859651,723183
859651,638924
85975,862666
859911,324095
859911,257336
859911,982139
859911,566146
859911,572424
859921,312408
859921,551489
859940,1135327
859940,613497
859940,695365
859940,652464
859940,925505
859940,1073449
859940,788615
859940,554382
859940,221640
859940,773353
859940,186911
859940,843335
859940,1019233
859940,543499
859940,204645
859940,456002
859940,1062222
859940,848909
859940,183358
859940,208444
859940,1044597
859940,693057
859940,605588
859944,411514
859975,479851
859975,820660
859975,421724
859975,843335
859975,608311
86003,929186
86003,323945
860113,843335
860113,803946
86016,637814
86016,169959
86016,958451
86016,657376
860317,391070
860317,964527
860317,793537
860317,872357
860329,29460
860329,140072
860329,428996
860339,514103
860399,442865
86045,802471
860480,543848
860544,168402
860561,1049473
860588,963457
860598,804585
860598,809534
860598,1080907
860598,378363
860598,94889
860598,376368
860598,1071916
860598,364329
860601,1061373
86063,658291
86063,883956
86063,425132
86063,526047
86063,456976
860633,417197
860725,198579
86079,658298
86079,570593
860874,895598
860878,881782
860888,394441
860888,1114375
860888,1053104
860888,661803
860935,612063
860965,156494
860965,948898
860965,642547
860965,931489
860965,398002
860965,323980
860965,302926
860965,290017
860965,611921
860965,671272
860965,959092
860965,713379
860965,942033
860965,770521
860965,366056
860965,128578
860965,801134
860965,384780
860965,395010
860965,128972
860965,256876
860965,377012
860965,792590
860965,631817
860965,6153
860965,1139962
860965,393685
860965,170416
860965,976522
860965,1079660
860965,404137
860965,232892
860965,247261
860965,273916
860965,836805
860965,593533
860965,558867
860980,604347
860980,648739
860980,461517
860980,417628
860980,187919
860980,433139
860985,741594
860989,193764
860989,305108
860989,310147
861007,167198
861007,687953
861059,124016
861059,1032269
861059,111892
861059,841847
861059,346916
861103,133249
861103,904691
861207,330591
861207,498258
861207,704681
861207,276770
861207,211965
86121,683864
86121,317172
86121,144185
86121,755484
86121,689733
86121,666991
861314,549182
861324,82497
861452,357211
861452,565507
861452,368423
861452,873035
861459,123683
86149,755307
861494,1142925
861498,149520
861541,226702
861543,604959
861543,615928
861543,986148
861543,940171
861543,746824
861552,798539
861552,1060173
861552,187290
861552,841902
861552,881021
861552,137100
861618,1149283
861618,76700
861618,879246
861618,1016571
861618,304843
861618,329402
861618,852717
861618,671091
861618,604828
861650,764153
861666,559943
861666,519270
861721,327284
861776,734157
861776,932581
861841,210311
861841,552827
861841,87843
861841,1162362
861862,1135706
861863,836886
861863,445804
861863,529543
861921,297015
861943,907233
86198,240350
86198,870497
86198,81699
86198,1065810
862083,450137
862083,76700
862090,888360
862090,386402
862099,862107
862099,1118839
862104,457372
862104,228039
862104,727284
862104,632458
862104,1016476
862104,1145727
862107,862099
862107,309549
862107,498258
862107,317061
862159,676028
862159,321974
862159,997700
862159,1062222
862159,232785
862159,168402
862159,420274
862159,678609
862159,24676
862216,387598
862247,837221
862247,986240
862247,825342
862247,903203
862247,484778
862247,393270
862247,16031
862270,537574
862293,465608
862293,501172
862298,540568
862298,80048
862394,890259
862414,13751
862414,255404
862436,734157
862457,1118769
862457,279496
862481,403698
862481,1130903
862551,800168
862551,1152575
862561,568232
862561,383834
862561,86379
862561,562293
86264,624000
86264,467205
86264,367257
86264,424515
862662,836560
862662,201994
862681,551298
862681,81474
862787,24918
862813,133495
862813,914590
862868,371643
862868,808124
862970,860317
862970,473355
863,149052
863,486354
863,332817
863044,231157
863044,343431
863044,360740
863044,276770
863044,211965
863044,174567
863047,932581
863047,734157
86306,1073328
86306,567178
86306,858101
86306,911403
86306,1064452
86306,997184
86306,569145
86306,884911
86306,424459
86306,973763
86306,598631
86306,983094
86306,856739
863113,693828
863154,833907
863209,615928
863235,646600
863235,513405
863235,734829
863235,1129128
863235,615074
863244,964633
863244,646786
863244,405608
863269,495766
863269,517553
863307,214065
863307,671272
863307,122853
863307,508640
863369,989478
863421,123053
863421,647202
863421,277693
863473,1019233
863473,559943
86354,376483
86354,513650
863549,457928
863639,870765
86367,468404
863686,972885
863686,196215
863686,328321
863686,486860
863686,559943
863686,668368
863719,1103415
863739,870765
863762,1003174
863762,1118769
863773,232224
86379,34507
863803,601657
863803,1045970
863803,1133106
863825,1151093
863825,710683
863825,868173
863825,494152
863833,1125088
863833,679880
863837,1093877
863837,1062752
863837,829854
863837,827580
863935,1129978
863935,401374
863935,522066
863935,827580
863937,1002452
863951,709527
863951,13394
863951,843335
863951,945107
863951,1115281
863951,8704
863986,798963
863986,468430
864041,77069
864041,1153435
864042,1071990
864042,223979
864043,977719
864043,141136
864068,1048731
864068,651613
864068,480903
864068,604828
864068,1046437
864068,304843
864154,453340
864154,849285
864154,424506
864154,437721
864154,830971
864154,493782
864154,592169
864154,720785
864154,257139
864154,609002
864154,261882
864154,922883
864154,990541
864154,674190
864169,625823
864185,159049
864185,504023
864230,256338
864230,848909
864230,1094060
864263,367562
864263,1025545
864268,243054
864268,321824
864268,463966
864268,219599
864268,333297
864268,627951
864268,801013
864381,600528
864381,1043388
864398,150316
864400,127890
864400,1118769
864400,1082884
864400,652571
864400,495215
864441,683103
864465,903825
864465,113998
864465,1027995
864465,755833
864465,1100346
864465,772316
864465,176386
864465,11801
864465,281300
864465,547404
864465,585218
864465,280344
864465,967612
864465,130751
864465,72536
864465,35267
864465,223261
864465,111302
864465,118859
864465,333270
864527,477777
864527,600199
864527,621385
864529,732867
864601,1163090
864601,1093877
864601,233428
864601,863837
864601,70780
864748,389588
864748,642208
864748,221344
864748,554382
864748,701174
864748,312408
864748,996877
864748,306212
864790,937438
864826,1080006
864826,436158
864826,47608
864925,144733
865005,331460
865010,253725
865010,1036223
86507,262260
86507,519629
86507,435435
86507,480445
86507,527501
86507,624327
86507,925542
8651,1108515
8651,451260
8651,165264
865107,295862
86516,70868
86516,42645
86516,685366
865213,852485
865213,842911
865213,976956
865254,153474
865254,717315
865358,1038331
865386,929660
865386,1075687
865623,1104990
865623,852140
865674,665157
865674,642205
865674,19573
865674,1065232
865674,213328
865674,771352
865674,846160
865674,22845
865674,790516
865674,929510
865674,186911
865674,413377
865674,1086362
865674,284673
865674,384613
865674,290017
865674,542288
865674,115074
865674,855030
865674,659964
865674,903347
865674,1061720
865674,202510
865674,617496
865674,651486
865674,610456
865674,162806
865674,758601
865674,796159
865674,402813
865704,405872
865704,1135327
865704,746824
865735,417083
865735,912853
865900,183601
865900,890222
865900,1027050
865900,560979
865901,1013638
865901,1130903
865901,909439
865921,410238
865921,715334
865938,898266
865988,1137367
865988,488926
865988,527166
866017,15780
866017,643923
866017,265842
866017,1022550
866031,1090868
866037,624476
866037,409611
866037,853975
866037,1165886
866037,229220
866037,938090
866037,1093167
866037,320401
866037,688201
866037,859222
866104,1092448
866109,41574
866158,1119311
866245,973625
866245,835890
866330,1003377
866330,716843
86638,859498
86638,435964
86638,554382
86638,559943
86638,702878
86638,776529
86638,742391
866402,640202
866402,1151548
866402,861314
866402,387806
866402,240826
866402,146092
866402,394969
866402,698780
866402,4306
866469,469838
8665,177908
866515,969177
866593,1118769
866601,852485
866601,976956
866627,1021577
866652,506803
866652,841071
866656,322391
866656,103032
866656,66018
866656,1116789
866656,178163
866656,1003752
866656,491605
866656,589087
86666,103032
86666,178163
866667,341917
866667,612393
866667,1102943
866698,501005
866698,152494
866698,483237
866698,373561
866711,437623
866718,103646
866718,546076
866718,690480
866718,694747
86672,69498
86672,610700
866734,270054
866760,408303
866814,539533
866814,459528
866814,774218
866814,824916
866814,303549
866814,1074199
866814,956468
866814,852717
866814,651613
866814,328082
866814,647703
866814,604828
866814,1149283
866814,1144886
866814,1074922
866814,509635
867053,100146
867053,122265
867105,83644
867161,849438
867161,399888
867161,708285
867161,826275
867161,595841
86722,361035
867251,679644
867269,219561
867269,389395
867269,1131389
867269,977262
867276,94024
867276,680981
867276,465262
867276,939816
867276,678741
86729,43490
867300,511745
867300,177745
867300,311216
867347,94459
86736,373360
86736,22104
86736,1071776
86736,324320
867404,640099
867406,200857
867406,377518
867406,339892
867429,920885
867429,719466
86744,995286
86744,883300
867465,236236
867465,474590
867465,348422
867465,988568
867472,448473
867473,386402
867473,1062222
867473,49252
867473,84970
867473,531413
867473,13751
867576,1089493
867576,831169
867576,453075
867576,489681
867576,933010
867576,174567
867592,1079776
867592,400675
867592,1163587
867592,540690
867592,390244
867592,547291
867592,711932
867592,477104
867602,355803
867607,227210
867629,683124
867671,826847
86770,729601
86770,135260
86770,794820
86770,897543
867720,1121594
867720,674768
867720,544405
867742,433139
867742,305498
867742,677142
867742,775108
867762,445054
867762,1005176
867763,465160
867763,710200
8678,927274
8678,693296
8678,473682
8678,912286
8678,1084569
867809,1153875
867809,486093
867824,706586
867824,1066078
867850,481568
867854,966855
867854,1132858
867927,497866
868019,788175
868059,1124200
868059,871533
868059,129305
868059,300694
868059,314292
868059,695091
868059,205231
868059,1163786
868059,465316
868059,1127813
868059,223718
868089,884911
868089,893887
868089,647860
868089,257276
868089,527501
868171,153026
868171,857239
868173,863825
868173,494152
868174,158693
868174,940171
868174,232750
868199,449902
868245,1066078
868251,968962
868268,758230
868268,159764
868268,395302
868291,198906
868291,853945
868296,786492
868299,588431
868299,712529
868299,859940
868299,326392
868299,1085334
868324,522474
868324,249291
868324,549722
868324,334177
868324,416989
868352,312142
868352,843335
868352,792590
868425,29320
868425,407894
868425,663243
868425,457293
868425,994336
868425,798502
868455,940979
868455,497866
868455,192145
868455,775108
868455,386776
868455,916996
868455,206937
868455,420834
868455,1093877
868455,857692
868455,433139
868455,1093167
868455,616104
868455,362815
868455,314834
868455,365455
868455,290017
868455,295734
868462,600199
868462,554382
868541,797724
868541,722453
868541,547620
868566,1008760
868592,57526
868602,88896
868636,724575
868666,856609
868666,394399
868666,150065
868666,890259
868666,421127
868666,517477
868666,1166261
868666,1139891
86873,699921
86873,603937
86873,1043013
868734,837302
868734,414819
868734,15382
868734,253630
868734,808094
868751,874384
868751,315167
868751,377940
868751,357775
868751,489887
868751,59498
868751,1043389
868751,33270
868751,454350
868751,871368
868751,532453
868751,559943
868751,397957
868751,458609
868753,113175
868753,880855
86876,489681
86876,1110247
86876,174567
86876,1124914
868822,1133793
868822,342641
868822,453802
868822,24459
868822,686238
868846,105720
868911,567178
868911,983094
868911,884911
868911,424459
86903,1081864
86903,750072
86903,730250
86903,385775
86903,689099
86903,471409
86903,1068613
86903,320081
869076,206000
869076,150624
869103,113998
869258,574064
869258,40218
869258,181339
869258,603354
86926,261506
86926,763367
869339,440427
869339,818633
869339,656853
869339,368189
869343,1009134
869352,302306
869409,438519
869409,481893
869409,431037
869409,565507
869409,421871
869413,1133106
869431,1046655
869454,229229
869454,1019233
869468,1147486
869468,413397
869468,942950
869468,831124
869468,161700
869468,907344
869468,155861
869468,588871
869495,634219
869495,878859
869507,501560
869516,809141
869538,322266
86967,1145431
869761,980421
869790,434768
86985,495197
869867,123588
869867,374563
869867,242541
869907,240350
869907,787012
869907,905564
869907,195000
869907,189789
869907,81699
869907,334720
869913,548197
869974,985370
870005,781814
870005,1085774
870046,559943
870046,333841
870046,711913
870054,531333
870054,884911
870054,435435
870054,1151613
870092,431851
870092,305871
870092,911960
870092,361300
870131,102493
870131,397280
870131,488448
870131,1149283
870131,208516
870159,421185
870162,903599
870162,368978
87024,239083
870264,170178
870264,493122
870284,749179
870284,442767
870318,445162
8704,519270
8704,843335
8704,1034867
8704,863951
8704,472211
870414,632254
870438,249344
870450,998076
870450,1058043
870450,501160
870450,221278
870457,29460
870471,370496
870471,219599
870471,243054
870471,864268
870471,801013
870497,95885
870497,100146
870497,81699
870497,346532
870556,1122764
870556,787560
870556,274989
870556,433139
870556,896474
870556,798878
870556,721541
870556,338575
870556,1147617
870556,639555
870556,151444
870639,509635
870639,604828
870639,717407
870639,651613
870642,1068383
870642,76700
870642,467157
870689,1111891
870689,794040
870689,894300
870689,576866
870689,764742
870689,610425
870689,144432
870689,500149
870689,439203
870689,317343
870712,937884
870712,848587
870712,253433
870765,1001960
870765,657341
870765,843335
870765,848909
870765,10143
870765,559943
870765,683124
870765,775386
870765,93972
870765,380040
870765,33605
870765,341040
870765,610095
870765,1031538
870765,94816
870765,479851
870765,956188
870765,549182
870765,1082884
870765,771352
870765,721555
87077,120831
87077,16325
870785,1039616
870785,197433
870785,559943
870785,661656
870785,1003954
870785,237854
870824,984853
870866,1089707
870866,141413
870866,1062222
870866,528177
87090,246544
870931,534163
870931,870931
870950,136667
870950,1031322
870964,357737
870973,610004
870973,976788
870973,701174
871032,859940
871037,1017478
871046,919098
871049,150904
871062,159726
871152,781451
871173,296840
871175,1054246
871176,226250
871176,481708
871176,1073209
871176,484278
871176,372424
871176,260664
871176,853945
871176,51842
871176,1135613
871176,965672
871176,27781
871176,606670
871176,614563
871176,790082
871212,383077
871212,932763
871287,342260
871296,70253
871296,94105
871296,644196
871296,520870
871296,620581
871296,924649
871308,381803
871308,847352
871334,1135327
871334,765343
871334,168402
871334,1149219
871334,617496
871334,604828
871334,1158559
871334,360229
871334,554382
871334,989767
871334,610095
871334,299809
871334,771352
871334,204814
871334,854092
871334,697941
871334,1062222
871334,167320
871334,772795
871334,238460
871334,559943
871337,234399
871337,898684
871337,310147
871368,1160870
871368,700511
871368,936823
871368,211413
871368,792590
871368,1042601
871368,77240
871368,454350
871368,843335
871368,95344
871368,399648
871368,747663
871368,1011222
871368,683124
871368,559943
871370,211965
871370,196105
871370,225705
871370,535793
87138,886347
871390,86082
871390,669594
871390,126806
871457,868602
871457,286282
871457,1009386
871457,1056164
871480,417991
871489,1069483
871489,462526
871489,1159220
871504,135688
871504,1095560
871533,871533
871533,1062856
871533,544421
871533,868059
871552,326125
871552,484297
871566,937884
871566,352991
871566,848587
871690,417000
871690,752508
871690,300389
871690,155440
871690,290017
871690,27005
87173,998703
87173,1134524
87173,1136943
871737,162580
871737,128636
871737,827574
871737,123588
871754,545326
871754,687696
871774,402684
871778,651613
871897,13463
871897,914594
871897,477272
871910,798893
871929,1002947
871929,64666
871929,822603
871929,352166
871929,556993
871968,380040
871968,843335
871994,855817
872017,884483
872017,795974
872017,158803
872017,316702
872017,354267
872017,771352
872017,295567
872017,526047
872017,843335
872041,284312
872101,895844
872139,46545
872139,848547
872139,862159
872139,191866
872139,1113736
872139,910401
872139,676028
872139,621301
872176,901014
872176,322603
872176,520631
8722,411589
872264,1066078
872264,971242
872289,13751
872289,479851
872289,612716
872289,33605
872289,877141
872321,946033
872348,168402
872348,414148
872357,197811
872357,170055
872357,666915
872357,1138439
872357,1000123
872357,111146
872357,681254
872357,860317
872447,557646
872447,1057929
872447,522354
872450,268345
872476,1072055
872476,1005968
872523,981849
872523,554749
872523,365842
872523,370281
872523,942802
872534,81699
872534,122265
872564,914594
872564,324367
872564,1082627
872579,16438
872603,768327
872603,43490
872603,1012495
872607,1137367
872607,488926
872607,238460
872688,196474
872688,919625
872688,834652
872688,351297
872688,830433
872724,613779
872748,993675
872831,880963
872831,554538
872831,729601
872831,58329
872831,568257
87285,1049487
872858,1162605
872932,848418
872932,392020
872979,1047621
872979,221759
872979,597779
872979,732364
872979,376972
872985,830747
872985,1058417
872985,807149
872985,583567
872985,460354
872985,685366
872985,960615
872985,1045193
872985,42645
873028,386827
873028,73844
873028,479851
873030,737909
873035,357211
873035,861452
873035,870162
873035,374597
873095,768327
873108,220642
873108,519270
873111,920949
873111,1161753
873111,909605
873111,329191
873111,608775
873111,1151969
873111,797925
873111,1061699
873168,586910
873168,734157
873168,576575
873224,50697
873224,207552
873259,809897
873276,998866
873423,311096
873423,836297
873427,968227
873427,965515
873427,948898
873427,274989
873427,338575
873427,475271
873427,1029404
873427,1091651
873462,1072436
873462,832956
873498,1002358
873533,579508
87368,368081
87371,12791
87371,784824
87371,462168
87371,310392
87371,952382
87376,686389
87379,279496
87379,1082418
87379,584428
87379,1118769
87379,1041215
87379,472989
873833,677142
873833,1040078
873833,48599
873870,827580
873870,370139
873983,135499
873983,206644
873983,1118769
873983,251958
873983,172223
873983,394823
873983,1071055
873983,53780
873983,988047
873983,368550
873983,486382
873983,605782
873983,210365
873983,1052450
873983,1080733
874006,906494
874006,647202
874014,807708
874014,1124234
87402,654177
87402,573765
87402,359678
87402,1062728
87402,717569
87402,777670
87402,695091
87402,1151246
87402,837521
87402,612500
874045,662489
874045,924797
874059,675094
874106,1066934
874115,488471
874116,212686
874116,600199
87412,792590
87412,323278
874226,1141266
874243,56973
874243,700358
874272,19517
874384,458609
874384,315167
874390,495215
87447,611955
87447,536493
87447,1087424
87447,378968
87447,570040
87447,329407
874500,1019266
874625,1130236
874673,217158
874673,360740
874679,798513
874679,435394
874717,601309
874745,37096
874745,734142
874745,380016
874745,771979
874745,10143
874745,953119
874745,739894
874745,942007
874745,676901
874745,233515
874745,750464
874745,213546
874745,376972
874745,930066
874745,668368
874745,410524
874745,54972
874745,155417
874745,523047
874745,455803
874745,843335
874745,239583
874907,898432
874907,403698
875022,220902
87503,20260
875040,484726
875049,747405
875049,856124
875058,1059108
875058,387619
875071,132032
875071,475581
875190,772795
875190,559766
875193,511833
875193,1157376
875193,80139
875193,427256
875193,746614
875193,263357
875213,1011676
875213,577982
875213,988343
875213,288161
875213,948284
875213,1112044
875213,386402
875213,538508
875305,820169
875305,985854
875305,679966
875305,1062222
875307,834457
875313,1024349
875313,781852
875313,314159
875328,640021
875328,60026
875435,1102969
875435,777394
875435,674768
875435,33605
875524,621604
875524,94024
875524,341948
875529,974234
875573,1026304
875573,934144
875573,585248
875573,1027069
875573,173670
875575,312408
87567,678652
87567,870765
875676,438290
875676,962058
875676,1030998
875676,284193
875676,15608
875676,352251
875684,517324
875684,82728
875684,774594
875684,213293
875684,888624
875708,903347
875708,369922
875708,554382
875708,204645
875708,273472
875708,1158559
875708,284673
875731,482734
875802,158546
875802,899687
875802,284787
875802,83795
875802,911823
875802,596863
875843,791216
875852,686122
875852,1022083
875887,480532
875887,1125194
875887,768987
875887,718634
875887,221724
875887,1158181
875887,89972
875887,402010
875887,96727
875887,243781
875887,119440
875887,290017
875887,333297
875887,372227
875887,386059
875887,749482
875887,229690
875887,351028
875887,1088876
875887,1033265
875887,802294
875887,193419
875887,1066350
875887,442567
875887,485074
875887,348738
875887,356784
875887,1072492
875887,1094217
875887,987768
875887,1041325
875887,704801
875887,1005262
875891,843335
875891,357428
87594,735599
87594,382485
87598,1139962
87598,449173
87598,480034
87598,786492
87598,204814
87598,1022004
875981,486093
875981,59734
875993,351028
875993,852441
876021,288214
876021,554382
876021,479851
876021,846932
876021,815168
876021,6893
876021,828829
876021,248481
876021,1103349
876021,559943
876052,139597
876052,596158
876052,962971
876052,933224
876138,787561
876138,855030
876151,845614
876151,234411
876151,853945
87616,566146
876262,619695
876280,334488
876280,898266
876280,998866
876280,254620
876280,57030
876284,409362
876284,699706
876337,583567
876337,1103455
876337,620551
876337,830747
876337,1138804
876337,149294
876367,554147
876376,116055
876415,222691
876460,414823
876460,490608
876460,514230
876460,763895
876472,857068
876472,546770
876605,386402
876605,507484
87663,660159
876668,592915
876721,1105396
876721,4306
876721,394969
876721,534170
87676,687415
87676,236864
87676,132544
87676,592674
87676,1079085
87676,949951
876835,657126
876850,885122
876850,977719
876877,19270
876882,573350
876882,1080006
876882,226966
876882,1078241
876886,617496
876886,94816
876886,162252
876886,386827
876886,722954
876886,247511
876886,853538
876886,371586
876886,903347
876886,1132844
876886,484916
876886,479851
876886,613994
876886,559943
876886,52779
876942,614787
876942,883207
876942,769553
876942,1044258
876942,84769
876963,731235
876963,131053
876963,772795
876963,350188
876963,376483
876963,56973
876977,988200
876977,853432
876977,822207
876977,635173
876977,831600
876977,967927
876992,906050
877018,1166930
877018,118189
877024,488194
877024,79260
877030,576039
877030,89274
877030,452050
877030,289641
877053,28265
877053,824610
877088,243054
877090,737526
877141,94816
877141,401264
877141,452623
877141,1044597
877141,604959
877141,73844
877141,608311
877141,554382
877141,494241
877141,1141834
877141,4179
877141,843335
877141,871334
877141,250195
877141,719204
877141,612716
877141,829820
877141,479851
877141,448817
877141,1073449
877141,33605
877141,665157
877141,1132844
877179,464923
877179,975761
877202,700511
877226,1072492
877226,682485
877276,662483
877276,1101473
877276,855798
877276,754355
877288,845869
877288,1037616
877288,76718
877288,989753
877288,165913
877288,672024
877288,29530
87733,732105
877360,200103
877360,611078
877410,155861
877410,525796
877459,502928
87746,628263
87746,888756
87746,226284
87746,437471
87746,1024580
87746,413713
877475,415280
877475,111821
877536,933560
877541,380733
877541,697941
877541,569852
877541,17664
877541,685545
877541,33131
877541,130906
877541,616039
877541,668368
877541,183
877541,18669
877554,145974
877554,655532
877554,163473
877598,295586
877598,597363
877598,449339
877639,148268
877656,1139315
877656,634504
877658,457928
877658,1103415
877658,827193
877758,313615
877758,604944
877779,691977
877779,780162
877809,904262
877811,642205
877847,737462
877858,654619
877858,1116866
877858,532260
877858,192228
877927,668230
877949,488194
878090,896314
878090,815730
878090,478751
878090,723522
878112,193419
878127,210842
878132,1123970
878132,808094
878132,414819
878132,114333
878132,868734
878132,615101
878160,207165
878207,508794
878207,157708
87822,322089
87831,916868
87831,797888
87831,482912
87831,792188
878323,386402
878323,515816
878323,668503
878384,694570
878405,1163060
87843,861841
878433,90040
878433,452989
87844,227628
87844,857739
87844,1051270
87844,277673
878545,823087
878545,1018413
878545,693828
87862,1167126
87862,629116
87862,664389
87862,479636
87862,595951
87862,697507
87862,70406
87862,385448
87862,606894
87862,1070350
87862,770589
87862,903105
87862,383098
87862,802570
87862,488777
87862,903173
878639,92780
878639,349574
878639,41191
878639,1047719
878665,1068894
878665,1016305
878665,108413
878665,9696
878665,386776
878665,1069760
878665,563816
878682,627206
878682,964849
878704,450137
878784,733595
878784,639735
878788,988002
878788,685013
878788,642205
878788,867738
878788,792932
878788,386402
878788,221271
878788,793940
878788,216134
878788,946975
878788,1046252
878788,545843
878788,832051
878788,577982
878788,597284
878788,525393
878788,42645
878788,973615
878788,168851
878788,155861
878788,371862
878788,1082884
878788,858767
878788,615577
878788,671272
878788,94816
878788,1156911
878788,195858
878788,62512
878788,1000371
878788,58537
878788,808118
878788,730928
878788,853432
878788,122862
878788,1037627
878788,859372
878788,40968
878788,433139
878788,611813
878788,529586
878788,771352
878788,699706
878788,1155102
878788,432405
878796,228142
878829,1085535
878829,415738
878829,1002584
878829,222620
878829,488124
878829,801871
878853,245751
878858,798963
878858,250559
878858,698300
878858,630310
878858,195858
878858,580107
878858,878788
878859,869495
878859,634219
878859,676861
878873,1044258
878873,442047
878873,382485
878873,735599
878873,770737
878873,372685
87892,724768
878926,20260
878963,604833
878963,579863
878963,859369
878963,1139891
878963,1148970
878963,1007895
879006,26622
879007,779220
879011,543098
879077,886752
879077,546145
879077,472776
87909,467373
879110,586008
879153,1167160
879153,237540
879153,334177
879154,231405
879154,785201
87919,268800
87919,267204
87919,170749
879246,923805
879246,450137
879246,101711
879246,29460
879246,721174
879246,1150054
879246,850036
879246,246370
879246,95099
879246,1112138
879246,82497
879246,1056994
879246,389395
879246,963063
879246,754065
879246,58922
879246,1111786
879246,647703
879246,772857
87937,577778
87937,715109
87937,379371
879413,102093
879416,276770
879416,498258
879437,772795
879437,56973
87951,559943
87951,554382
87951,839709
879510,229652
879510,1023661
879510,1124080
879510,369985
879579,616104
879579,407691
879579,295734
879579,1062752
879690,1023375
879690,1161613
879690,604828
879690,22845
879690,445234
879690,554382
879690,452623
879690,73844
879690,29460
879690,726268
879690,932763
879690,578824
879690,386827
879690,871212
879690,479851
879690,661350
879690,290017
879690,693057
879690,94816
879690,312408
879690,1050126
879690,695365
879711,1089176
879730,363039
879730,813514
879773,10143
87979,598076
879858,385416
879938,1093806
879992,422650
879992,361184
879992,847845
879992,785557
879992,333056
880,792886
880111,204814
880151,843335
880151,22845
880162,1016395
880162,669380
880185,475271
880185,338575
880185,786094
880258,66870
880277,257048
880297,651550
880297,611684
880316,1048810
880347,165727
880347,681330
880347,827992
880347,1053061
880347,105759
880347,959128
880347,809897
880347,526047
880347,559943
880347,397312
880377,742120
880377,1110247
880417,806568
880417,957056
880417,165837
880417,685545
880419,411469
880419,892020
880427,855798
88049,907499
88049,416678
88053,183969
88053,113407
88053,884911
88053,183176
88053,821332
88053,1121264
88053,690627
88053,435435
88053,777030
880540,82658
880540,559355
880540,487724
880540,292954
880540,242413
880540,281982
880540,361035
880602,1070698
880602,107480
880727,709785
880727,423164
880727,23928
880727,1126948
880727,1123053
880727,413397
880741,224973
880741,572424
880741,477000
880741,396988
880801,953579
880813,421098
880813,1122795
88083,834977
880855,113175
880855,173853
880855,868753
880949,375933
880963,240350
880963,479851
880963,641981
880963,905564
880963,238451
880963,174534
880963,58329
880963,189789
880963,568257
880963,152251
880963,769303
880963,729601
880963,706154
880963,334720
880963,377200
880963,488368
880963,170627
880963,787012
881021,798539
881021,771352
881021,353054
881021,743156
881021,1107430
881021,554382
881021,801013
881021,957959
881021,479851
881021,137100
881021,979
881039,452211
881039,675170
88106,879246
88106,389395
88106,29460
88106,528177
881081,398186
881098,302051
881151,430384
881151,809376
881151,383068
881151,370404
881151,1105573
8812,168402
881214,55472
881316,746984
881316,89791
881321,728831
881321,846170
881321,270047
881343,368712
881343,374793
881361,910723
881361,554382
881361,683124
881361,186911
881361,559943
881361,141064
881362,206316
881387,564184
881440,898111
881520,766948
881520,146221
881520,847352
881520,1118839
881520,1135651
881558,974861
88156,1141266
881590,547869
881590,10143
881648,284867
881649,861543
881649,781852
88166,525969
88177,945899
881782,860878
881782,956314
881864,174534
881864,551499
881864,1082884
881864,168402
881864,333213
881864,685162
882022,448897
882022,68710
882022,269769
882022,303243
882022,892110
882022,231874
882022,566369
882022,853945
882022,585347
882022,116137
882022,121331
882022,666443
882043,724768
882066,806515
882120,242079
882120,892110
882120,173853
882120,1016766
882120,893825
882120,240473
882120,758353
882120,1022896
882183,1094587
882186,528177
882186,255908
8822,493257
8822,846723
882203,827580
882224,729255
882224,204472
882224,848545
882224,342786
882224,143239
882224,1061055
882224,658994
882253,192802
882253,314918
882253,232481
882262,230430
882262,784003
882262,247137
882275,18066
882284,619618
882284,295001
882343,1065975
882343,79714
88243,1118070
88243,1034334
88243,170357
882452,848712
882452,598003
88253,1066043
88253,593609
882561,718062
882561,83795
882561,1022740
882575,1071629
882575,320081
882575,844385
882581,200197
882581,232630
882613,800663
882614,833728
882614,581058
882614,197653
882866,129073
882866,1104341
882866,183761
882866,685545
882866,1166388
882866,464580
882866,128122
882866,916996
882934,193419
882934,674260
882984,534224
882984,748519
882984,488983
882984,516789
882986,25679
88299,988151
88299,801098
882991,498126
882991,65216
882991,691329
882991,658012
882991,312468
882991,665908
883001,646481
883001,1020421
883001,554382
883001,652464
883001,1040362
883029,124878
883052,523396
883066,671100
883131,271544
883131,577982
883177,802522
883177,740165
883177,1039840
883177,811520
883177,1158207
883193,607977
88320,493782
88320,911071
883207,1044258
883207,956530
883207,918059
883207,129672
883207,60182
883207,553778
883207,1047362
883279,240692
883279,941719
883294,297564
883294,161622
883294,486351
883300,170178
883300,1119796
883300,415656
883300,266101
883300,936119
883351,541700
883351,239083
883351,81405
883351,490965
883351,955467
883386,582466
883386,894000
883386,444678
883392,551298
883434,574392
883434,1092296
883476,839076
883476,19984
883476,1005176
883544,347509
883546,837181
883546,24282
883546,471738
883546,472948
883546,765457
883552,287495
883592,300353
883592,1073328
88364,1128451
88364,805375
883646,544405
883646,1056717
883670,636503
883670,199537
883687,668368
883762,1087257
883762,538811
883762,1131436
883762,545390
883762,1166055
883762,1155077
883762,826283
883762,165436
88377,530172
88377,1030728
883771,915810
883872,236509
883872,229704
883872,1066078
883887,785477
883887,854919
883887,175429
883923,227972
883923,276803
883923,1131607
883923,117059
883923,806515
883956,86063
884007,435549
884007,1112553
88405,661652
88405,175106
88405,173132
88405,1125388
88405,1070127
88405,280429
88405,499254
88405,47185
88405,694283
884102,438474
884102,191342
884128,335855
884128,843171
884128,1038331
884128,759813
884132,296451
884132,237540
884132,416989
884132,274374
884132,522474
884132,334177
884132,754028
884132,343137
884252,1109343
884302,309643
884302,981303
884302,792590
884431,416377
884438,507033
884483,33605
884483,630825
884483,84125
884483,872017
884483,559943
884483,906007
884483,850830
884483,137666
884483,843335
884483,316702
884483,415333
884483,1019233
884483,46560
884483,346342
884483,504185
884503,771352
884503,479851
884503,663488
884503,386827
884503,1058559
884503,559943
884503,843335
884503,1096557
884531,673308
884531,311260
884531,550645
884531,746984
884531,705089
884531,355827
88456,690627
88459,677142
88459,250553
884732,338407
884732,622869
884732,626338
884732,598098
884732,581794
884766,743375
884767,601309
884799,56973
884799,890171
884799,772795
884831,848418
88485,550981
88485,1042250
884902,187539
884902,492766
884902,762374
884902,697260
884902,772795
884902,1136718
884902,676965
884911,257276
884911,385059
884911,141044
884911,567143
884911,424459
884911,34995
884911,546145
884911,897144
884911,630942
884911,719653
884911,598631
884911,997184
884911,54972
884911,1073328
884911,497636
884911,633098
884911,355286
884911,1073209
884911,1077318
884911,113407
884911,195858
884911,779783
884911,435435
884911,136203
884911,775970
884911,619426
884911,964318
884911,353332
884911,604915
884911,300353
884911,750214
884911,544806
884911,567178
884911,650261
884911,425330
884916,227210
884916,385886
884956,839709
8850,125161
8850,1016677
8850,406710
8850,1163139
8850,75787
8850,279882
8850,386402
8850,840096
8850,90691
8850,554382
8850,1072217
8850,878788
8850,637544
8850,400123
8850,792590
8850,843335
8850,1082418
8850,1018316
8850,316685
8850,168402
8850,1118769
8850,559943
8850,1157006
8850,551304
885042,810635
885042,714351
885042,149052
885045,81474
885045,398935
88506,354082
88506,498212
88506,790516
88506,1077688
88506,155916
88506,62471
88506,902450
88506,779220
88506,74771
88506,554382
885067,945575
885067,297564
885077,853945
885095,777533
885095,582463
885095,899683
885095,199366
885095,1112864
885095,299316
885095,168402
885095,414148
885102,169407
885102,980646
885102,729255
885102,168402
885102,1109721
885102,114983
885102,777533
885102,976337
885102,187827
885102,48448
885102,1052392
885102,582463
885102,1073209
885102,220970
885102,306031
885102,236864
885102,1108106
885102,998887
885102,414148
885102,905646
885102,268914
885122,978900
885122,742152
885287,1033173
885287,734157
885287,28817
885310,638846
885310,491823
885310,343284
885333,769965
885333,752798
885353,601309
88538,387163
88538,725517
885426,290017
885431,776246
885431,951296
885440,33605
885462,1008257
885543,762639
885543,548706
885553,567412
885561,507484
885581,397957
885691,906050
885691,688489
885691,264456
885691,1050201
885715,619614
885716,135084
885744,393348
885744,1009380
885744,1077960
885821,795503
885821,1050126
885826,1029404
885940,1152554
885940,1155750
885940,594080
885940,778267
885940,779220
885940,559943
885944,54158
885968,192819
885975,1089176
885975,1140817
885992,1156371
886010,255561
886010,250197
886036,650261
886036,135499
886069,727093
886073,772795
886073,894575
886073,64045
886073,769915
886073,663928
886073,770277
886073,56973
886086,1006238
886086,601309
886095,825466
886095,494241
886095,591371
886136,510042
886136,396101
886136,852441
886157,668368
886340,1123095
886340,206316
886347,780235
886347,87138
886494,105835
886494,134913
886536,240350
886536,189789
886536,578242
886536,1048968
886536,289983
886536,32354
886579,595864
886579,126071
886579,1014164
886595,242079
886595,20240
886608,558140
886608,914005
886647,631837
886647,309936
886647,401062
886647,694316
886647,1032459
886664,90276
886672,900080
886696,130807
8867,182009
886730,933445
886730,940852
88674,24918
886752,879077
886752,394483
886779,138156
886779,699070
886788,886788
886799,202498
886799,547985
886805,411589
886805,421351
886812,565507
886826,497866
886826,370496
886826,801013
886840,684753
886840,707937
886840,773799
886840,716805
886840,626989
886840,227315
886841,481522
886991,244533
886991,1046977
886991,693306
887071,192145
887374,642238
887392,251550
887392,43914
887392,527722
887515,1068580
887515,554382
887515,843335
887528,118048
887528,511457
887528,309198
887528,958697
887528,721455
887528,997879
887528,414949
887537,475095
887796,721174
887796,271544
887890,315966
887890,494333
887890,922652
887890,1046235
887898,34814
887898,755307
887898,331150
887898,489681
887898,174567
887956,195093
887956,347692
887983,2048
887984,265741
887984,771352
88801,824533
88801,104167
88801,399131
888011,311442
888049,1003514
888055,3205
888055,207572
888055,464565
888055,1113736
888055,501005
888055,848547
888069,1073209
888069,960803
888071,1149647
888071,1166930
888134,574741
888204,1001575
888204,393405
888204,332872
88821,95099
888219,981778
888219,117059
888326,949154
888326,314834
888360,891667
888360,597704
888360,136231
888360,78122
888368,109210
888368,62268
888498,89540
888498,688578
888498,621128
888498,239083
888498,930780
888514,410843
888539,658012
888539,1026330
888539,736450
888539,897168
888539,1156759
888566,1031322
888591,662532
888591,366175
88861,36337
88861,341040
88861,89540
88861,528099
88861,43636
888624,796234
888624,213293
888624,517324
888624,1026740
888624,875684
888624,562769
888624,1110304
888728,118189
888756,385406
888756,437471
888756,744439
888756,610418
888756,1150361
888756,543701
888756,87746
888756,1066078
888756,114384
888756,1024755
888756,33225
888787,193419
888787,1005262
88896,720321
88896,235738
88896,868602
88896,378958
888967,651486
888967,554382
888967,386827
889,581106
889010,1088211
889010,322870
889010,955921
889010,1113736
889010,257336
889010,127042
889010,895446
889010,460552
889010,994621
889010,944598
889010,1031935
889010,381502
889010,18497
889021,721174
889021,364999
889021,1089707
889021,271544
889021,64385
889021,1090868
889021,27781
889030,165176
889030,531888
889086,628248
889127,485290
889178,1061154
889178,1126948
889186,956582
889235,34318
889235,760257
889301,1095064
889304,457928
889471,1021128
889471,452201
88954,701994
88954,1163117
889585,601132
889585,720465
889585,744914
889585,710473
889585,166799
889585,671272
889585,944185
889585,386402
88961,732809
889622,946654
889622,890272
889622,1066909
889622,251793
889703,137952
889703,1105768
889703,795689
889703,658012
889703,408736
889703,975890
889703,320401
889703,321952
889716,339379
889716,1155044
889810,165718
889817,517451
889817,380040
889817,811976
889817,795503
889817,453169
889817,136163
889817,269410
889817,368549
889860,840148
889860,168402
889891,840020
889893,796031
890004,846146
890004,145908
890004,76669
890005,246465
890005,138524
890005,69748
89008,499052
890095,728740
890140,1066481
890203,407894
890203,734157
890203,827580
890203,957071
890203,798513
890203,745703
890203,137608
890203,601309
890203,598153
89022,683124
89022,345957
89022,998211
89022,1035156
89022,559943
89022,232630
890222,219568
890222,153443
890222,865900
890222,560979
890222,908417
890222,1132546
890259,10143
890259,1143316
890259,658625
890259,91685
890259,1082418
890259,1149219
890259,1062825
890259,952754
890259,852140
890259,1140474
890259,739633
890259,493782
890259,788388
890259,444502
890259,394399
890259,355800
890259,745790
890259,250601
890259,1107911
890259,952382
890259,1139891
890259,747663
890259,559943
890259,836153
890259,916996
890259,1118769
890259,902973
890272,257336
890272,988915
890272,416678
890272,554962
890325,711842
890350,768327
890350,995215
890350,35149
890350,788410
890350,1085162
890350,1149506
890350,1160623
890350,812341
890350,958349
890350,610800
890377,40378
890377,812809
890377,13751
890377,134901
890377,290017
89049,778267
89049,1155750
89049,405535
89049,354082
89049,62471
890620,511899
890620,1129978
890620,115581
890620,827580
890622,559943
890623,885102
890623,168402
890623,306031
890713,463258
890713,938599
890871,238892
890880,10930
890880,289983
890880,880963
890924,993795
890924,1049711
890924,786492
890924,839621
890927,437721
890927,261882
890927,488720
890974,808745
891007,484004
891007,393685
891080,518235
891080,614462
891080,747327
89109,36337
89109,341040
891102,1018105
891102,129399
89111,1136077
89111,99578
89111,1107435
891168,302965
891168,1111603
891168,228080
891176,376483
891176,958947
891176,892346
891279,149494
891279,43636
891279,771352
891279,349307
891279,302051
891296,692488
891296,316114
891296,329407
891296,367095
891296,70435
891296,262634
891351,286083
89144,69055
89144,325867
89144,344450
89144,155861
89144,1131051
89144,1020285
89144,186532
89144,277933
89144,73236
8915,386776
8915,627133
8915,642919
891667,948400
891667,419646
891667,446543
891667,840932
891667,136231
891667,149052
891763,1100561
891776,871368
891776,1042601
891776,700511
891776,336468
891791,933501
891804,21416
891868,312085
891868,362815
891868,681819
891868,458148
891876,721841
891876,771352
891966,423585
89201,954460
89201,528177
892020,880419
892020,136208
892020,1142663
892020,717983
892110,95913
892110,573419
892110,627822
892110,1022896
892110,925458
892110,81474
892110,329695
892110,853945
892110,302306
892110,852035
892110,774218
892110,737699
892110,893825
892110,378951
892110,411953
892110,882120
892218,830747
892218,1045193
892218,691221
892226,98426
892226,536493
892226,329407
892226,521597
892371,415656
892371,601430
892371,659242
892371,702032
892371,1092698
892396,847741
892396,164494
892396,1153703
892396,357775
892439,900981
892439,629054
892525,936295
892525,505269
892525,599553
892525,593673
892529,45961
89253,1041133
892536,367291
892536,374563
892536,924426
892536,1049698
892536,559943
892565,999622
892565,488194
892565,1106567
892565,361334
892565,322284
892576,486307
892576,464565
892629,612118
892629,1143071
892629,374747
892653,1137332
892675,1113736
892675,396988
892675,46545
892691,1011854
892691,38100
892691,470788
892691,612517
892691,269234
892691,1150341
892691,24895
892691,842752
892725,781380
892808,126854
892822,186911
892839,523655
892839,404889
892859,431117
892859,529648
892878,236864
89289,353259
892937,950162
89297,139830
89297,1098551
89297,809154
89297,1114375
89297,860888
89297,489316
892979,1154647
892979,813506
892979,257336
893011,677090
893011,780632
893011,772638
893011,835848
893011,1032294
893011,410212
893011,646489
893011,1084569
893019,854092
893019,1119735
893060,525726
893060,799079
893060,154665
893060,174567
893060,453075
893068,214801
893068,1131607
893177,774218
893259,813035
893259,93585
893259,421944
893345,1004824
893345,489666
893345,204249
893352,355330
893379,840445
893389,900794
893389,94024
893539,424459
893539,884911
893539,276805
893546,14829
893546,988002
893546,728636
893546,42645
893546,699706
893546,216722
893546,386402
893546,110301
893546,257048
893546,859372
893546,275648
893546,145687
893546,293900
893551,871737
893551,827574
893562,744257
893562,920968
893562,1047621
893562,190237
893562,612288
893562,711842
893562,267586
893562,930158
893577,559792
893577,374699
893577,139328
893577,579177
893577,1076214
893577,518860
893577,754036
893577,387100
893577,606894
893577,596541
893675,1119347
893675,137518
893675,482168
893675,485702
893675,739616
893675,179248
893675,960278
893675,80736
893677,1039261
893677,575830
893677,1003374
893691,528177
893692,70240
893692,128937
893722,353565
893730,998076
893730,912442
893732,384422
893732,1046224
893756,1122795
893756,46793
893756,627406
893756,661652
893756,134763
893825,250223
893825,852035
893825,204093
893825,447238
893825,774218
893825,1146361
893825,417000
893825,378951
893825,1071538
893825,682485
893825,1135613
893825,129750
893825,120228
893825,853945
893825,247172
893825,96375
893825,1090020
893825,892110
893825,1022896
893833,307035
893833,360740
893833,277432
893833,719758
893833,652377
893833,498258
893833,847352
893833,1009969
893833,110250
893849,263627
893849,474218
893862,81275
893862,497290
893862,427015
893862,386402
893862,1112044
893862,485598
893862,577982
893862,988343
893887,1057844
893887,113407
893887,1073328
893887,868089
893887,431075
893887,884911
893887,647860
893925,937355
893938,304240
893938,73246
893938,989753
893948,135494
893948,827193
893948,271268
893948,1012876
893948,1116429
893982,46698
893982,52629
894000,944437
894000,904563
894004,180667
894004,375790
894004,890377
894004,1066078
894004,883872
894004,948883
894004,209972
894010,988133
894010,48415
894010,208306
894010,1143912
894025,559943
894064,1065974
894099,357059
894099,905787
894099,492448
894099,605516
894099,761787
894099,12456
894099,192228
894157,799716
894157,1133156
894165,1054432
894180,420178
894180,1033261
894180,42645
894180,739274
894180,210330
894206,906050
894219,851966
894219,1125088
894249,257166
894249,514357
894255,701174
894255,114090
894255,539041
894255,430632
894300,500149
894300,1111891
894300,870689
894303,506803
894303,729356
894305,959058
894305,385659
894305,1140767
894305,465608
894305,758230
894391,210330
894392,841661
894392,906050
894460,120363
894460,1108348
894460,1080006
894460,191640
894460,625184
89447,794198
89447,1033006
89447,720148
89447,739247
89447,140775
894504,817487
89457,845354
894614,843335
894641,945254
894641,717202
894653,21416
894653,502238
894658,394069
894658,306253
894658,782073
894658,772795
894658,896381
894658,22381
894658,376483
894679,153474
894679,420036
894679,181029
894679,1118769
89469,1164050
894761,248170
894761,741195
894761,44978
894761,674716
894761,648382
894761,1025260
894761,386468
894829,611921
894829,414148
894829,673357
894829,10143
894829,200685
894829,351229
894881,462777
894881,843335
894881,490973
894889,26124
894891,185344
894891,692818
894916,792590
894958,418885
894975,438946
894975,848909
894975,559943
894975,803946
894975,705180
894975,1044597
894975,630825
894975,843335
894975,683124
894975,204645
894979,146535
894979,1026687
895015,47185
895028,768327
895028,397949
895028,183806
895028,958349
895028,1160623
895028,92891
895044,501497
895181,902082
895181,743298
895181,337441
895218,678811
895251,689733
895251,150583
895251,666991
895251,818307
895269,613441
895269,14005
895269,223581
895367,734157
895367,932581
895398,944185
895398,489925
895398,566452
89540,479851
89540,841016
89540,157504
89540,312393
89540,216223
89540,549182
89540,493782
89540,610095
89540,554382
89540,205318
89540,130281
89540,815319
89540,685313
89540,486093
89540,688578
89540,771352
89540,201527
89540,653610
89540,387882
895431,887528
895439,127469
895446,889010
895455,111851
895455,920885
895455,1022644
895489,577982
895489,432018
895489,371355
895489,1080383
8955,875887
8955,237826
8955,221724
8955,1094217
895535,1050201
895535,448896
895535,211622
895535,603388
895535,432676
895542,558404
895542,35122
895598,860874
895603,632541
895603,745790
895603,291911
895609,148268
895647,1047420
895647,905719
895647,302051
895647,692333
895647,271870
895647,181564
895647,232630
895647,834278
895647,1001960
895647,333841
895647,856776
895691,136203
895691,190691
895691,375138
895691,305374
895691,1166930
895691,1025040
895691,547869
895691,336086
895691,395186
895691,365234
895717,1043457
895738,398798
895738,116218
895761,129263
895829,900080
895829,510313
89584,204249
895848,169407
895848,1073209
895924,199153
896000,957654
896000,709953
896000,617784
896000,586008
896000,1076574
896000,386870
896000,376691
896000,841070
896023,296472
896044,485598
896044,77920
896044,1007999
896044,112292
89606,734157
89606,937639
89606,1033173
896134,1120047
896187,386870
896187,531413
896187,290017
896187,13751
896187,386827
896214,268059
896214,1109175
896214,118189
896216,248862
896228,105796
896298,651043
896298,846413
896298,549728
896298,672558
896298,1069884
896298,271924
896304,1150503
896304,16816
896314,114791
896314,493673
896314,48599
896314,577778
896314,1079696
896342,1159383
896342,1155665
896381,973065
896381,909806
896381,983019
896381,702985
896381,817822
896381,782073
896431,609871
896431,1109032
896467,704965
896467,511145
896467,1059520
896474,410611
896474,519106
896474,475271
896499,939989
896518,716487
896518,601309
896518,698691
896518,573171
896635,57447
896643,521312
896643,684374
896643,212236
896643,903180
896643,17075
896651,129386
896651,415664
896741,325404
896741,806515
89682,473398
89682,701174
89682,114090
89682,619665
896905,386776
896905,888917
896970,990588
896993,1024570
896993,438946
896993,517521
896993,956188
897109,960139
897144,1077318
897144,437424
897144,884911
897144,141044
897147,834278
897147,1111746
897147,929725
897168,1124555
897168,413676
897168,758123
897168,975890
897168,888539
897168,498258
897168,802864
897168,77069
897168,13351
897168,736450
897168,94584
897168,124590
897168,667761
897168,658012
897168,277432
897168,408477
897168,63047
897168,661076
897168,388960
897168,912619
897168,719758
897168,559943
897168,549259
897168,693169
897168,737757
897303,646481
897303,598485
897303,681330
897303,652464
897303,791002
897303,479851
897303,386827
897303,786094
897324,129921
897324,507376
897324,1048731
897324,517553
897324,982222
897324,364999
897330,1133946
897456,303887
897456,886073
8975,1026514
897543,945325
897551,790812
897551,216047
897551,455455
897551,440781
897571,976337
897571,953579
897571,779492
897602,845354
897602,550982
897619,685545
897619,22717
897619,146501
897619,30173
897619,532997
897639,977654
897639,152733
897639,643923
897639,499003
897639,107844
897639,271383
897639,90786
897701,554382
897701,544825
897701,285840
897738,1091651
897738,338575
897738,824685
897738,463471
897738,640765
897738,274989
897738,957056
897738,677142
897738,168910
897747,240350
897747,1133305
897873,1053670
897873,501160
897873,1079085
897873,35149
897873,221278
897873,592674
897873,411516
897873,1077960
897873,812341
897873,359603
897878,825985
897878,673397
89791,746984
897942,855284
897942,594655
897942,119553
897991,426663
897991,347798
897991,106854
897991,65
897991,700081
897991,585347
897991,240751
897991,368442
898045,792590
898074,577672
898111,219402
898125,608311
898125,418807
898125,1073449
898125,33605
898125,354082
898131,1082418
898137,169407
898137,1073209
898137,495205
898169,355827
898169,1035671
898169,229247
898169,115181
898169,497939
898169,18027
898273,1026546
898273,600712
898273,239452
898273,168402
898273,596578
898273,762970
898307,959092
898307,936490
898313,465262
898313,835084
898313,704535
898313,1116476
898327,461360
898327,129752
898372,701174
898372,47185
898372,378322
898398,1021577
898439,772255
898449,283637
898449,998936
898449,374739
898449,185683
898503,338575
898618,529543
898618,227315
898618,314834
898618,577926
898618,646059
898618,707937
898684,193764
898684,871337
898684,310147
898703,1079219
898703,231608
898703,813220
898717,301176
898717,179648
898717,309086
898717,378727
898717,480426
898717,518229
898743,577982
898768,635173
898768,822207
898768,42645
898768,853432
898768,35633
898768,386402
898768,207552
898827,776627
898827,700852
898827,699756
898828,176027
898828,231020
898828,1105921
898903,403512
898903,126854
898903,16012
898903,114090
898903,701174
898958,1017710
898958,70253
898958,620581
898958,621173
898958,12643
898958,300252
898974,10143
898974,714538
898974,604944
898974,186393
898974,998703
898974,338824
898998,685729
899040,239083
899080,1032529
899140,400175
899140,671272
899140,600381
899140,168402
899140,722188
899140,202068
899140,1112044
899140,386402
899140,1162170
899140,778190
899140,18483
899140,88909
89935,23622
89935,483174
89935,1103415
89935,906427
899361,213255
899361,795168
899361,1137988
899361,440951
899361,690480
899361,427997
899361,42645
899361,103646
899361,207552
899374,175106
899374,554382
899374,272093
899374,88405
899374,869790
899374,495434
899374,126854
899374,47185
899374,43484
899374,183327
899374,468064
899374,988915
899374,291418
899374,983019
899374,835913
899374,539041
899374,1036486
899374,385059
899374,694283
899374,278952
899374,429643
899374,701174
899374,195858
899374,289039
899374,696929
899374,724218
899374,249259
899374,1158266
899374,315167
899374,898903
899374,114090
899388,682214
899399,345337
899472,131053
899472,56973
899493,845354
899546,855030
899546,443144
899578,168402
899578,547869
899578,152488
899578,522250
899578,860965
899645,952614
89966,635330
89966,94682
89966,627216
89966,128427
89966,120171
89966,167847
899675,448646
899683,187827
899683,976184
899683,114983
899683,306031
899683,168402
899683,744625
899687,284787
899687,596863
899687,911823
899687,963674
899687,875802
899698,913408
899698,979071
899703,1042441
899703,1163993
899703,601584
899703,192228
899703,476344
899713,610095
89972,1005262
89972,642955
89972,453146
89972,1106460
89972,94196
89972,386605
89972,28397
89972,193419
89972,875887
89972,268856
89972,499052
899730,642205
899730,685013
899775,748773
899795,1014728
899820,1082884
899820,479851
899820,418885
899820,668503
899820,531413
899828,992202
899828,559943
899828,604959
899828,843335
899828,422961
899828,975882
899828,248481
899834,296598
899834,435344
899834,672378
899853,349984
899909,495562
899909,729323
899909,772140
899909,300694
899909,685510
899909,196143
899933,920885
899933,308544
900012,272868
900012,952170
900036,984393
900036,803946
900077,237567
900077,879711
900077,194802
900077,117172
900077,707877
900077,1030688
900077,239066
900077,468551
900077,1089176
900077,1134524
900080,537337
900080,1116795
900080,113068
900080,510313
900080,206644
900143,559943
900143,705766
900143,96807
900143,707536
900143,84772
900159,227891
900159,970582
900176,1080006
900176,375313
900176,28756
900176,1058287
900314,429957
90040,168402
90040,918846
90040,688948
90040,479167
90040,283542
90040,779477
90040,178070
90040,214840
90040,322817
900428,953579
900446,500149
900446,1111891
900446,576866
900464,320078
900487,792590
900530,818164
900530,642975
900530,631701
900530,149010
900530,685290
900530,189488
900546,588716
900546,909650
900546,206155
900546,9858
900683,327083
900692,771352
900746,476536
900785,655532
900785,1029201
900785,1007572
900792,946975
900792,559927
900792,793940
900792,545843
900792,1006496
900792,1027444
900792,611813
900792,827998
900792,642205
900792,683554
900792,832046
900792,215546
900792,844122
900792,878788
900792,129507
900792,466752
900792,827983
900792,664987
900792,11871
900792,597284
900792,988002
900792,859372
900794,94024
900794,465262
900794,777356
900794,893389
900929,797800
900950,984712
900955,658012
900955,268099
900955,500180
900981,81474
901014,872176
901014,166882
901081,620313
901081,188274
901081,743244
901168,696277
901181,355200
901252,700171
901252,342412
901309,765343
901309,570200
901374,877658
901385,1081159
901385,352600
901385,657668
901385,302051
901385,554382
901385,906007
901385,204645
901385,487042
901385,559943
901467,905646
901467,1160109
901467,582463
901467,168402
901468,21416
901512,113034
901636,93169
901636,24676
901643,251781
901643,864818
901643,299660
901643,220831
901643,818368
901643,339405
901643,563388
901643,729789
901643,1072048
901643,798878
901643,246819
901643,955614
901643,382996
901643,1057259
901643,781217
901643,1110911
901643,403156
901643,1055695
901643,667900
901643,483286
901643,741424
901643,27271
901643,274989
901647,901647
901694,339322
901724,580690
901756,1042601
901756,1157972
901758,1151548
901758,958697
901758,394969
901758,1029878
901758,577778
901758,312691
901758,155017
901758,869538
901758,1160738
901777,798259
901777,696348
901777,880855
901777,236864
901787,294391
901787,783672
901787,297865
901787,310527
901787,1115765
901787,390957
901787,792590
901795,1162339
901795,981778
901850,369406
901850,1021132
901850,430840
901850,577982
901850,4361
901899,1073209
901899,182108
901899,604644
901914,730361
901914,148419
901914,216425
901918,911569
901918,13164
90193,720081
90193,76718
90193,705331
90193,320038
90193,452623
90193,349376
90193,448817
90193,793969
90193,754172
90193,517443
90193,928150
90193,1024350
901961,931764
901961,1058719
901987,769552
902060,604828
902060,237066
902060,459528
90209,81474
90209,1137804
90209,1100614
90209,857791
90209,244709
90209,515512
902128,747313
902128,10143
902152,578119
902152,30767
902152,954254
902152,949154
902152,831441
902152,671025
902152,192145
902152,314834
902201,765343
902319,329895
902401,871368
902401,280620
902464,771352
902464,877141
902464,34989
902464,542947
902474,128632
902496,290662
90255,915142
902585,329402
902585,319256
902585,688690
902585,604828
902585,597319
902639,848061
90276,6674
90276,193093
90276,236685
90276,421005
902781,1130102
902781,565805
902860,666382
902860,928792
902860,1147451
902866,824931
902866,157213
90297,577244
902973,1101585
902973,1039321
902973,1148970
902973,579227
902973,757135
902973,859369
902973,91685
903012,485598
903022,363784
903100,486351
903110,1021320
903110,295612
903110,454048
903110,945347
903110,273178
903144,210513
903144,1158316
903155,1138355
903155,1025357
903203,862247
903203,393270
903203,837221
903238,820180
903238,334720
903311,484009
903311,1072032
903311,713899
903311,993719
903311,597466
903311,156515
903311,960197
903314,439342
903314,749179
903317,230430
903317,992777
903317,494156
903317,247137
903317,434832
903317,784003
903317,667274
903317,554496
90334,474218
903347,554382
903347,1027552
903347,479851
903347,723436
903347,659964
903347,369922
903347,665157
903347,789688
903347,207178
903347,386827
903347,176278
903347,512149
903347,771352
903347,737774
903347,290017
903347,1094415
903347,559943
903347,610418
903347,929510
903347,1162063
903347,775268
903347,370006
903347,1148828
903347,1161613
903347,875708
903347,723703
903347,1079759
903347,33605
903347,302051
903347,210955
903347,843335
903347,827580
903347,154452
903347,848909
903347,790516
903347,803946
903347,805092
903347,1082884
903347,418885
903347,812341
903347,204645
903347,377012
903347,521935
903347,452623
903347,623374
903347,386870
903347,1125194
903347,115074
903347,878788
903347,1161194
903347,341556
903389,272539
903396,643501
903415,229920
903415,129192
903433,455954
903433,730928
903433,23721
903433,1033356
903433,811812
903433,642205
903433,792597
903433,329505
903433,429191
903433,217363
903433,365000
903433,973615
903433,336267
903433,877811
903433,793940
903433,792932
903433,1155102
903433,1133365
903433,545843
903433,699706
903433,611813
903433,448852
903433,988002
903433,202600
903433,548805
903454,372802
903455,852485
903455,257890
903455,976956
903537,420223
903579,240350
903579,870497
903579,346532
903596,705853
903596,911321
903599,870162
903599,368978
903617,479851
903617,137849
903787,600712
903787,168402
903787,596578
903795,223979
903795,988102
903878,275243
903878,386402
903878,378924
903878,778190
903878,68633
903885,587737
903885,386776
9039,453340
903971,848588
904051,480860
904051,738681
904051,795029
904051,503787
904051,1146979
904082,690504
904082,476611
904082,123810
904140,827580
904140,96152
904140,270519
904140,246551
904140,328771
904140,957530
904140,76669
904171,50637
904173,691305
904173,237540
904173,754028
904241,854092
904241,948883
904241,394620
904262,631785
904262,372200
904262,585694
904262,804507
904262,484797
904262,530168
904262,782073
904262,119261
904262,188651
904262,1021802
904262,1116789
904285,735204
904323,956584
904323,399461
904342,838042
904342,1112794
904400,853657
904400,735464
904400,137808
904418,598701
904505,287486
904505,251954
904505,183688
904506,348738
904506,193419
904563,894000
904606,1135429
904606,247556
904606,285205
904606,752536
904606,163473
904650,1012495
904691,675856
904691,904369
904691,338645
904708,60889
904708,83795
904720,157396
904750,481708
904750,790082
904750,245261
904972,703743
904972,386402
905013,760390
905013,770277
905066,815658
905066,659833
90507,698450
905198,633674
905198,321867
905198,980615
905198,724151
905221,1030899
905221,1005802
905221,1134524
905221,1122475
905221,387147
905221,1089176
90523,207552
90523,755509
90523,635173
905304,361035
905533,271348
905533,727015
905564,58329
905564,729601
905564,770791
905564,437358
905564,334720
905564,236837
905564,685509
905564,870497
905564,81699
905564,641981
905620,488798
905646,187827
905646,168402
905646,466412
905646,490140
905646,885102
905646,204249
905646,206574
905646,953579
905653,1136718
905653,526871
905653,42861
905688,742134
905719,984891
905719,308676
905720,168836
905720,473571
905731,1082422
905787,851499
905787,386402
905787,357059
905787,736011
905787,671272
905787,1099893
905787,1082884
905787,168402
905787,333195
905787,1108196
905787,330021
905787,492448
905787,1073475
905793,528780
905793,546534
9058,324133
905929,293378
905987,310365
9060,165594
906007,903347
906007,683124
906007,292528
906007,461427
906007,1006707
906007,695365
906007,834278
906007,901385
906007,1086501
906007,300694
906007,302051
906007,363784
906007,438946
90602,686807
906033,577856
906048,311499
906050,1089909
906050,699982
906050,446145
906050,604688
906050,577982
906050,1102276
906050,90255
906050,1147997
906050,479167
906050,731316
906050,1160272
906050,1050201
906050,688489
906050,1130903
906050,448896
906050,351673
906050,432676
906050,559943
906050,1039484
906050,895535
906056,332756
906095,1053620
906095,958164
906113,345348
906131,207880
906141,254048
906141,796839
906141,364266
906141,244533
906141,43847
906141,693306
906141,276307
906149,497866
906149,864268
906198,399452
906198,1157440
90622,449068
90622,558946
90622,290017
90622,531413
90622,151444
90622,1075020
90622,758230
90622,442399
90622,577982
906268,119553
906268,714638
906268,1143094
90631,321824
906329,494365
906329,189789
906329,670867
906329,486735
906329,18500
906329,38377
906329,240350
906329,726219
906329,100146
906354,827161
906354,107637
906354,971372
906354,119732
906354,724493
906354,993661
90638,1112353
906384,395186
906384,305374
906427,89935
906427,457928
906494,83523
906494,874006
906564,1144115
906564,550645
90660,432087
906668,963748
906778,175861
906819,135562
906819,635511
906819,97984
906819,63696
906819,490981
906819,991789
906824,18669
906824,1113410
906824,172039
906875,387882
90689,484797
906902,476344
906902,192228
90691,1163139
90691,406710
90691,316685
90691,1016677
90691,8850
906924,795494
906924,1071636
906924,526039
906924,1020959
906924,217615
906936,626653
906936,465608
906936,639555
906936,984199
906956,1061664
906956,694570
906956,965726
906956,802290
906978,1004330
907003,1082210
907003,32032
907003,668706
907003,777490
907003,254245
907042,508454
907042,232630
907042,255014
907042,1001960
907042,843335
907042,897701
907042,527579
907042,1044597
907094,309335
907094,611921
907094,302926
907094,370139
907094,384780
907094,1157438
907094,976522
907094,256876
907094,860965
907094,807142
907114,441637
907140,70780
90722,1088286
90722,214357
907233,484797
907233,500570
907233,533005
907233,861943
907308,745739
907308,568894
907308,1125420
907308,945575
907308,138862
907308,1025545
907308,1080355
907308,491932
907344,942950
907344,1147486
907344,821338
907344,831124
907370,688765
907370,499003
907370,1086395
907370,197692
907370,240692
907370,1096278
907370,702383
907370,991347
907370,68985
907370,726826
907370,919851
907370,1136549
907370,930911
907370,27362
907468,1130650
907468,674931
907468,346767
90748,386605
907480,511281
907480,522474
907480,30983
907480,127714
907480,826283
907480,831837
907499,1118769
907499,416678
907499,554962
907499,988915
907499,1066909
907499,1150316
907499,660162
907499,251793
907499,843335
907556,282682
907556,20796
907556,1114657
907730,231020
907730,180136
907730,1105921
907730,258856
907730,532622
907740,241326
907740,465262
907740,658012
907748,56387
907748,666915
907748,813208
907751,293809
907751,879246
907751,379353
907751,1016463
907751,246370
907751,384846
907751,1076674
907751,76700
907751,536203
907751,766901
907784,411516
90786,930911
90786,152733
90786,1086395
90786,871152
90786,907370
90786,240692
90786,499003
90786,478977
90786,1118769
90786,643923
90786,585641
90786,143168
90786,945526
90786,399619
90786,1136549
90786,287071
90786,1041363
90786,723141
90786,137278
90786,638924
907883,225058
907916,729565
907916,411516
907922,1034467
907922,818164
907962,805214
907962,315607
907962,173814
908038,816113
908071,539379
908071,62420
908071,612343
908086,571882
908090,821854
908090,1028762
908123,834400
908123,155861
908123,397114
908127,852484
908127,750547
908127,675170
908127,83537
908127,576215
908127,1132682
908154,68519
908154,877230
90821,39336
90821,462817
90821,853405
90821,805649
90821,372227
90821,1004824
908214,1088876
908263,506347
908263,223226
908263,1027061
908263,461206
908263,66804
908263,718455
908263,919848
908263,615410
908263,949678
908275,489843
908275,298416
908275,1059194
908275,329033
908275,1071533
908275,587930
90837,360339
90837,85658
90837,391070
90837,404486
90837,843040
90837,813208
90837,173709
90837,583651
90837,823729
90837,679370
908417,229178
908417,631776
908417,890222
908417,219568
908417,285403
908417,403807
908417,183601
908417,1027050
908417,560979
908417,344741
908417,1132546
908417,552133
908417,1143926
908417,399108
90845,895603
90845,745790
908452,129672
908452,1057929
908452,500286
908452,988892
908462,378322
90852,357712
90852,974742
908609,780710
908724,449339
908724,1071012
908724,1102969
908760,171402
908760,954725
908782,1069746
908838,8535
908838,324925
908838,778267
908838,559943
908869,927632
908974,386402
908974,577982
908974,1086501
908974,1112044
909024,168402
909024,621915
909024,953579
909024,778188
909026,756791
909026,751904
909026,509793
909026,1127412
909053,895844
909053,56725
909053,207165
909147,1106632
909147,1060876
909147,314834
909147,912778
909147,677275
909147,355420
909147,1082418
909147,746653
909147,746984
909147,16816
909147,495197
909147,386776
909147,399962
909147,479851
909147,458883
909163,270052
9092,645529
9092,488340
9092,1109900
9092,772795
909259,751639
909259,439101
909280,36337
909289,967426
909289,849922
90932,114991
909329,716805
909329,1023113
909329,1032052
909371,46545
909439,131314
909439,1079509
909439,335610
909439,749639
909439,1130903
909439,865901
909455,659322
909455,586003
909455,554538
909455,444337
909455,729601
909455,1130650
909482,119553
909498,181066
909534,930278
909572,1085775
909572,1058058
909572,570464
909572,26806
909595,1142481
909605,6651
909605,830390
909605,245110
909605,413514
909605,329191
909605,873111
909627,1003514
909650,1032494
909650,539379
909650,900546
909654,959108
909654,33605
909654,948254
909726,1095620
909773,853432
909773,207552
909773,42645
909806,762374
909806,821854
90982,287953
90982,628654
909892,479851
909892,549182
909892,33605
909959,1005176
909959,597147
909959,255882
909959,599392
909959,473520
909959,109927
909959,552505
910009,843335
910009,287495
910009,108832
910009,1061127
910009,559943
910009,1161613
910009,903347
910009,1008685
910041,565159
910041,1118769
910141,347798
910141,547985
910141,698387
910201,1023145
910213,11254
910213,363378
910217,232190
910217,333259
910306,657588
910326,604828
910326,651613
910326,943967
910326,372159
910326,509635
910401,679966
910401,97514
910401,126266
910401,872139
910401,678609
910401,346473
910401,736556
910401,676028
910401,336542
910435,183509
91045,210365
91045,172223
91045,1052450
91045,341749
910476,1114811
910476,693550
910486,465608
910495,193419
910495,875887
910495,749482
910537,1025752
910537,290233
910607,845354
910613,329191
910613,546848
910613,813888
910613,404351
91065,490151
91065,472959
91065,33225
91065,1033388
910679,905564
910679,1048968
910679,769303
910679,122265
910679,870497
910693,719358
910693,663679
910703,376281
910703,50564
910703,377442
910703,1095233
910703,10143
910703,384201
910703,492448
910703,968770
910703,1005802
910723,554382
910723,71357
910723,879690
910723,592169
910723,843335
910723,881361
910723,610095
910723,370006
910723,141064
910723,559943
910723,551298
910723,17882
910723,438946
910723,1134246
91076,797886
91076,67499
91076,267123
910765,771352
910765,1150503
910765,546369
910765,384877
910765,166595
910786,639555
910910,453340
910913,480020
910927,67850
910927,437655
910927,162474
910927,1126364
910927,1057921
910949,355707
910949,743895
910949,846413
910984,174924
910984,983510
910984,957056
910984,609800
910984,493122
910984,1070515
910984,731667
910984,852601
910984,415656
910998,639555
910998,509793
911055,720403
911055,1013143
911068,969177
911071,852035
911071,387882
911071,1113539
911071,239083
911071,699982
911071,955467
911071,853945
911103,411243
911107,318960
911107,153093
91112,375937
91112,844385
911137,469743
911141,403709
911141,1110911
911141,27271
911141,955614
911214,463864
911237,651145
911254,311929
911256,772795
911301,36337
911321,935625
911321,257667
911321,903596
911386,461059
911386,975890
911386,827580
911386,1095113
911403,884911
911403,413067
911403,300353
911403,424459
911403,567178
911410,1089343
911454,252701
911454,629068
911454,1079085
911454,949951
911471,1108790
911471,950503
911474,860317
911474,649789
911474,44140
911474,813208
911474,360339
911474,764898
911474,964527
911569,1126364
911569,963395
911569,598076
911569,413397
911569,661652
911569,1057921
911569,627406
911569,453340
911569,526871
91158,105000
91158,923365
91158,118540
91158,1021899
91158,361398
91158,1057145
911595,810265
911595,1160671
911595,350098
911610,954460
911667,199541
911667,694570
911823,596863
911823,899687
911823,284787
911823,875802
911945,425458
911955,2781
911983,913722
911983,1116811
912022,813136
912022,840180
912022,586008
912022,843335
912110,845354
912174,222691
912262,366644
912286,473682
912300,957071
912362,800802
912362,43200
912414,45263
912414,719758
912414,996008
912423,960436
912423,1103503
912423,204814
912423,480034
912441,559943
912442,1077960
912442,943046
912442,295612
912442,812341
912442,581486
912442,870450
912442,772795
912442,183806
912442,1072436
912442,247682
912442,629403
912442,630907
912442,998076
912442,788410
912442,768327
912506,451848
91253,762374
912619,693169
912619,778370
912642,647627
912642,1166298
912642,662179
912642,682365
912642,488605
912642,414632
912642,1073572
912642,1042069
912642,938751
912642,265314
912642,749639
912642,222814
912710,668503
912719,70253
912719,300252
912719,1017710
912719,225058
912719,353259
912778,1060876
912778,16816
912778,458883
91284,700661
912843,814556
912843,912843
912843,1165963
912843,982989
912853,834392
912853,911960
912853,10989
912853,430273
912853,290634
912853,639493
912853,463008
912853,623151
912853,865735
912853,1135674
912882,693875
912882,627196
912938,853421
912938,640006
912971,401677
912971,623868
912985,369406
912985,272326
912998,95099
912998,339892
912999,1058932
912999,833444
912999,95099
912999,7203
912999,389395
912999,82497
912999,879246
912999,101711
912999,29460
913028,1091124
913028,778267
913028,848909
913028,114079
913028,1155750
913028,146922
913052,375112
913052,37216
913067,309086
913106,1002106
913106,800585
913138,850113
913179,1055997
913179,1049711
913179,308017
913179,786492
913201,1047719
913201,41191
913201,349574
913202,152379
913202,629586
913202,1149283
913228,223979
913228,1071990
913269,905653
913269,142811
913290,207552
913290,159996
913293,287071
913293,591556
913293,143168
913293,755757
913293,642336
913293,1123388
913293,643923
913293,90786
913394,806800
913408,926226
913429,1037862
913456,310392
913471,664312
913471,1093877
913471,389015
913471,716805
913471,970802
913471,1032052
913507,1042381
913507,1009682
913534,1163193
913537,1056228
913537,376483
913537,13166
913537,913537
913537,207430
913646,387190
913646,465493
913646,775471
913717,1126894
913717,668503
913717,515816
913722,1116811
913722,911983
913746,1076079
913851,949975
913867,47783
913867,838985
913867,10143
913867,716845
913867,591901
913867,1070515
913867,237567
913867,1063050
913942,219568
913942,278696
913942,619200
913942,953579
913942,908417
913952,786918
913952,976522
913952,409011
913952,738472
913952,716007
913964,730015
914005,78122
914080,510756
914080,916092
914201,346553
914227,59498
914229,927689
914229,269143
914229,112292
914229,711046
914229,77920
914229,521245
914338,73905
914338,893577
914338,1050973
914338,78851
914338,374699
914338,596541
914338,365273
914338,606894
91436,477781
91436,626189
914407,13166
914407,787139
914407,376483
914407,216425
914407,378522
914407,98297
914407,1132502
914407,825985
914417,231020
914502,369718
914527,1079730
914537,765457
914537,597014
914537,472948
914537,334619
914537,571905
914549,775122
914590,1039414
914590,386402
914590,133495
914590,206001
914590,778190
914590,868840
914590,671272
914590,654639
914590,862813
914594,833088
914594,42645
914594,27781
914594,553778
914594,1062222
914594,268914
914594,386402
914594,290662
91469,50952
91469,117446
91469,677957
91469,441026
914690,255189
914693,586821
914693,559432
914712,826323
914712,539533
914712,600078
914712,101711
914712,852717
914766,1141266
914811,421430
914847,114881
914847,323611
914965,671272
914965,226611
914965,771909
914965,1087424
914965,1112044
914982,112432
914982,994611
914989,385059
914990,363095
915054,759792
915054,559029
915076,63047
915076,498258
915076,809465
915076,813386
915306,49658
91534,130906
915357,674814
91547,212390
915476,186942
91551,96375
91551,1098666
915520,915520
915520,994496
915568,559943
915628,915628
915742,983358
915742,526435
915745,843335
915746,495215
915746,864400
91576,657376
91576,468404
91576,361455
91576,517498
915767,236504
915774,1073449
915774,479851
915774,612716
915780,853283
915780,762374
915782,493122
915782,910984
915813,924664
915869,228454
915917,558946
915968,770331
91601,914234
91601,64442
91601,407249
91601,257336
91601,46545
91601,671272
91601,224973
916077,719653
916077,113407
916077,1166930
916077,619426
916077,884911
916077,609002
916077,353332
916092,683124
916092,429562
916092,916092
916092,559943
916184,1037054
916184,993661
916184,477643
916238,57197
916238,552995
916238,649574
916243,790812
916243,107628
916256,1013623
916256,28521
916459,312518
916459,1061310
916468,301695
916545,174832
916545,1144886
916553,89447
916553,369826
916553,794198
916583,129094
916603,775527
916603,632285
916603,410843
916697,750108
916697,459174
916697,549728
916697,668368
916697,685545
916697,169093
916697,780088
91672,1093877
91672,295734
91672,233428
91672,856897
91672,204645
91672,829854
91672,501770
91672,671025
916727,720588
916730,735167
916775,493782
916775,1082418
916775,46793
916775,1031538
916775,224388
916775,661652
916775,517758
916783,1056030
916783,300376
91685,338554
91685,37907
91685,757135
91685,1101585
91685,604788
91685,1139891
91685,494497
91685,347047
91685,1094492
91685,1149219
91685,902973
91685,95405
91685,460573
916868,415656
916868,1119796
916868,87831
916868,659242
916868,170178
916871,465608
916892,159872
916926,833934
916926,644040
916979,48599
916979,677142
916979,587687
916979,775108
916979,521676
916979,1040078
916990,299316
916990,1134781
916990,187827
916990,1073209
916990,855817
916990,966898
916990,781532
916990,371350
916990,848542
916990,306031
916990,204249
916990,114983
916990,650874
916990,168402
916990,1052392
916996,64531
916996,721674
916996,28883
916996,464580
916996,909163
916996,638226
916996,1104341
916996,792590
916996,204645
916996,129073
916996,962747
916996,183761
916996,807779
916996,890259
916996,580037
916996,338575
916996,59729
916996,4818
916996,114218
916996,534224
916996,662489
916996,547869
916996,511833
916996,386776
916996,536600
916996,47575
916996,775108
916996,810629
916996,843335
916996,82678
916996,446030
917052,202154
917063,125053
917063,816846
917063,827193
917063,763852
917080,561684
917084,477272
917270,322266
917270,338980
917270,807085
917270,1151548
917320,598449
917320,844385
917320,305092
917320,1071629
917320,1073209
917320,1162420
91734,97401
91734,363283
917550,764153
917683,578701
917683,1139065
917683,509968
917683,929510
917727,974221
917727,793464
917733,572545
917733,720345
917759,970151
917763,772881
917763,398935
917861,660276
917861,570911
917861,550739
917861,497933
917861,168402
917861,386402
917861,576835
917861,317635
917861,443558
91793,43200
91793,967739
917957,953579
917959,924303
917962,290017
917962,818062
918017,457184
918017,268856
918017,94196
918043,1043456
918055,335708
918059,883207
918059,735599
918059,769553
918059,553778
918143,16265
918143,375313
918149,282731
918154,377442
918154,792590
918154,1082884
918154,179648
918154,490676
918154,697697
918154,120691
918154,884911
918154,1118769
91818,1011521
918190,1065810
9183,638924
9183,1140768
918355,422280
918414,608753
918414,1080383
918471,665742
918471,781594
918511,239083
918555,277432
918555,194086
918555,847352
918564,719466
918579,486093
918579,566648
918579,1118769
918596,803721
918596,1095233
918596,403612
918596,21568
918596,685545
918596,165651
918596,626694
918630,806800
918637,221759
918663,792590
918716,1103055
918716,361455
918754,546646
918755,828025
918818,62246
918846,642205
918846,114983
918846,443799
918846,885102
918846,382884
918846,404486
918846,81474
91889,777356
918900,807085
918941,121835
918941,1027050
918970,165317
918970,193761
918970,136208
919014,79326
919042,165647
919042,655915
919042,293900
919042,42645
919044,740289
919044,988002
919044,932063
919044,165647
919044,34476
919044,1150137
919045,248481
919045,605588
919045,848909
919045,297186
919045,737774
919045,549182
919045,778267
919045,333797
919045,559943
919045,843335
919045,803946
919098,871046
919127,496416
919136,842911
919136,852485
919136,976956
919158,759428
919254,334979
919267,1155077
919267,826283
919269,1164856
919269,596380
919296,338554
919296,640105
919296,337100
919296,1149219
919367,389745
919367,1114807
919367,292833
919367,853194
919367,615925
919367,547381
919367,1135613
919412,1031538
919470,551298
919470,841907
919494,1118769
919530,162823
919530,78742
919530,1056207
919625,56973
919625,17301
919625,479851
919625,760377
919625,830433
919625,435670
919625,834652
919715,1040441
919715,647916
919715,582417
919716,102272
919747,448646
919747,558181
919747,100510
919747,954460
919848,949678
919848,494548
919848,506347
919848,908263
919848,709983
919851,345348
919851,68985
919851,478977
919888,301370
919888,305175
919930,601430
919930,161104
919930,659242
919930,599307
919930,932654
919952,549301
919952,703349
919954,736004
919954,550645
919966,286678
919966,465608
919966,626653
919967,811128
919967,751632
919967,145447
919967,1162339
919967,291614
919967,571882
919967,214801
919967,351151
919967,227972
919967,223864
91997,831683
919999,302857
919999,1090020
919999,339191
919999,247172
919999,1085967
919999,937639
919999,835005
920057,1106662
920057,515361
920082,479851
920082,48087
920082,848909
920082,852319
92010,933560
92010,136231
920119,215696
920119,175659
920119,84651
920119,70406
920119,452110
920119,129309
920119,1060236
920152,204645
920152,13281
920152,843335
920263,1035855
920288,551281
92029,259998
92029,15869
92029,647703
92029,764084
92031,564549
92031,784820
920361,411514
920397,136203
920397,585716
920397,679370
920430,1149506
920430,995215
920509,508640
920561,759882
920561,1107900
920633,639215
920633,1031810
920633,831042
920633,1045116
920633,964343
920633,763367
920633,698249
920633,960278
920633,488099
920633,843335
920633,683124
920694,640463
920694,1021543
920694,159764
920694,758230
920699,527102
920699,814873
920706,527501
920706,531333
920706,119538
920706,940392
920706,435435
920706,190273
920706,153387
920706,1151613
920770,601735
920770,1031322
920783,870556
920783,639555
920783,209831
920783,509793
920783,1147617
920791,856271
920791,60201
920799,1016615
920799,879300
920799,852717
920799,911330
920885,610418
920885,80530
920885,977719
920885,308544
920885,559943
920885,519270
920885,782130
920885,870765
920949,444881
920949,925034
920949,163533
920949,873111
920949,107480
920949,329191
920949,1151969
920949,858994
920949,763686
920949,1061699
92095,486093
920963,1142251
920963,555253
920963,879300
920963,911330
920968,1066786
920968,455803
920968,27025
920968,308026
920968,267586
920968,893562
920968,1008853
920968,531552
920968,463422
920968,414315
920968,676526
920968,711842
920997,181564
920997,232630
920997,692333
920997,280959
921021,1084064
921021,1076079
921021,588431
921021,652464
92103,312564
92103,197653
921030,169093
921030,351083
921059,1113539
921059,465953
921059,216223
92113,410016
92113,409011
92113,299316
92113,976522
921158,764335
921158,1162170
921158,98997
921158,822501
921171,1072492
921171,967479
921171,1062222
921176,1100121
921176,1073938
921189,429643
921189,701174
921189,430632
921189,80058
921293,509793
921293,639555
921293,751904
921356,207552
921421,631807
921432,1161161
921560,929986
921560,64897
921580,643201
921580,425441
921608,223264
921608,620674
921608,938489
921608,635701
921608,1017717
921608,77069
921608,719758
921608,1106643
921608,975890
921608,664680
921608,1009645
921608,832195
921608,843335
92162,983657
92167,386402
921694,937438
921694,1094973
921825,320081
921825,844385
921841,249096
921841,596432
921993,699241
921993,543682
922002,564305
922002,386338
922040,646195
922040,932409
922040,1112017
922040,1103415
922040,98672
922124,809141
922124,439191
922128,420921
922128,276361
922128,81474
922128,226557
922144,168402
922179,264148
922179,683473
922179,1017699
922179,2765
922182,592845
922182,467539
922182,869468
922207,1016451
922207,255566
922207,248953
922233,743156
922233,881021
922233,63558
922272,407132
922293,581106
9223,475764
922341,278295
922383,702508
922389,575444
922389,804943
922389,598940
922389,377449
922446,96375
922446,340566
922446,327561
922532,168402
922532,414148
922532,1000038
922544,1133106
922544,803668
922544,1162982
922544,633097
922544,832328
922544,559943
922582,1092420
922582,1060236
922589,361455
922589,641363
922589,1082418
922589,403776
922589,981311
922652,1046235
922652,1064671
922677,870552
922706,1064004
922765,871368
922769,277503
922769,1160526
922769,560085
922816,27807
92282,453340
92282,178663
92282,396988
922862,921608
922862,388960
922862,134694
922862,1072577
922862,688036
922862,804845
922862,484791
922862,719758
922862,897168
922862,959246
922862,307035
922862,706037
922862,864041
922862,483138
922862,277432
922862,369283
922862,996008
922862,577657
922862,534035
922862,734817
922862,683619
922874,678279
922874,691305
922874,1167160
922874,974348
922874,1075593
922874,879153
922874,237540
922874,104333
922874,646576
922874,192150
922874,909773
922880,1118769
922880,668368
922883,864154
922883,257139
922883,1068757
922883,33728
922883,720785
922883,609002
922897,123773
922897,1125923
922897,847352
922899,336940
922899,1025260
922899,44978
922899,894761
922899,972176
922981,531367
922981,426337
922988,785939
923045,668368
923045,581794
923156,1093431
923233,547638
923233,768327
923233,612063
923233,227821
923266,1118769
923296,1131607
923321,369922
923321,559943
923321,99670
923326,457928
923333,772795
923365,1057145
923365,361398
923365,1021899
923365,948375
923365,91158
923365,105000
923441,995927
923468,663243
923468,187262
923468,1090020
92355,760377
923559,960616
923559,762374
923568,657590
923582,130089
923637,1050201
923637,806234
923637,902973
923637,757135
923637,337100
923637,653512
923637,1149219
923637,1139891
92365,907499
92365,213255
92365,8850
923660,139830
923660,1114375
923660,657126
923660,394441
923688,897168
92378,1019233
92378,942763
92378,256648
92378,444231
92378,870765
92378,712698
92378,454350
92378,683124
92378,792590
92378,585387
92378,261506
92378,316702
92378,415333
92378,843335
92378,380040
92378,848909
92378,679676
92378,630825
923783,1132844
923783,386827
923783,722954
923799,685013
923799,642205
923799,583822
923805,82497
923805,879246
923805,647703
923805,614123
923805,29460
923810,616104
923810,185627
923810,626989
923839,559943
923839,638924
923839,205684
923839,1066078
923839,1140768
923839,535432
923850,1025071
923850,204814
923850,960436
923870,435333
923935,276770
923952,832837
924036,183327
924036,468064
924036,126854
92405,907042
924051,497552
924098,987753
924098,386827
924098,94816
9241,320693
9241,771352
924185,36337
924185,446545
924192,985482
924230,691220
924244,415656
9243,847881
9243,378488
9243,1090020
9243,1001325
9243,1064432
9243,805441
9243,943849
9243,400161
9243,734157
9243,206928
9243,1033173
9243,771352
9243,695138
9243,60478
924418,707683
924426,126854
924426,701174
924426,374563
924426,472208
924426,892536
924426,1049698
924426,1060562
924491,623868
924491,669683
924491,339379
924491,560882
924506,260971
924506,763599
924506,195858
924506,21886
924506,635173
924506,415015
924506,421430
924572,953579
924649,280401
924664,627838
924664,390433
924726,1085162
924775,855798
924784,271870
924784,683124
924784,280192
924784,692333
924789,107587
924795,488194
924797,163158
924797,874045
924797,916996
924922,707836
924922,604098
924922,693828
924929,1136549
924929,930911
924929,532279
924929,499003
924929,143168
924929,762908
924953,667297
924953,119498
924981,634247
925024,727645
925024,408736
925024,677221
925034,410843
925034,920949
925034,100178
925034,396155
925034,404351
925199,1061770
925199,778288
925199,331184
925208,959546
925246,1081058
925246,541536
925246,543655
92529,426803
925384,100457
925394,740871
925394,952082
925431,525814
925458,774218
925458,1140036
925458,893825
925458,892110
925464,397476
925497,875887
925502,162580
925505,859940
925505,559943
925505,186911
925505,543499
925505,443144
925511,202585
925511,806515
925542,527501
925542,519629
925542,702555
925544,350542
925564,981396
925564,557486
925564,769203
925576,296001
925576,1068547
925576,672896
925588,468729
925588,841724
925588,957959
925676,77281
925676,521935
925681,706434
925681,627878
925681,338980
925681,155017
925681,464760
925681,1151548
925681,965260
925681,322266
925878,376506
925878,941322
925878,1066043
925878,249665
925878,1054758
925878,833934
925920,351406
925920,588425
926035,574392
926035,756264
926035,20260
926058,1089176
926058,1136943
926058,474218
926058,1122475
926064,1053400
926164,155017
926164,322266
926164,506839
926169,247172
926169,1090020
92620,1052513
92620,531413
926211,586852
926226,204814
926259,479851
926329,693750
926349,746984
926359,196474
926394,693828
926394,1016615
926394,1149283
926394,604828
926394,517553
926394,197247
926394,216297
926394,1165523
926394,1089707
926394,448646
926394,721174
926394,329402
926401,788690
926408,425132
926408,970739
926408,93895
926408,526047
926410,189789
926410,1134235
926410,683124
926410,1026736
926410,559943
926410,280344
926410,386776
926410,723649
926410,638924
926410,937884
926464,723649
926464,1100346
92650,605516
92650,1118769
926555,534469
926555,1118821
926558,257139
926587,379664
926651,530092
926651,708039
926661,531413
926661,1115765
926661,486093
926663,236178
926663,713712
926671,820592
926695,623970
926746,1058089
926878,188215
926878,857791
926934,529253
92698,900530
927001,114333
92702,672522
92702,75583
927070,536449
927148,973522
927181,1088082
927181,37907
927181,745790
927181,379567
927226,33515
927247,186642
927247,383913
927264,128997
927264,835071
927264,165264
927264,1029265
927274,8678
927287,701174
927287,531413
927333,878788
927333,93723
927333,698937
927427,708386
92743,745703
927440,29460
927440,95099
927440,389395
927581,611566
927603,724812
927603,762374
927741,1135139
92780,590674
92780,706181
92780,360207
92780,349574
92780,388422
92780,878639
92780,155638
92780,1047719
927823,1070515
927823,1152210
927844,553260
927844,759765
927881,1006812
927881,681330
927881,848909
927884,489843
927888,40482
927888,375373
927888,141620
927888,876641
927898,724248
927898,490610
927898,801013
927898,210866
927898,243054
927998,372532
928017,722474
928019,168402
928019,779492
928019,204249
928019,777533
928019,855817
928020,551602
928044,762374
928044,340061
928044,983019
928044,2256
928044,821854
928044,772795
928044,1028762
928044,647671
928044,380304
928052,389523
92819,46923
92819,549182
92819,843335
92819,327580
92819,386827
928237,355265
928245,1036769
928245,988002
928245,537337
928245,206644
928245,510313
928372,453359
928372,166799
928379,726832
928412,807095
928459,77544
928459,528177
928459,1005176
928498,845354
928498,71567
928605,976522
928605,955614
928605,1135613
928605,852035
928605,667900
928605,42645
928605,1062222
928605,551298
928605,274989
928605,547653
928639,661350
928639,22845
928639,852090
928639,528177
928639,853945
928639,604828
928669,584265
928673,7677
928817,560794
928817,206014
928817,699528
928907,817405
928907,620740
928907,647993
92891,558404
92891,937606
92891,1160623
92891,812341
92891,183806
92891,768327
92891,218182
92891,788410
92891,895028
928929,1096120
929077,694570
929098,485598
929098,101597
929098,711046
929098,849827
929098,1007999
929103,393870
929103,676861
929103,942802
929107,855267
929170,320351
929186,86003
929186,323945
929186,671007
929227,962042
929270,1114050
929270,659049
929270,543319
929270,852854
929270,277103
929270,1053400
929270,195421
929270,441906
929270,714956
929270,676165
929270,86045
929270,775148
929275,248061
929294,476320
929294,1014230
929315,254255
929367,843335
929367,456002
929367,380040
929368,929368
929397,395353
929397,476572
929397,702355
929397,809245
929397,113827
929397,374973
929397,95962
929397,469506
929397,327740
929508,334509
929508,306499
929508,1108515
929510,775268
929510,549182
929510,115074
929510,1033388
929510,1047183
929510,204645
929510,378380
929510,917683
929510,22845
929510,741096
929510,341556
929510,1065232
929510,871334
929510,903347
929510,554382
92953,60494
92953,501560
92953,445162
929539,1047719
929586,312817
929586,233580
929613,228911
929660,484916
929660,865386
929701,277432
929725,929725
929725,897147
929725,1111746
929814,812341
929814,428463
929814,144765
929814,934782
929814,381475
929814,253068
929814,706504
929838,604248
929838,104268
929986,131053
929986,347688
929986,921560
929986,526871
930066,874745
930069,782613
930069,938599
930069,1017583
930069,1122138
930161,393951
930256,1075246
930268,399241
930268,229643
930278,454350
930278,59958
930278,4095
930278,1103959
930278,204397
930278,279245
930278,804872
930278,667756
930278,618601
930278,817051
930278,1012331
930284,962871
930284,267599
930289,723421
930289,942802
930289,283826
930289,370281
930289,408346
930289,981849
930289,1121309
930289,205490
930289,676271
930312,1016866
930312,181770
930312,777490
93032,810345
93032,676653
93032,1050054
930369,361391
930369,1153703
930369,164494
930369,357775
930369,417172
93037,43200
93037,967739
930395,662966
930395,744929
930395,1024577
930395,297441
930503,651613
930639,758999
930647,657599
930723,996691
930723,529471
930723,1054121
930723,150366
930723,154599
930728,963941
930728,386827
930728,94816
930728,414419
930780,650006
930780,89540
930827,609002
930868,582525
930868,102828
930868,823032
930868,791494
930868,312408
930868,831179
93087,798275
93087,786492
930911,296684
930911,1136549
930911,907370
930911,1041363
930911,1086395
930911,342785
930984,607876
930984,1150361
930984,610418
930984,1110904
930984,352600
930984,290017
931002,942225
931002,182217
931065,4306
931105,129386
931105,207074
931105,805678
931105,962957
931105,258287
931135,63180
931158,368658
931158,202394
931181,766948
931181,96152
931181,145908
931186,936647
931186,386605
931205,512604
931226,937884
931226,12743
931226,848587
931226,1054616
931226,443108
931226,352991
931276,1132502
931276,1054196
931294,189150
931294,181339
931294,81566
931346,178163
931346,603827
931346,676965
931346,871548
931395,761031
931395,361455
931489,302926
931489,1056390
931489,665106
931489,566452
931489,976522
931489,384780
931489,247261
931489,860965
931489,907094
931489,386402
931489,256876
931489,611921
931489,759765
931489,558867
931489,370139
931489,580400
931489,506361
931489,992527
931489,801134
931489,944185
93150,164287
93150,40518
93154,1081159
93154,271863
93154,524374
93154,695365
93154,95940
931544,1103415
93161,982139
93161,215653
93161,998946
93161,973080
93161,1067369
931681,1103455
931681,691221
931681,699706
931681,1138804
931681,830747
931681,522354
93169,374664
93169,901636
93169,531413
93169,1096557
93169,265522
931756,479167
931756,584704
931764,693296
931764,730838
931764,9243
931764,903314
931764,901961
931764,808492
931764,1033173
931764,762798
931764,734157
931764,743201
93178,930278
93178,59958
93178,455740
93178,1153757
931820,216345
931820,957571
931820,388960
931820,1163563
931820,438162
931820,772255
931864,894658
931918,703654
931918,31954
932032,306344
932053,944834
932083,813379
932083,51947
932083,390308
932109,895418
932109,634355
932110,577778
932110,1151860
932110,544378
932202,935378
932253,206664
932253,304389
932253,137719
932253,1136718
932268,417172
932277,855633
93229,730928
93229,62512
93229,878788
93229,642205
932292,928817
932314,604828
932314,304843
932314,943967
932314,318413
932381,175979
932381,1093927
932381,627196
932409,639972
932409,827193
932409,922040
932409,1019279
932409,563004
932409,400473
932424,313323
932424,976302
932424,69748
932424,246465
932497,837280
932497,847352
932540,260333
932540,758601
932540,843335
932540,290017
932540,775386
932540,771352
932540,204645
932540,617496
932540,630825
932540,559943
932581,770102
932581,711046
932581,827580
932581,576575
932581,633605
932581,1122454
932581,633933
932581,945882
932581,576091
932581,68035
932581,734157
932581,266534
932581,847881
932623,310392
932623,232132
932623,668368
932623,614291
932631,960616
932631,337859
932676,629306
93269,61061
932696,109658
932696,554538
932696,854236
932763,773668
932763,528177
932763,771352
932763,726268
932763,693057
932763,1011282
932763,390308
932763,438946
932763,186911
932763,578824
932763,879690
932763,164287
932763,1161613
932763,871212
932763,1008920
932763,290017
932763,386827
932763,610095
932839,736714
932839,362142
932909,859651
932946,333518
932946,1045119
932946,1018316
932956,1031538
932956,824964
932956,870765
932971,910607
932971,550982
932971,845354
933041,678699
933051,40754
933060,245716
933110,856292
933111,1159372
933141,130906
933141,232132
933141,371913
933141,17664
933141,685545
933162,1087917
933224,572678
933224,138789
933224,1068169
933224,349941
933224,558636
933263,1084784
933263,363471
933263,827149
933292,376528
933330,480445
933330,32083
933330,1059484
933330,509853
933330,148491
933375,165328
933375,82161
933420,927440
933420,29460
933420,95099
933445,473355
933445,507932
933469,732867
933469,648855
933469,468404
933501,42645
933501,531413
933501,704801
933501,442068
933501,484797
933501,1094217
933501,103032
933516,1126364
933516,880727
933540,178163
933560,361391
933560,357775
933560,159768
933560,385407
933560,644464
933560,164494
933560,136231
933572,832195
933572,207880
93363,597614
933643,392937
933658,845935
933661,774218
933661,83795
933661,302454
933661,921171
933661,250223
933680,888360
933695,999599
933776,930278
933776,52255
933776,204397
93379,1052169
93379,481579
933810,393685
933810,537880
933810,510856
933810,368642
933844,920082
933844,373520
933844,919045
933844,693057
933844,554382
933844,48087
933844,298621
933844,398989
933844,479851
933844,483914
933844,1158559
933844,843335
934041,1099128
934041,1103055
934045,253885
93409,585739
93409,771909
93409,1112044
934094,81474
934094,632458
934098,803946
934098,521271
934098,1002956
934098,694570
934142,691221
934142,934439
934142,531602
934142,663199
934144,1035142
934144,1026304
934144,1057226
934144,537656
934144,1027069
934144,585248
934144,426647
93415,310386
93415,693828
93415,295586
93415,448646
93415,517553
934263,326065
934265,154415
934304,721308
934344,688948
934383,798796
934383,995759
934508,516081
934513,761492
934515,165328
934515,1075460
934515,82161
934535,646576
934535,408346
934570,427996
934570,827139
934570,920882
934570,100097
934581,813634
934581,28139
934581,408390
934581,12182
934581,1095311
934739,305108
934782,362850
934809,936385
934827,542735
934834,981659
934834,981810
934834,122000
934882,24773
934889,496503
934916,193641
934916,328082
935030,155861
935030,1020285
935030,1131051
935030,35495
935030,419034
935030,592169
935030,609002
935030,598076
935030,701843
935039,429584
935043,855030
935189,592674
935207,371040
935207,1700
9353,642205
9353,919044
9353,627406
93531,758123
935328,1111891
935328,500149
935328,764742
935328,576866
935378,922899
935378,529253
935380,1103415
935419,166595
935419,317912
935450,81471
935450,453169
935450,1036828
935460,677664
935460,488244
935460,697206
935460,1118769
93548,532260
93548,1141266
935503,629862
935503,770982
935538,820684
935538,48044
935538,986240
935625,911321
935629,792590
935629,1114846
935629,554382
935629,800922
935629,43636
935629,843335
93563,1125612
93563,695091
93563,960278
93563,843335
93563,69676
93563,495696
93563,421724
93563,759775
93563,989753
935811,912442
93585,262850
93585,893259
93585,241452
935972,26979
936022,1013579
936022,391575
936022,384560
936037,214714
936037,431505
936037,711842
936037,197653
936037,465644
936037,493034
936058,799295
936058,662338
936058,1132461
936074,1030998
936074,581106
936074,962058
936086,74790
936086,730791
936086,257990
936119,415656
936119,780037
936119,598790
936119,386596
936119,714638
936119,1079660
936119,747987
936119,659242
936119,601430
936119,151444
936119,928605
936119,1101859
936119,957056
936119,528844
936119,428271
936119,446228
936136,382326
936295,892525
936295,599553
936295,1014164
936296,831124
936296,1158948
936299,448215
936299,423333
936299,648532
936328,1024499
936346,338575
936346,365347
936346,204814
936346,64531
936346,95553
936346,433139
936346,577778
936382,843335
936385,934809
936385,174567
936389,1082098
93641,719634
93641,241965
936419,386402
936419,49678
936419,577982
936437,449283
936437,643976
936444,1020959
936444,773356
936444,764084
936444,400550
936444,1071636
936482,962058
936482,559943
936490,959092
936526,374757
936526,1091949
936575,1052034
936575,647671
936647,1094217
936647,386605
936647,875887
936647,931186
936668,721455
936668,958697
936668,312691
936668,155017
936689,328634
936689,549521
936733,70406
936733,500290
936733,328823
936733,1060236
936733,176049
936806,466412
936806,681669
936806,236864
936806,786492
936806,114983
936806,712726
936806,916990
936806,911071
936806,697172
936806,195163
936806,101442
936806,311722
936806,306031
936806,833545
936806,471080
936806,165082
936806,204249
936806,282410
936806,139672
936806,885102
936806,953579
936806,168402
936806,1052392
936806,1134781
936806,268914
936806,102228
936806,729255
936806,1062222
936806,187827
936823,1042601
936823,330828
936823,962058
936823,972103
936823,871368
936823,1011222
936823,700511
936823,843335
936823,792590
936868,981778
936868,345458
936885,70663
936885,639972
936885,581828
936885,1103415
936897,206644
93692,747377
937030,70253
937030,1017710
937030,300252
937048,1031322
937124,224702
937124,441212
937182,95124
937182,842469
937182,986209
937182,685545
937182,1095233
937182,1137328
937184,128807
937184,522474
937184,297477
937184,237540
937184,294295
937184,274374
937184,909773
937184,995141
937233,823006
937246,1038608
937246,525672
937274,310184
937274,857588
937274,204017
937274,1120952
937281,843335
937281,907042
937281,1115281
937281,554382
937281,876886
937281,559943
937281,773668
937281,296840
93730,34776
93730,354915
93730,359629
93730,1121817
93730,312408
93730,1085334
937322,526871
937322,152068
937355,893925
937369,1011854
937369,79440
937392,411516
937392,836786
937392,257423
937438,1094973
937438,284210
937438,533071
937438,522869
937438,545867
937442,290017
937442,1079759
937442,903347
937442,1161613
937442,693828
937442,1148828
937448,312408
937448,812697
937571,140930
937571,49126
937571,981345
937571,656853
937571,658396
937606,1085162
937606,827580
937606,696010
937639,339191
937639,604828
937639,854416
937639,83795
937639,919999
937639,95099
937639,835005
937639,302857
937727,936119
937727,879690
937727,697972
937727,780037
937727,610095
937727,1033173
937727,943876
937753,386059
937753,691201
937753,875887
937753,229690
937769,953579
937827,854796
937827,977983
937846,1099128
937846,565049
937846,313661
937884,352991
937884,843335
937884,931226
937884,871566
937884,1137250
937884,1054616
937884,870712
937884,12743
937884,848587
937884,1112153
937884,378480
937884,1122385
937884,443108
937930,699706
937930,290368
937930,121030
937930,830747
937952,1076418
938009,491639
938057,224221
938089,150710
938089,114218
938090,1025136
938090,610856
938090,10143
938090,346627
938090,544596
938090,529405
938090,256876
938090,235943
938090,547869
938181,129262
93837,845354
938373,74771
938373,290017
938375,102745
938375,578629
938375,943073
938462,975890
938481,1144557
938481,493782
938481,386870
938481,204645
938481,37907
938481,549182
938481,435435
938481,33605
938481,216297
938481,530107
938481,771352
938481,89540
938481,630486
938481,803946
938481,195858
938481,118189
938481,848909
938481,884911
938481,554382
938481,456422
938487,1050276
938487,522474
938487,1106747
938487,831837
938487,826283
938487,942802
938487,777028
938487,1042449
938487,449278
938487,909773
938489,183007
938489,69319
938489,1149453
93853,920968
93853,465644
93853,309190
93853,777685
93853,560290
93853,346524
938541,495215
938541,1064820
938541,488393
938541,101975
938573,1167066
938573,1156759
938573,847352
938599,736714
938599,41747
938599,380673
938599,1062178
938599,1073209
938599,250832
938599,451830
938599,168402
938599,48843
938599,836941
938599,766464
938599,534891
938599,246458
938599,853945
938599,821505
938599,239088
938599,782613
938599,583827
938599,810790
938599,560528
938599,427733
938599,816540
938599,292579
938599,202327
938599,1122138
938599,646238
938599,1033230
938599,989993
938599,190457
938599,979649
938599,386402
938599,117443
938599,146884
938599,689047
938599,1154700
938599,625997
938599,497825
938599,890713
938599,577982
938599,463258
938599,1101536
938599,804252
938599,204249
938751,222814
938819,1090020
938819,5824
938819,247172
938821,957822
938824,195858
938824,642205
938824,527102
938824,942372
938824,456203
938824,1062199
938824,964699
938824,269923
938824,58537
938824,70897
938824,581274
938824,630310
938824,519093
938824,602853
938824,827580
938824,250559
938824,505529
938824,627406
938824,159229
938824,1132695
938824,54278
938824,155861
938824,437497
938923,442465
938923,1001083
93895,1160273
93895,195343
93895,316702
93895,519270
93895,375447
93895,559943
93895,51351
93895,494296
93895,820169
93895,1103131
938959,742134
938959,856271
938959,266487
938959,617912
939113,677142
9393,1073209
9393,153828
939328,635835
939344,1026740
939344,774594
939393,453802
939393,825727
939439,651145
939470,1131051
939470,598076
939470,155861
939470,1043801
939489,132032
939493,523487
939493,643459
939647,333726
939647,1043013
93972,683124
93972,204645
93972,592169
93972,742391
93972,870765
93972,773668
93972,771352
93972,302051
93972,554382
939794,762374
939794,964247
939794,653332
939794,827580
939854,1156347
93987,434025
939898,421871
939898,168402
939898,128890
939945,1031322
939962,613547
939989,427049
939989,896499
939989,211965
939989,276770
940024,1087671
940024,448817
940042,826230
940079,1047965
940079,221759
940079,591191
940079,242813
940079,290662
940079,1036860
940079,455803
940114,942007
940114,912938
940114,121769
940114,431888
940114,358181
940114,771979
940114,1161613
940114,680210
940114,547869
940114,1156275
940114,221759
940134,490232
940156,536857
940156,770277
940171,280228
940171,868174
940171,861543
940171,559943
940175,853185
940175,108997
940175,593755
940175,676873
940226,479851
940226,192602
940226,1062222
940226,386827
940226,55765
940226,1096557
94024,1099934
94024,559943
94024,1044476
94024,867276
94024,290820
94024,465262
94024,558946
94024,777356
94024,857499
94024,207509
94026,42645
94026,48926
94026,699706
94026,220155
94026,968408
94026,1057929
94026,375312
940260,991227
940260,313791
940286,1021802
940351,5521
940351,943065
940380,973080
940392,726440
940392,190273
940392,920706
940392,54972
940392,527501
940392,435435
940392,448668
940455,1066350
940455,1091338
940455,842657
940520,495215
940520,1032550
940520,1000588
940580,445320
940580,500149
940703,813680
940703,44502
940703,38238
940703,353912
940746,1102028
940784,517758
940852,886730
940927,158890
940979,829854
940979,108875
940979,402541
940979,389015
940979,314834
940979,192145
94099,1531
94099,520281
9410,617784
941000,1023735
941000,528340
941029,1058281
94105,520870
94105,56873
94105,588446
94105,248758
94105,1061917
94105,257329
941064,51140
941114,940042
941138,378223
941165,1105220
941165,425955
941180,611534
941186,389711
941247,59498
941247,222699
941247,809358
941247,367495
941253,632891
941253,457454
941253,793108
941253,1037624
941253,1104008
941253,1071629
941322,1141653
941322,925878
941378,1019393
941378,1143387
941378,1164369
941394,228080
941452,95099
941452,883207
941452,959092
941452,786492
941452,521045
941452,1130276
941452,604828
941452,63010
941452,471271
941507,907499
941507,660162
941522,772438
941522,1034134
941534,1143861
941536,82475
941567,80530
941581,240350
941581,81699
941581,747690
941581,122265
941581,334720
941581,905564
941602,890620
941655,906050
941655,1033112
941655,866037
941658,676028
941658,151897
94169,604828
94169,1149283
941719,1019441
941719,643923
941719,883279
941719,299659
941719,1022550
94175,772795
94175,762374
94175,66155
94175,55997
94175,529648
941777,174805
941777,777239
941798,158929
94188,587775
94188,1044258
941891,941891
941933,364989
941995,758123
942007,312564
942007,469736
942007,940114
942007,570064
942007,626197
942007,242813
942007,843335
942007,179746
942007,874745
942007,680210
942007,221759
942007,1162755
942007,5769
942007,514505
942007,70788
942007,406355
942007,155417
942007,771979
942007,1003176
942007,485189
942007,712269
942007,325407
942007,1011211
942007,1118769
942007,207552
942007,1041435
942007,308026
942007,978387
942007,213546
942007,1011003
942007,661958
942007,408102
942033,847226
942033,836805
942033,150815
942033,489925
942033,782337
942033,204249
942033,566452
942033,944185
942033,660669
942033,232345
942033,1112044
942033,203220
942033,1087424
942033,942551
942033,588445
942033,386402
942033,843014
942033,942180
942094,369828
942094,528177
94210,1079562
94210,1071958
94210,702012
94210,103317
94210,240350
942161,452296
942180,176873
942180,942033
942180,48659
942180,695139
942180,566452
942180,386402
942180,150815
942186,821854
942190,592674
942225,182217
942225,931002
942263,479851
942263,386870
942263,290017
942263,15691
942263,1071629
942311,890259
942311,91685
942311,1139891
94234,787432
94234,600529
942372,938824
942372,809483
942408,1109175
942408,118189
942408,755854
942451,45769
942522,42645
942522,321308
942522,1062222
942551,386402
942551,194173
942551,1087424
94272,233422
94272,386776
942722,848587
942722,937884
942722,865924
942722,1048403
942763,290017
942763,903347
942763,386870
942763,709953
942774,823091
942774,567440
942774,1032883
942774,29460
942774,970969
942802,408346
942802,783387
942802,1121309
942802,526696
942802,370281
942802,437763
942802,365842
942802,709918
942802,676271
942802,1106747
942950,1147486
942950,1126948
942950,538607
942950,831124
942950,907344
94298,531413
94298,386870
94298,363151
942996,634126
943016,502802
943046,770386
943055,777135
943065,166647
943065,940351
943069,1023461
943069,840020
943092,620197
943092,1109430
943116,686753
943191,384560
943191,735075
943191,287243
943191,391575
943191,492312
943208,408381
943208,256709
943208,397918
943208,994364
943208,324874
943208,468370
943208,696450
943208,746984
943208,640021
943208,1002452
943242,544746
943242,845992
943242,466900
943242,930016
943256,316386
94332,421929
94333,790812
94333,904691
943412,149009
943451,100809
943451,728740
943451,554382
943451,1136878
943464,95099
943557,803668
943557,1131554
943557,1128431
943557,591032
943557,948883
943564,488124
943564,495341
943564,222620
943564,695091
943564,48625
943564,843335
943564,617496
943564,168402
943564,463895
943564,33605
943564,108424
943564,76718
943564,708422
943564,559943
943564,1005604
943564,777670
943564,1163786
943564,989753
943564,1129934
943564,273938
943564,599392
943564,723044
943564,137518
943564,1002584
94361,180097
943627,518885
943627,656427
943627,843335
943632,13164
943632,523511
943699,389809
943699,773158
943699,955332
943699,411779
943699,1026121
943699,962419
943699,127016
943699,477065
943699,210330
943699,482420
943699,689196
943699,456436
943699,206379
943699,689047
943699,299660
943699,72265
943699,282410
943711,604828
943735,612871
943793,884483
943793,486578
943793,423321
943793,559943
943793,504185
94381,612716
943815,471398
943815,511281
943815,695524
943815,831837
943815,522474
943815,713607
943815,826283
943849,318434
943849,1067626
943849,1033173
943849,100444
943876,110752
943876,128122
943876,243781
943876,28755
943876,1000371
943935,1005886
943935,479150
943935,458127
943947,857338
943947,933560
943947,9241
943947,1135836
943947,320693
943947,1007378
943947,891667
943947,997943
943947,277965
943960,1065730
943960,544170
943967,879246
943967,246370
943967,658381
943967,910326
943967,76700
943967,528177
943967,604828
943967,409941
943967,1056994
943967,1150054
943967,304843
943967,1016571
943967,372159
943967,459528
943967,293809
943967,1089707
943967,384846
943967,101711
944019,206379
944027,650215
944027,673308
944033,216407
944033,469017
944033,311995
944052,404228
944052,658014
944052,813634
9441,1026304
944185,150815
944185,1035974
944185,566452
944185,386402
944185,889585
944185,414148
944191,802788
944191,833934
944211,505635
944239,696929
944259,777356
944259,558946
944355,879246
944355,1016571
944357,1158207
944357,566452
944357,408965
944357,824969
944369,616323
944369,949517
944387,210866
944387,497866
944387,864268
944387,801013
944437,894000
944437,52779
944437,685541
944437,582466
944518,271270
944520,996008
944520,665908
944520,377436
944520,564595
944520,317061
944520,724272
944520,552998
944520,360740
944520,847352
94459,1006430
94459,1094456
944598,46545
944598,381502
944598,889010
944598,127042
944598,1031935
944718,798796
944751,270519
944751,155638
944751,642205
944751,405517
944751,998996
944751,165675
944751,533644
944751,151444
944818,423505
944818,353741
944818,283542
944830,873427
944834,636025
945107,567263
945107,562315
945107,51061
945107,996789
945107,484751
945144,129988
945144,306253
945144,968926
945162,604710
945188,21416
94523,601888
945254,894641
945260,814668
945260,475332
945260,958160
945260,1107233
94527,282575
94527,1076530
945277,349246
945289,454050
945325,897543
945339,401062
945339,504309
945339,457271
945339,1083017
945339,782549
945339,309936
945339,957275
945347,639694
945347,273178
945349,588446
94537,1047702
945408,550645
945408,135537
945408,792762
945408,1109160
945408,1032729
945417,168402
945467,706435
945467,1122816
945467,873442
945467,163533
945467,404351
945526,1136549
945526,843335
945526,152733
945526,240692
945526,90786
945526,643923
945526,399619
945526,690051
945526,906113
945526,271383
945526,316449
945532,778288
945536,1060236
945536,70406
945536,387100
945536,156648
945575,244655
945575,168402
945575,740699
945575,1103131
945575,452623
945575,375447
945575,508454
945575,290017
945575,67756
945575,1002435
945575,1210
945575,531413
945575,13751
945575,1161613
945575,121180
945575,40273
945577,843335
945588,531413
945594,151444
945635,1115259
945635,57224
945635,373694
945635,693539
945635,319080
945635,27781
945635,420274
945635,271544
945635,137847
945635,679966
945635,166647
945635,33932
945635,1062222
945635,174832
945635,721174
945635,367174
945733,635767
945733,657074
945740,269107
945801,244226
945801,355827
945801,526991
945801,439994
945801,497939
945801,559943
945801,1123425
945801,1091338
945801,330506
945801,362196
945801,577452
945801,550645
945801,1109160
94583,479851
94583,843335
94583,487457
94583,848909
94583,402684
94583,559943
94583,1096557
94583,661350
94583,1104353
94583,360229
94583,604828
94583,225136
94584,1156845
94584,897168
94584,146221
94584,549259
94584,290017
94584,293016
94584,1118839
94584,222908
945852,1031322
945852,992792
945882,490771
945882,68035
945882,110270
945882,932581
945899,88177
945936,837860
945936,471738
945936,837181
945964,847419
945988,355827
946033,559943
946033,779220
946090,754703
946090,438888
946090,264476
946090,797267
946092,1094587
946228,226075
946228,95099
946228,456647
946228,50341
946228,579715
946228,174109
946228,620911
946228,190578
946228,153619
94627,985659
94627,1131966
94627,161200
94627,1058281
94628,115779
946281,1159220
946281,577778
946281,710791
946281,365354
94629,216047
94629,790812
946291,581106
946291,564710
946291,1110832
946291,101464
946291,778288
946291,936074
946338,1083848
946338,132032
946338,720321
946384,357059
946384,492448
946384,736011
946425,33225
946425,610418
946425,329321
946425,71357
946443,605516
946561,1126894
946575,233465
946575,43200
946601,1057429
946609,479851
946654,765775
946654,1150316
946654,94728
946654,358569
946654,988915
946693,221080
946699,232836
946699,571409
946815,830433
946815,435670
94682,1115765
94682,58347
94682,1073209
94682,89966
94682,1153041
94682,641521
946847,973882
946847,1067497
946855,129815
946855,479851
946956,494412
946956,271270
946975,642205
946975,859372
946975,42645
946994,405279
946994,702316
947038,1095560
947038,473398
947038,47185
947038,484797
947038,135688
947085,1069385
947085,229515
947176,523511
947176,589243
947259,397577
947259,227821
947259,362815
947259,812341
94728,69932
94728,1102629
94728,370762
94728,554962
94728,1150316
94728,946654
94728,46545
94728,290017
947288,1152035
947288,1027569
947288,721174
947288,271544
947288,378223
947288,27781
947288,679966
947326,1152421
947326,81281
947326,522544
947436,400077
94744,679500
94744,970969
94744,651613
947528,1123835
947528,398186
947571,959316
947574,945347
947574,773930
94765,482570
947761,589828
947766,262260
947766,480445
947767,309816
947788,306102
947788,398718
947788,1095746
947788,980874
947977,1066481
947983,703922
947983,659740
947983,547291
947983,225791
947983,493819
947983,575444
948020,547128
948034,41191
948041,1147648
948041,833673
948041,635808
948096,608311
948096,290017
948096,234781
948096,603820
948096,442217
948096,1139315
948096,479851
948096,200368
948096,253023
948096,843335
948099,68985
948099,702383
948099,654405
948146,24539
94816,877141
94816,1092448
94816,73844
94816,503449
94816,651613
94816,879690
94816,479851
94816,1096557
94816,290017
94816,679966
94816,610095
94816,227887
94816,386870
94816,638805
94816,33605
94816,843335
94816,301173
94816,89540
94816,993661
94816,800922
94816,8850
94816,1163139
94816,1132844
94816,151444
94816,805092
94816,512600
94816,386827
94816,771352
94816,622309
94816,903347
94816,859940
94816,554382
948191,1017710
948191,70253
948191,300252
948198,70253
948198,300252
948198,1017710
948198,265549
94820,258367
94820,550982
948232,1011854
948232,168402
948232,270187
948232,853998
948254,909654
948254,1139928
948279,269626
948279,28521
948284,315587
948284,538508
948284,272326
948308,758353
948308,129750
948308,248061
948308,852035
948308,608407
948308,96375
948375,923365
948375,105000
948375,1057145
948400,891667
948433,187490
948433,457928
948433,973522
948491,155861
948545,402010
948545,323611
948545,907094
948545,1055071
948545,428196
948545,1166281
948545,834087
948582,659322
948582,58329
948582,346767
948582,537779
948582,729601
948582,674931
948582,1130650
948630,800633
948630,1058558
948636,906668
948636,432629
948657,859372
948666,798539
948671,940792
948671,332191
948671,696348
948671,27005
948671,125337
948671,96375
948671,313231
948691,786492
948709,57526
948768,379200
948768,15935
948768,222620
948768,373597
948768,612500
948768,994962
948768,19984
948768,1005176
948774,257296
948776,596578
948776,948776
948776,899853
948844,884799
948846,1002059
948846,758230
948883,1139344
948883,436316
948883,549259
948883,394620
948883,469755
948883,706586
948883,608753
94889,424866
94889,376368
94889,804585
94889,155861
94889,1080907
94889,364329
94889,809534
948898,860965
948898,282334
948898,436680
948898,64531
948898,1072048
948898,287422
948898,698421
948898,1010090
948898,762153
948898,370671
948898,457662
948898,640765
948898,750187
948898,338575
948898,833358
948898,957056
948898,756148
948898,106466
948898,578841
948898,767033
948898,1057259
948898,1010526
948898,589131
948898,274989
948898,287953
948898,628654
948898,220239
948898,1091651
948898,401819
948898,277216
948898,295812
948898,475271
948898,560319
948900,637544
948900,1163139
948910,938599
948910,577982
948939,493782
949058,1086501
949064,374347
949064,494537
949080,1030388
949088,59498
949088,49924
949148,1011676
949148,380673
949148,543412
949148,163336
949148,386402
949154,879579
949154,192145
949154,671025
949154,888326
949154,130759
949154,515108
949154,314834
949194,813634
949215,165667
949286,161300
949286,850581
949322,957725
949322,498937
949322,952158
949339,155861
949364,517553
949364,1165523
949364,1147686
949439,191114
949439,436643
949466,187827
949466,114983
949466,168402
949466,582463
949466,306031
949517,944369
949517,845919
949517,344834
949554,677221
949554,1125159
949554,581241
949554,130757
949554,685362
949554,651161
949554,165718
949554,727645
949554,408736
949554,349268
94956,322436
94956,444902
949567,321042
949604,139481
949604,142668
949678,709983
949678,184955
949678,998530
949678,718455
949680,960388
949680,239507
949680,416950
949696,695365
949696,312408
949696,1011282
949696,354915
94971,853194
94971,681017
94971,689047
94971,274989
94971,1098525
94971,662004
94971,1135613
94971,642140
94971,1156441
94971,959625
949783,711281
949812,1066481
949812,543996
949884,500149
949884,1111891
949884,576866
949884,286712
949884,935328
949884,794040
949941,591266
949941,29530
949941,109013
949941,1125612
949941,654177
949941,1027039
949941,526308
949975,304843
949975,913851
9500,998936
950008,33605
950008,554382
950079,500953
950079,903180
950079,212236
950079,521312
950162,510756
950162,731000
950251,794278
950251,627763
950269,846829
950380,77173
950380,190691
950429,1018337
950429,681254
950429,483571
950429,993342
950430,239083
950430,89540
950430,36337
950430,841016
950430,421454
950503,1210
950503,111561
950503,1058050
950503,911471
950503,85836
950503,95291
950503,398603
950550,42038
950557,547869
950557,256876
950557,782337
950557,544596
950557,234547
950557,370139
950557,604190
950557,557331
950725,1071636
950725,27781
950733,685545
950735,796832
950735,306499
950735,334509
950736,33605
950736,554382
950736,848909
950860,677142
950939,1082884
950939,1041215
950939,824670
950939,1118769
950939,122495
950939,478031
950939,1126894
950939,870765
950939,1073328
950939,1159220
950939,792590
950939,357059
950946,1047719
950946,41191
950946,167665
950973,836833
95099,81474
95099,912998
95099,7203
95099,16353
95099,29460
95099,360229
95099,339892
95099,528177
95099,970208
95099,793647
95099,1037100
95105,512259
95105,1098695
95106,932110
95106,338645
95106,361037
95106,560497
95106,38364
95106,577778
951155,376281
951204,836833
951226,238858
951226,770589
951226,995042
951226,802570
951226,629116
951226,161478
951226,490873
951226,664389
951226,595951
951226,215696
951226,385448
951226,70406
951226,1060236
951226,619174
951226,993076
951226,175659
951226,104439
951226,606894
95124,396
95124,937182
95124,1013405
95124,1095233
95129,845354
951296,662075
951296,885431
951509,597466
951509,368592
951584,1040021
951584,302857
95160,690381
951697,852441
951765,346296
951824,991644
951824,989885
952002,1083005
952019,10143
952021,253923
952082,925394
952082,1023705
952082,656918
952082,740871
952082,98297
952082,675771
952158,957725
952158,949322
952158,42352
952159,893675
952159,960278
952159,325782
952159,1124200
952170,900012
952170,76275
952170,63407
952170,1053820
952170,35500
952170,291232
952170,341917
952170,977719
952237,818062
952237,526016
952237,547706
952239,185683
952239,1120952
952239,682687
952239,1124707
952239,848763
952239,339728
952246,709527
952246,1096557
952246,1077688
952246,479851
952246,843335
952246,204645
952246,803946
952246,641572
952246,559943
952246,298621
952246,554382
9523,1143064
9523,44502
952346,714638
952346,779967
952366,1050922
952366,259042
952366,1096557
952366,30065
952366,866601
952366,19984
952366,810141
952366,74771
952366,599392
952366,386870
952366,595066
952366,770021
952366,771352
952366,1097340
952366,457232
952366,290017
952366,465316
952382,560561
952382,1130903
952382,1104990
952382,206316
952382,1138445
952382,662179
95245,1073209
95245,532110
95245,186782
95245,438652
95245,497636
95245,716843
95245,1161075
95245,866330
952458,479851
952458,118839
952458,960278
952458,1128400
952519,157615
952614,806515
952614,628248
952614,899645
952614,312393
95272,938487
95272,588789
95272,826283
95272,449278
95272,30983
95272,777028
95272,581601
95272,408346
952740,94816
952754,658625
952754,890259
952754,504972
952754,1107911
952754,788388
952754,830780
952754,250601
952766,607849
952825,435747
952825,263357
952825,397486
952825,826316
952825,685545
952846,565918
952846,1057921
952847,357775
952847,454350
952847,559943
95291,83795
95291,250223
95291,950503
952921,119936
952921,1149235
952972,559927
952972,642205
952972,988002
952972,220155
952972,386827
952972,615577
952976,36337
953113,859297
953113,17271
953113,383001
953113,193419
953113,372227
953113,640017
953113,138871
953113,386605
953119,930066
953119,620992
953119,762794
953119,874745
953191,35598
953265,16816
953265,114382
953265,626189
953278,219003
953278,731273
953278,634126
953278,358367
953278,536096
953278,995042
953278,490873
953278,70406
953278,606894
953278,770589
953278,258247
953300,586008
953300,813136
953356,650218
95344,211413
95344,1011222
95344,341451
95344,721495
95344,871368
95344,330828
95344,570631
95344,733030
953543,530107
953563,419549
953579,414148
953579,582463
953579,953579
953579,299316
953579,168402
953579,1112864
953579,855817
953579,199366
953579,386402
953579,204249
953579,777533
953579,885102
953579,897571
953579,905646
953579,490140
953579,28115
953579,306031
953618,192228
953618,476344
953654,764084
953654,1071636
953654,426769
953654,707479
953654,248878
953682,843335
95370,988002
95370,642205
953734,255730
953778,264639
953801,719812
953825,852717
953894,890259
953894,739633
95390,996176
95390,725842
953937,649555
954043,517257
954043,803861
954046,2048
954046,69589
954091,1062222
954119,346767
954119,909455
954119,1130650
954190,135688
954190,1095560
954221,517553
954221,649982
954221,528177
954221,1089707
954221,27781
954221,102895
954254,407691
954254,1157880
954254,829854
954254,265821
954257,660162
954289,260057
954289,803946
954289,793788
954289,370006
954289,554382
954318,780901
954318,548389
954318,540950
954395,656385
95445,693306
95445,796839
95445,186277
95445,887528
95445,852742
95445,309198
95445,721455
95445,958697
954460,1165523
954460,970969
954460,216297
954460,1149283
954460,448646
954460,693828
954460,1016615
954460,604828
954460,919747
954534,1082418
954593,828373
954593,312408
954593,843335
954606,566369
954687,989894
954687,926410
954687,386776
954687,871334
954687,409298
954690,753025
954690,681254
954690,83795
954690,818953
954725,770601
954725,924426
954725,171402
954823,1057077
954823,545200
954823,174534
954823,729601
954823,352855
954827,756832
954881,506688
954881,1158207
954881,764458
954881,802522
954881,351759
954881,596782
954881,390191
954883,29278
954883,1039627
954883,460896
954889,340061
954907,800802
954907,394690
954908,132804
95500,386003
955000,772795
955001,591888
955010,585347
955010,473355
955010,65
955010,909627
955027,36337
955226,507740
955332,622974
955332,72265
955332,497825
955332,169407
955332,569085
955332,359892
955332,168402
955332,739274
955332,282410
955332,114983
955332,707639
955332,268914
955332,58737
955332,510128
955332,1067647
955332,236864
955332,228676
955332,804686
955332,1033261
955332,119081
955332,210330
955332,1073209
955332,430088
955332,456436
955332,1078730
955332,582583
955332,359997
955332,1062222
955332,539057
955332,458523
955332,943699
955332,96375
955348,546530
955348,1136801
955348,543848
955375,637804
955375,680249
955375,128890
955375,1040437
955375,1064004
955375,591370
955404,1024784
955404,488605
955462,523222
955462,347283
955467,1113539
955467,541700
955467,81405
955467,490965
955467,239083
955467,911071
955467,883351
955521,60182
95553,475271
95553,775108
95553,64531
95553,1029404
95553,824685
95553,338575
955614,563388
955614,911141
955614,667900
955614,452050
955614,23705
955614,199094
955614,27271
955614,1110911
955614,928605
955614,976522
955614,27626
955614,382996
955614,359892
955614,274989
955614,1006354
955614,299660
955614,246819
955614,360551
955647,427431
955647,719634
955652,350083
955652,312408
955652,346282
955652,193583
955652,707836
955652,369922
955652,16353
955671,497552
955674,961348
955706,360740
955706,1129403
955724,992792
955782,616280
955786,620653
955807,715046
955807,1068169
955807,691346
955807,739312
955819,977080
955859,166799
955859,453359
955859,334309
955859,673399
955921,1083714
955921,736556
955921,994621
955921,758366
955921,982139
955921,1088211
955921,46545
955921,724625
955921,310311
955921,155861
955921,257336
955921,248322
955921,889010
955921,224973
955960,25065
955988,875887
956007,202510
956007,302051
956045,537113
956083,1008302
956092,976956
956093,211248
956104,768327
956104,812341
956104,236608
95618,59498
95618,100027
956188,461059
956188,265741
956188,559943
956188,1094415
956188,33605
956188,843335
956188,870765
956188,754461
956188,479851
956188,202510
956188,1115281
956188,1033388
956188,683124
956188,36337
956188,554382
956188,341556
956205,762374
956205,142701
956286,739312
956286,988415
956286,978039
956286,584381
956286,736100
956286,381618
956286,545750
956286,715046
956298,121331
956304,590877
956314,948433
956314,877658
956314,187537
956314,1103415
956314,881782
956349,457928
956358,1152613
956363,224626
956363,1098695
956445,235167
956468,328082
956468,866814
956468,1080056
956474,213255
956474,427997
956474,207552
956474,772312
956474,21886
956474,1137988
956502,386827
956502,290017
956528,526531
956530,1047362
956541,2102
956563,178039
956582,1066078
956582,889186
956582,340275
956584,762374
956584,360742
956584,38867
956584,904323
956584,550645
956605,486093
956698,94816
95672,611824
956741,1103415
956741,752580
95676,414534
95676,240350
956822,1008983
956822,300444
956886,77173
956886,404486
956886,1089615
956931,46225
956931,409265
956948,855155
956949,1005802
956949,1122475
956949,1030899
956949,1089176
956949,1031617
957056,806568
957056,910984
957056,1086357
957056,433139
957056,338575
957056,936119
957056,824685
957056,309335
957056,744929
957056,592674
957056,60154
957056,220239
957056,274989
957056,679599
957056,880417
957063,418731
957063,924649
957063,805375
957071,612871
957071,912300
957084,528461
957084,1105832
957130,438888
957130,498126
957130,651361
957130,975890
95714,957213
95714,973154
957154,943208
957154,862436
957213,95714
957275,945339
957275,309936
957275,281498
957275,401062
957275,1032459
957275,564600
957351,174567
957351,489573
957351,722963
957375,675094
957375,735464
957375,853657
957375,874059
957375,797800
95739,693963
95739,479851
957444,1131186
957444,1152554
957444,340479
957445,98782
957445,538622
957472,420683
957480,943967
957480,1111786
957480,852717
957515,878519
957530,328771
957530,803721
957530,76669
957530,145908
957530,64942
957532,168402
957571,36945
957571,753469
957571,658012
957571,756126
957571,772255
957571,498258
957598,921677
957627,44535
957627,1134235
957654,896000
957654,617784
957657,183806
957657,434885
957691,109972
957691,220155
957691,691221
957691,1138804
957691,699706
957691,931681
957694,676147
957694,1143796
957694,160532
957702,248322
957702,248028
957702,732439
957719,1007559
957719,415280
957725,399466
957725,284257
957725,949322
957766,216344
957819,1015853
957819,958877
957822,627406
957822,432254
957822,305213
957822,858772
957822,195858
957822,421098
957825,514540
957825,651145
957835,430825
957835,957835
957835,697178
957872,236509
957872,120870
957893,285065
957893,339379
957930,1070556
957930,254291
957930,775204
957930,364946
957930,682341
957930,218838
957930,1097990
957930,756599
957930,676772
957959,488983
957959,468729
957959,121095
957959,770931
957959,516789
957959,83167
957959,801013
957959,667297
95803,1110793
958030,394620
958030,509276
958160,676212
958160,1116928
958160,84542
958160,945260
958164,499176
958164,746526
958164,1118988
958164,1053620
958164,306117
958287,27781
958325,96375
958325,422724
958349,610800
958349,92891
958349,895028
958349,812341
958349,155440
958349,1138355
958349,998076
958349,493122
958349,1148339
958349,359603
958349,746614
958349,768327
958349,558404
958349,773993
958349,603785
958349,218182
958349,183806
958421,755901
958446,183327
958446,430632
958451,168402
958451,657376
958451,268914
958451,637814
958451,169959
958451,79184
958510,461427
958510,728740
958510,906007
958674,823245
958689,386827
958689,227887
958697,953579
958697,961621
958697,1011854
958697,511457
958697,885102
958697,938599
958697,186277
958697,119355
958697,887528
958697,936668
958697,901758
958697,224526
958697,364266
958697,204249
958697,244203
958697,353565
958697,372772
958697,276307
958697,631807
958697,309198
958697,557262
958697,268914
958697,800585
958697,386402
958697,168402
958697,513075
958697,311075
958697,155017
958697,1109721
958697,497825
958697,1029878
958697,1108073
958697,721455
958697,1137598
958697,997879
95870,346342
95870,559943
95870,33225
95870,672378
95870,614812
95870,781873
958757,964849
958761,500149
958761,843335
958806,48087
958806,920082
958832,11875
95885,870497
95885,240350
95885,346532
958857,1003859
958877,1009969
958877,897168
958877,957819
958877,411516
958881,98997
958881,662075
958881,25296
958881,1162170
958903,174863
958903,825727
958903,251354
958906,43636
958927,875887
958947,891176
958947,772795
958967,1043013
958967,839473
958967,1085775
958967,1063814
958969,529310
958978,1156845
958978,277432
959013,208661
959013,451321
959013,540893
959013,632003
959030,566089
959030,297139
959058,777356
959058,1073930
959058,1103415
959058,1140767
959058,894305
959058,328815
959061,770844
959061,439545
959092,642205
959092,255502
959092,789171
959092,997723
959092,15691
959092,988002
959092,27781
959092,1026121
959092,1023100
959092,386402
959092,134788
959092,42645
959092,386827
959092,381525
959092,818028
959100,266194
959100,510291
959100,1093877
959100,450905
959108,1059424
959108,746824
959108,71357
959108,971748
959108,296598
959108,909654
959108,481422
959108,273864
959108,672378
959108,38196
959108,610418
959108,938481
959128,809897
959128,165727
959128,986842
959128,880347
95913,293505
95913,329695
95913,639364
95913,892110
95913,774218
95913,1128251
95913,67166
95913,1002351
95913,517553
959158,994370
959158,960278
959220,1115421
959220,687696
959220,738592
959220,375863
959220,260430
959220,550645
959264,731235
959264,224447
959264,649527
959317,474218
959317,998703
959317,337040
959317,1089176
959342,312408
959342,585542
95940,948096
95940,247956
95940,1008920
95940,186911
959414,649184
959414,1073209
959426,1024349
959476,841238
959476,1147679
959476,685097
95950,1133448
95950,605638
95950,978039
959596,494241
959625,832524
959625,710675
959625,762059
959625,1114807
959625,145189
959625,853194
959625,701229
95963,986812
95963,1107001
959766,135230
959766,508454
959790,1023461
959790,1162633
959839,1034091
959990,648981
959990,243054
959990,1086501
9600,655225
9600,73155
9600,252160
9600,33383
960018,506372
960018,663173
960028,762374
960028,17301
960028,351297
960028,830433
960086,388000
960139,897109
960189,10143
960189,911960
960189,1034375
960189,643923
960189,775108
960189,1078241
960189,493782
960189,677142
960189,180568
960189,795325
960189,468404
960189,812341
960189,1110012
960189,928817
960189,733771
960189,559943
960189,510559
960189,43636
960189,361455
960278,300694
960278,664426
960278,705766
960278,69676
960278,186078
960278,514530
960278,707836
960278,49369
960278,485702
960278,920633
960278,971193
960278,754261
960278,17719
960278,1027039
960278,848909
960278,1037616
960278,1124200
960278,756717
960278,994370
960278,989753
960278,724798
960278,553254
960278,1155111
960278,776529
960278,843335
960278,559943
960278,1052210
960294,214655
960294,484797
960299,1019352
960299,1117850
960388,656918
960388,350188
960388,526871
960388,1003859
960388,533192
960414,871334
960414,862414
960414,771352
960414,299082
960436,204814
960436,480034
960436,87598
960436,1139962
960436,168402
960436,786492
960493,436680
960553,1005802
960553,962042
960553,699834
960553,998703
960553,1089176
960553,574741
960553,130045
960553,1122475
960553,1134524
960572,701266
960615,957691
960615,691221
960615,583567
960615,543106
960616,932631
960616,565374
960616,56973
960616,271587
960616,772795
960698,1103399
960803,226250
960803,622869
960803,57526
960803,386402
960803,849023
960803,300299
960803,126545
960803,1073209
960803,577982
960862,717628
960862,863209
960890,572147
961054,796253
961059,6037
961059,1076891
961059,297396
961059,714649
961059,1039305
961059,54972
961059,449283
961059,546145
961095,384846
961095,1016930
961149,498051
961149,214426
961163,618515
961173,474334
961173,476136
961173,451324
961180,573171
961180,601309
961187,468009
961187,485598
961187,56506
961187,570426
961187,959092
961187,226409
961198,553930
961221,813698
961286,36337
961286,649856
961348,132032
961348,1083848
961348,75622
961348,955674
961348,625381
961474,1164377
961474,77173
961474,761257
961474,305374
96152,715109
96152,136208
96152,994364
96152,904140
96152,76669
96152,145908
96152,165675
96152,248912
961604,1078463
961604,168910
961621,958697
96165,662276
96165,81474
961685,975364
961685,764458
961685,699706
961686,1035671
961686,375218
961686,573132
96170,415641
96170,394997
96170,411550
96170,963944
96170,1027638
96170,989178
961705,833934
961705,1700
961754,534224
961927,442068
961927,210708
962015,250223
962015,774218
962015,356784
962015,83795
962015,853945
962015,852035
962042,1122475
962042,130125
962042,1089176
962042,694570
962042,1136943
962042,785586
962042,960553
962042,1031617
962042,625670
962042,818564
962042,574741
962049,128890
962058,762374
962058,62524
962058,485824
962150,612393
962150,853566
962163,219956
962163,370139
962163,160377
962163,444341
962163,10143
962163,650261
962236,434418
962236,1057929
962236,625189
962251,310311
962251,867457
962265,182719
962265,233536
962357,1069884
962357,76698
962357,524262
962419,14001
962419,1117007
962419,210330
962419,350961
962419,72265
962419,127016
962419,443622
962419,689047
962419,430908
962419,943699
962419,1026121
962419,206379
9625,1017710
9625,70253
9625,300252
962517,707536
962517,130773
962517,901385
962517,1054371
962517,976956
962517,1136635
962674,849277
96275,103484
962871,538066
962871,165718
962871,930284
962871,50398
962900,1057614
962900,926587
962900,198260
962900,521985
962903,544170
962903,670574
962930,920397
962930,136203
962951,675257
962951,912362
962951,509418
962951,43200
962951,153488
962955,577982
962957,129386
962957,657074
962957,207074
962971,596158
962971,809141
962971,1068169
962971,156573
962971,1133448
962971,806515
962971,642205
962971,572678
962971,117059
962971,439191
962993,831124
962993,1088924
962993,1151482
963063,95099
963063,389395
963063,29460
963063,497331
963063,647703
963063,1135014
963063,1129383
963063,879246
963063,360229
963063,339892
963110,490855
963110,497290
963110,770322
963110,107365
963110,105720
963110,485598
963116,47185
963116,135688
963116,1095560
963116,114090
963116,899374
963116,304498
963133,413672
963133,945575
963133,479851
963133,33605
963133,617496
963133,422401
963133,641065
963133,386827
963133,933844
963133,73844
963135,243054
963135,801013
963149,677812
963170,853945
9633,775527
9633,632285
9633,857336
9633,841594
963395,983795
963395,608689
963395,911569
963395,413397
963395,1083285
963395,67850
963395,392984
963395,502867
963395,1126948
963430,772795
963430,988002
963457,177414
963457,860588
963457,762374
963539,181913
963539,703689
963539,287877
963669,310714
963669,1019352
963674,853945
963674,83795
963674,333297
963674,1072492
963674,802294
963674,574167
963674,877226
963674,743503
963674,402442
963674,608615
963674,1123245
963674,250223
96375,168402
96375,738143
96375,236864
96375,497552
96375,229310
96375,758353
96375,845614
96375,893825
96375,633626
96375,278792
96375,596578
96375,774218
96375,566369
96375,689012
96375,853945
96375,327561
96375,121413
96375,551298
96375,125337
963767,80159
963767,1048731
963870,511414
963870,591032
963870,414114
963870,791216
963870,685012
963870,890377
963870,134901
96393,493365
963932,251901
963933,10957
963941,930728
963941,1102437
963941,792590
963941,843335
963941,33605
963941,287938
963941,473249
963941,143461
963941,884956
963941,705766
963944,467443
963944,498733
963944,13164
963944,1055785
963944,1094759
963944,1147486
963944,536534
963944,565918
963944,413397
963944,228272
963950,1126894
964002,760449
964054,459845
964054,194279
964054,401264
964109,500050
964199,616107
964206,958903
964206,690253
964235,772795
964235,671272
964235,386402
964277,590044
964277,20260
964277,566369
964277,1114312
964277,756264
964318,497636
964318,884911
964318,1166930
964318,514841
964318,853302
964318,999365
964343,356714
964343,1005805
964343,302051
964343,1008826
964343,772140
964343,960278
964343,136163
964343,986975
964343,253891
964343,214273
964343,1125612
964343,559943
964343,1058559
964343,485702
964343,60242
964343,156267
964343,779220
964343,704970
964343,108424
964343,111560
964343,115074
964343,763367
964343,705766
964343,920633
964343,470455
964343,113915
964409,859407
964409,954823
964409,1057077
964409,549395
964409,906329
964409,506634
964493,339892
9645,1009969
9645,489681
9645,394579
9645,25808
964502,255908
964510,412485
964510,1126894
964520,622495
964520,160885
964520,242496
964520,657082
964520,78071
964527,862970
964547,1022550
964573,1116482
964581,294226
964597,762374
964597,49728
964597,369192
964597,954036
964605,453340
964613,549314
964613,789377
964613,277635
964613,184777
964613,558135
964613,681263
964613,268357
964633,1128905
964633,679616
964633,863244
964633,565348
964633,791896
964633,437655
964633,943444
964690,396828
964690,795667
964690,319606
964690,290017
964699,762526
964699,410365
964751,591585
964806,1004750
964849,57052
964849,958757
964849,627206
964905,775386
964905,444231
964905,757284
964905,559943
964905,597405
964919,991227
964922,83795
964922,158911
965003,336616
965040,547986
965040,248061
965089,276770
965089,823635
965108,306031
965108,885102
965108,817393
965108,168402
965112,660472
965126,1021802
965126,165589
965126,153429
965126,178163
965162,504443
965162,828398
965167,596578
965167,739274
965167,1155636
965167,580997
965187,2115
965187,457085
965187,29460
965228,1141492
965228,619703
965228,594753
965248,1049865
965248,116926
965248,441637
965248,550295
965248,1080383
965248,1146131
965260,338980
965260,312691
965260,322266
965260,1098344
965307,571285
965317,836833
965317,89682
965317,1041221
965317,737236
965321,1068244
965333,69748
965362,96964
965362,293222
965369,681254
965369,338645
965369,242369
965389,574392
965389,809052
965389,928639
96539,1063756
96543,207430
965503,1069172
965515,64531
965515,824685
96556,27781
965578,1019427
965578,139376
965578,129939
965613,1011203
965613,609317
965672,743895
965672,51842
965672,1066674
965672,135923
965672,311995
965672,498228
965672,491391
965848,132544
965853,370606
965915,564219
965919,370139
965954,377994
965954,609215
966008,841847
966166,647671
966166,1028762
966166,66155
966166,772795
966196,111112
966196,592745
966235,443144
966235,79094
966235,35238
966235,22845
966235,479851
966235,796512
966235,652464
966235,1144733
966235,14903
966235,386827
966235,197813
966260,658625
966260,890259
966270,386402
966313,719204
966386,483361
966474,498051
966474,761787
966474,736011
966474,382468
966474,492448
966477,837373
966501,486093
966501,262906
966512,556352
966512,82497
966512,852717
966512,389395
966512,303356
966512,29460
966512,95099
966636,317999
966698,721174
966698,271544
966728,973763
966855,1006812
966855,225136
966855,428289
966855,559943
966855,843335
966855,734142
966855,637905
966855,867854
966875,1031322
966875,992792
966898,101325
966898,498365
966898,168402
966898,916990
96691,276224
96691,780037
96691,554382
967013,878320
967013,1000371
967013,47608
967013,1044442
967033,532297
967033,937930
967033,830747
967033,1130276
967033,540349
967033,415024
967033,42645
967033,471271
967033,699706
967033,776123
967033,695910
967075,687258
967077,827580
967077,821741
967077,1148339
967081,1091340
967084,237540
96710,361618
967106,531888
96711,726981
96712,867671
96712,87263
967161,496728
967173,360740
967173,658012
967173,719758
967173,613436
967173,847352
967205,1022264
967205,559943
967254,163497
96727,749482
96727,818633
96727,768987
96727,875887
96727,428196
96727,1015761
96727,372227
96727,229690
96727,386605
96727,1005262
96727,1029351
96727,193419
96727,402010
96727,1125194
96727,483048
96727,1094217
967280,827574
967284,257890
967319,810829
967364,438771
967364,246646
96738,634489
96738,745250
96738,985829
96738,1135706
967426,631807
967426,849922
967426,247137
967426,76577
967429,145499
967429,1101505
967429,104479
967429,825985
967429,712569
967454,53506
967458,853801
967479,987768
967479,145269
967479,386059
967479,1022549
967479,469848
967487,855817
967487,168402
967487,916990
967487,737575
967487,204249
96749,685012
96749,478395
96749,414114
96749,799664
96757,633211
96757,188457
967612,130751
967612,280344
967612,113998
967612,1003596
967682,94971
967682,64531
967682,871334
967698,59543
967739,1089176
967739,454350
967739,492448
967739,571931
967739,46572
967739,566780
967739,1082418
967739,43200
967739,1118769
967761,601309
967801,644339
967801,562769
96783,647762
967927,42645
967927,559309
967927,853432
967927,737560
967976,70868
967976,39168
968025,105759
968025,526047
968025,843335
968025,331310
968068,120036
968227,475271
968227,60154
968227,48599
968227,305498
968227,775108
968227,433139
968227,873427
968227,274989
968246,472226
968261,528177
968261,1022264
968261,820660
968306,6425
96831,370671
96831,896314
96831,1091651
96831,299854
968336,626189
968336,378223
968336,627838
968336,848587
968336,627304
968336,127049
968336,1086501
968336,108095
968336,987136
968336,1112153
968336,1048403
968336,352991
968336,1062222
968336,729601
968336,1050233
968354,131053
968354,459113
968408,192602
968408,386870
968408,531413
968408,386827
968437,122338
968437,426663
968437,1166930
968484,1067501
968632,132032
968632,368810
968655,818010
968655,62306
968655,841492
968655,102054
968661,321824
968661,892408
968678,759765
968678,168402
968678,543088
968684,487801
968684,779417
968688,1123428
968688,7677
968688,417605
968688,747486
968688,156182
9687,1028138
9687,23188
9687,845354
968707,1066793
968707,1066254
968770,870765
968770,1021676
968770,602696
968770,422569
968770,10961
968770,605516
968770,792590
968770,168402
968770,386776
968770,1118769
968770,384201
968782,362850
968782,767425
968789,715098
968898,219351
968898,268910
968898,728740
968898,725228
968918,141753
968925,276052
968925,221321
968925,1059511
968926,945144
968962,509570
968962,868251
969134,1046139
969134,988574
969154,536287
969177,187848
969177,839369
969177,1036184
969232,297441
969232,619917
969242,429733
969263,1021380
969263,579475
96929,617743
96929,497640
96929,269341
96929,664571
969294,771352
969425,581106
96943,27994
96943,228757
96943,110525
96943,175429
969548,1021802
969548,178163
969594,274721
969594,136231
969594,255885
969594,486354
9696,225117
9696,248989
9696,723183
9696,750187
9696,290296
9696,1131998
9696,739183
9696,695931
9696,1078963
9696,1113913
9696,1044296
9696,131564
9696,323992
9696,633987
9696,10143
9696,357737
9696,305374
9696,1095233
9696,386776
9696,616049
9696,221148
9696,409470
9696,786094
969617,616104
969617,625591
969617,863837
96964,965362
96964,549259
96975,725181
969767,296598
969767,843335
969806,319567
969806,336772
969806,611044
969810,894190
969972,49993
969972,407430
969972,379893
969972,506626
969972,1070515
970071,845614
970073,608514
970105,454350
970105,33605
970105,168402
970121,926410
970121,559943
970130,202547
970130,1114706
970137,39568
970137,975890
970151,917759
970155,204645
970199,858352
970206,153829
970206,710308
970206,471452
970206,295402
970206,667756
970206,404004
970206,824351
970206,332061
970206,792910
970206,455740
970206,435670
970206,679644
970249,500149
970249,1111891
970249,141347
970281,79677
970281,56973
970342,715334
970435,112796
970472,649443
970472,527501
970472,705897
970474,840198
970496,601309
970496,41566
970496,604865
970496,298160
970496,52582
970496,737866
970496,451798
970496,332588
970496,681249
970496,798513
970496,745703
970582,900159
970594,550645
970626,848909
970626,247868
970626,1096557
970626,52774
970626,297186
970626,33605
97065,848904
970693,116915
970736,616740
970736,1097103
970739,926408
970739,487077
970802,616104
970802,233428
970802,450905
970802,1032052
970802,388484
970802,1093877
970802,913471
970802,266194
970826,224973
970826,322870
970826,495431
970826,552175
970887,619949
970887,574581
970887,333849
970887,736042
970887,509047
970887,101239
970887,1103415
970923,1133124
970969,386827
970969,509635
970969,942774
970969,651613
970969,954460
970969,1016615
971059,203051
971108,481522
971108,475904
971108,375313
971111,377012
97113,991196
97113,1017244
97113,522354
971134,765853
971134,975540
971193,960278
971193,69676
971193,186078
971195,246551
971195,165675
971213,28115
971223,800922
971223,1037580
971242,386827
971242,243054
971242,1066078
971242,436316
971242,237290
971242,40378
971242,854092
971293,117036
971372,827161
971372,906354
971372,386870
971372,724493
971372,290017
971382,251793
971382,660162
971382,584621
971467,193822
971467,586641
971467,178822
971467,1061607
971467,827580
971543,1019
971614,317912
971614,370921
971614,935419
971667,1067369
971667,324095
971667,859911
971667,982139
971667,600529
971698,648739
971717,335628
971740,444902
971740,834392
971748,479851
971748,28265
971748,1033388
971748,1139928
971748,10957
971765,685545
971765,910984
971765,1112077
971765,1149506
971765,640765
971765,179253
971765,232921
971765,714848
971785,475497
971785,666815
971791,1159383
971813,627406
971815,483174
971815,760773
971815,1103415
971887,1005580
971887,1040926
971887,1009844
971887,411589
971904,818564
972000,1107001
972057,244226
972057,355827
972057,127830
972103,745031
972103,936823
972103,792590
972150,422886
972176,774333
972176,487381
972176,922899
972176,1055830
972176,40754
972176,507619
972176,855620
97229,468404
97229,370257
97229,720699
97229,1025260
97229,1135674
97229,1026133
97229,973289
97229,911960
97229,623151
97229,733771
972343,725517
972422,168402
972640,800168
972640,1080963
972668,494365
972668,54947
972668,726219
972677,1053400
972686,841698
972686,775268
972686,554382
972686,33605
972686,549182
972686,859940
972754,600199
972754,1134621
972754,980661
972754,319878
972754,1093995
972777,630486
97278,460787
972840,175106
972865,306102
972865,947788
972865,980874
972865,398718
97288,42782
972881,1134524
972881,785586
972881,962042
972881,625670
972881,617771
972885,17664
972927,482995
972964,464580
972964,1095311
972971,74507
972971,331465
972971,328230
973039,116009
973065,1136718
973065,772795
973065,825075
973150,378968
973150,784289
973150,329407
973154,660017
973242,815697
973289,202354
973289,720699
973289,733771
973289,824555
973289,157685
973289,623151
973289,417083
973289,370326
973289,911960
973342,1031546
973342,491823
973353,899056
973353,522542
973353,706419
973353,704438
973429,650098
973429,1140975
973429,658012
973429,268099
973429,719758
973429,1163563
973429,547221
973453,784003
973453,230430
973468,601735
973475,239083
973478,485612
973478,417872
973493,366763
97351,303090
97351,1120684
97351,303551
97351,72753
97351,445430
97351,637019
97351,567143
97351,739579
97351,108657
97351,1166930
973522,268368
973522,1021543
973522,877658
973522,559943
973522,1082418
973522,827193
973522,300589
973522,389345
973522,407892
973522,927148
973522,1103415
973546,78406
97355,545363
973599,168402
973599,1057806
973599,349926
973599,995712
973615,1156911
973615,730928
973615,62512
973615,878788
973615,811812
973615,65677
973615,642205
973615,42645
973615,763932
973615,792597
973615,859372
973615,627406
973615,597284
973615,293900
973615,455714
973615,841216
973615,946975
973615,195858
973615,793940
973615,615577
973615,792932
973615,545843
973615,858767
973615,988002
973615,824598
973619,531413
973625,541963
973625,1066078
973625,1042978
97365,647671
973717,678895
973717,513492
973743,32006
973743,140993
973763,884911
973763,997184
973763,115610
973763,567178
973763,546145
973763,196072
973763,369938
973763,673255
973763,54972
973794,527722
973812,138871
973812,781852
973812,386605
973812,205015
973812,1104070
973828,424459
973882,1067497
973893,485528
973908,448896
973909,553529
973909,47575
97391,500050
97393,953579
973932,767683
973943,661076
973950,344400
973955,37907
973955,745790
973989,594647
974002,550819
974002,94584
974002,498258
97401,351006
97401,171902
97401,91734
974096,1151548
97413,440533
974182,581106
974221,1032459
974221,1118061
974221,836265
974221,837033
974221,309936
974221,140216
974221,945339
974221,1143803
974221,281498
974221,1123581
974221,96159
974221,504309
974234,875529
974348,104333
974487,1126364
974487,741344
974559,813220
974677,8974
974677,133249
974677,158242
974677,369718
974677,284286
974677,832524
974677,339538
974720,120815
974720,547291
974830,1082418
974830,60747
974830,178955
974830,1103745
974831,672157
974831,842752
974831,605241
974861,181770
974861,881558
974861,195858
974861,685233
974861,375312
974902,379380
974902,917320
974902,1073209
974902,631807
974902,24088
974902,70090
974922,98593
974922,727982
975017,582983
975078,448215
975100,600522
975208,609517
975208,360458
975208,95099
975224,169360
975224,510313
975224,900080
975224,650552
975224,1073796
975224,178147
975224,559008
975238,67970
975238,145908
975238,870556
975238,355770
975238,159049
975238,631807
975238,137028
975238,718360
975253,699706
975253,830747
975253,42645
975311,830588
975311,1110304
975311,145974
975311,238020
975311,730379
975311,486907
975311,163473
975311,4049
975311,364948
975355,973289
975355,1160738
975441,301449
975441,1058559
975491,505086
975540,765853
975540,431207
975540,42645
975540,1161302
975540,971134
975540,121148
975655,1023999
975655,425771
975655,119262
975660,297895
975660,883086
975761,877179
975776,843335
975806,714638
975806,952346
975882,899828
975882,1081507
975882,981774
975882,1135327
975890,227833
975890,77069
975890,1066078
975890,1110247
975890,658012
975890,136573
975890,766948
975890,402684
975890,648064
975890,1153435
975890,260450
975890,124590
975890,549259
975890,693169
975890,683124
975890,661652
975890,360740
975890,897168
975890,753173
975890,1100121
975890,847352
975890,211965
975890,844773
975890,94583
975890,719758
975890,559943
975890,843335
975890,174567
975890,911386
975890,269842
975890,189789
975890,1124555
975890,583603
975890,56179
975923,353259
976001,695808
976001,164953
976001,1691
976112,72762
976112,130966
976112,785287
976112,29460
976112,693828
976112,500733
976112,597319
976112,604828
976184,1052392
976235,5327
976235,397172
976235,445547
976235,751996
976297,863111
976297,944520
976302,1163227
976302,69748
976302,1069430
976318,158086
976322,31570
976337,168402
976337,45961
976337,386402
976337,386827
976337,358819
976337,885102
976337,119355
976337,110543
976337,953579
976337,204249
976340,36337
976340,168403
976340,792590
976376,558946
976376,430219
976376,355770
976457,1150382
976464,259599
976487,99076
976487,8263
976522,510339
976522,313615
976522,444341
976522,216223
976522,302926
976522,384780
976522,88641
976522,465953
976522,362763
976522,704519
976522,266656
976522,386870
976522,801134
976522,580400
976522,1135407
976522,882431
976522,404137
976522,666547
976522,506361
976522,860965
976522,128578
976522,188300
976522,223381
976522,261962
976522,535224
976522,1157438
976522,507131
976522,92113
976522,955614
976522,121715
976522,752435
976522,224660
976522,239083
976522,452050
976522,792566
976522,10923
976522,824969
976522,684608
976522,558867
976522,877758
976522,316099
976522,247261
976522,132577
97668,153916
976742,852485
976742,642205
976744,1011867
976788,230006
976788,762374
976799,1056164
976831,285891
976916,495465
976924,295751
976930,189872
976930,423087
976954,1094217
976954,266205
976956,842911
976956,852485
976956,65755
976956,339892
976956,919136
976970,614242
976978,879246
97699,239083
97701,424059
97701,362850
97701,897873
97701,834594
977029,210866
977029,497866
977080,661415
977080,292528
977080,906007
977099,103032
977119,249016
977186,260976
977229,384927
977262,219561
977301,1149386
977441,476155
977571,34894
977571,1095560
977590,1130903
977626,863473
977654,913293
977654,897639
977654,816756
977654,1011867
977654,143168
97768,489637
97768,1097062
97768,423087
97768,835306
977719,1107096
977719,876850
977719,1131841
977719,1027275
977815,864268
977815,801013
977815,321824
977815,243054
977815,210866
977815,386512
977829,604828
977871,559943
977871,1034375
977871,567263
977873,534574
977910,959625
977933,222620
977933,19984
977933,766665
977933,516370
977933,713327
977933,531413
977933,1005176
977933,290017
977933,116744
977937,30801
977937,542947
977945,1083782
977945,700358
977945,131053
977945,823855
977945,56973
977945,1004152
977945,1116789
977945,378522
977945,772795
977945,113550
977983,196721
977983,218347
977983,854796
977983,312817
977983,937827
977983,192203
978039,458598
978039,799709
978039,365722
978039,286239
978039,715046
978121,768825
97813,615848
97813,329191
978252,620581
978266,59498
97838,386827
97838,721308
97838,290017
97838,386870
97838,452623
97838,997700
978385,1106352
978387,570064
978387,213546
978387,939808
978387,261432
978387,676901
978387,833728
978387,514505
978387,750464
978522,81474
978540,978540
978540,167165
978540,1045934
978580,507893
978616,192802
978616,642205
978684,523186
978684,230007
978719,130966
978719,799875
978719,679966
978719,1210
978719,1062222
978746,531413
978809,529648
978817,1159136
978866,683494
978920,904262
978920,762374
978920,821854
978920,976788
978979,647701
979,653332
979,881021
979,534224
979,357153
979,687676
979001,502168
979001,610418
979001,1033388
979001,309880
979001,486470
979001,336719
979001,511056
979001,249344
979071,474384
979071,453102
979071,899698
979071,1125088
979071,558404
979126,40968
979126,1112044
979126,1087424
979196,777670
979196,996691
979196,1151246
979196,1127813
979394,80276
979549,1044442
979549,1080006
979549,352192
979549,878320
979649,782613
979649,938599
979649,816540
979649,804252
979649,308053
979684,1046224
979794,1141266
979814,1128604
979814,1058058
97984,1122844
97984,432069
97984,635511
97984,659499
97984,63696
97984,991789
97984,515512
97984,135562
97984,906819
979851,441935
980025,505688
980025,193875
980040,512149
980040,945575
980040,401264
980040,903347
980040,665157
980040,479851
980078,989166
980078,724798
980078,1076857
980078,893675
980078,739562
980078,209449
980078,73246
980078,960278
980194,746984
98021,1092874
98021,771352
98021,652985
98021,1152554
98021,554382
98021,736329
98021,779220
98021,719241
98021,74771
98021,559943
980215,1122441
980215,117496
980215,969882
980238,95099
980270,1136593
980270,1164369
980321,237540
980321,242648
980321,104333
980321,461077
980321,532035
980356,1126948
980356,851509
980356,163352
980356,580483
980363,1151567
980392,1082884
980392,492448
980425,877276
980425,855798
980425,435195
980429,554382
980429,143461
980451,1149219
980492,1139962
980492,102228
980492,786492
980492,466412
980492,1049711
980492,612873
980492,948691
980492,669644
980492,187827
980497,501339
980497,287721
980497,732603
980497,312817
980497,684406
980497,361799
980497,16668
980516,764826
980516,683890
980516,543680
980516,655220
980516,322139
980540,1029305
980540,1073209
980540,544734
980540,60685
980540,37436
980540,835985
980548,805092
980548,155576
980571,295116
980571,437949
980571,408736
980592,752625
980592,457928
980592,1111271
980592,400473
980592,787899
980604,204645
980604,559943
980604,843335
980604,903347
980631,211965
980631,313047
980631,547139
980631,132966
980631,174567
980631,683619
980646,802078
980646,885102
980646,953579
980646,582463
980646,204249
980646,168402
980741,24648
980747,1101859
980780,778188
980780,491221
980780,349544
980782,386870
980782,479851
980782,803946
980782,435964
980782,438946
980782,554382
980853,1156349
980854,54972
980854,480445
980854,289708
980854,1150460
980854,624327
980854,1151613
980854,763711
980854,16851
980854,1066851
980854,527501
980854,519629
980854,435435
980854,240832
980867,642205
980867,455714
980867,988002
980874,947788
980874,306102
980874,398718
980874,890623
98089,501005
980906,152733
980906,871152
980926,856897
980926,370006
980926,771352
980926,386827
980926,566412
980926,162806
980926,554382
980926,1108499
980926,630825
980926,1009682
98093,992792
98093,1031322
980954,1144975
980975,168402
980975,547869
980975,843335
980975,870765
980975,653607
980975,629591
981022,539814
981093,222620
981093,290017
981093,531537
981093,391189
981093,127057
981093,76718
981093,1005176
981093,386870
981093,771352
981093,994962
981102,656343
981102,371040
981109,541743
981117,832195
981124,1032459
981124,828143
981143,308737
981143,408477
981143,975890
981143,122327
981152,471409
981152,689099
981188,397114
98123,137783
98123,338645
981275,1094759
981275,1019048
981275,1115654
981275,831124
981303,1055684
981311,105796
981311,922589
981311,397476
981311,565049
981345,937571
981345,138871
981396,769203
981396,925564
981396,557486
981457,1133793
981457,868822
981479,493782
981590,324626
981590,786391
981590,44168
981590,255242
981590,1036184
981638,360740
981638,609979
981638,317061
981638,847352
981659,981810
981691,858573
981691,359384
981691,1124080
981694,808094
981699,757764
981726,1083323
981742,621145
98177,1166930
981774,441024
981774,666995
981774,975882
981774,1135327
981774,1043627
981774,1081507
981774,554382
981778,145447
981778,815697
981778,1106025
981778,571882
981778,254291
981778,214801
981778,226988
981778,919967
981778,227972
981778,211630
981778,1104767
981778,901795
981778,523325
981778,345458
981778,596158
981778,1131607
981810,934834
981810,981659
981829,600955
981849,942802
981849,386117
981849,1058807
981849,205490
981849,128962
981849,75301
981849,1151285
981849,333931
981849,370281
981849,499197
981849,490464
981849,594404
981849,603084
981849,723421
981849,991635
981849,408346
981849,1062880
981849,11620
981849,11214
981849,676271
981849,68093
981849,930289
981849,735770
981849,29433
981849,209218
981849,713973
981912,526047
981927,545746
981927,1031322
982,921608
982020,775108
982126,574392
982126,645554
982127,453875
982128,95099
982139,257336
982139,242001
982139,46545
982139,396988
982139,838445
982139,81281
982139,191866
982139,324095
982139,554382
982139,224973
982139,1046363
982139,859911
982139,676028
982139,796566
982139,920612
982139,971667
982139,248322
982139,334255
982139,1113736
982139,559943
982139,683124
982139,23819
982139,436710
982139,501005
982139,391973
982139,473684
982139,955921
982175,554382
982175,592720
982186,1027069
982186,125915
982186,184986
982186,1057226
98219,168025
982222,179522
982222,693828
982222,1165523
982222,1048731
982222,16990
982222,130966
982223,1003859
982225,119002
982225,1157651
982225,566522
982225,624199
982225,157349
982229,725592
982229,105720
98233,479851
98233,169194
98233,81687
98233,460885
982345,1141473
982393,6647
982402,224328
982402,377086
982416,150904
982416,1125166
98248,775554
982483,687676
982483,257890
982483,773033
982483,163473
982483,604828
982483,519618
982483,627805
982483,131071
982483,852717
982484,739274
982484,737575
982484,382372
982678,94024
982921,920885
982921,63229
98297,1023705
98297,1163188
98297,656918
98297,378522
98297,772795
98297,1052398
98297,896381
98297,173097
98297,825985
98297,529648
98297,376483
98297,228154
98297,320603
98297,952082
98297,56973
98297,804899
98297,526871
98297,442312
983007,258045
983019,565374
983019,1118769
983019,289039
983019,249259
983019,899374
983019,1101505
983019,1048683
983019,505342
983019,554382
983019,376483
983019,733623
983019,973065
983019,37216
983019,529648
983019,1083323
983019,131053
983019,647671
983019,772795
983019,526871
983019,1083782
983019,984332
983019,923559
983019,583738
983019,609447
983103,938481
983103,879690
983103,386776
983103,843335
983103,479851
983103,33605
983103,592169
983103,870765
983114,352224
983114,608865
983114,185861
983274,299719
983274,773799
983274,719324
983274,529543
983274,375320
983274,577926
983274,694606
983274,567050
983274,108875
983274,12765
983274,1028557
983274,646059
983358,667533
983358,192802
983438,973065
983438,787139
983456,290211
983461,5783
98349,854199
98349,824351
98349,517498
983510,128122
983510,640765
983510,957056
983510,685545
983510,163158
983510,232921
983510,943876
983510,910984
983534,972971
983534,217443
983534,58537
983534,994171
983534,765498
983558,567753
983558,756717
983566,959092
983682,847226
983682,370139
983714,110301
983714,42645
983753,837373
983753,960278
983753,70680
983753,1109629
983753,1097173
983753,1005176
983795,1067619
983795,907344
983795,288914
983795,983795
983795,963395
983795,413397
983827,1017244
983835,992430
983894,777356
983894,588502
983951,213232
98399,93563
98399,1125612
984023,911960
984023,1135674
984023,290525
984070,559943
984126,703392
984141,735900
984141,369260
984141,192598
984180,422537
984180,10979
984180,863044
984180,174567
984180,211965
984180,772279
984180,191632
984180,1009969
984194,363698
984194,873276
984194,218838
984194,175429
984194,495442
984199,286678
984199,906936
984199,695105
984199,626653
984199,465608
984233,642381
984233,797800
984236,1135674
984236,180029
984243,1086694
98426,570040
98426,892226
98426,536493
98426,521597
98426,329407
984265,846554
984332,380304
984332,983019
984332,676965
984332,2256
984332,210589
984393,714368
984393,692636
984429,786492
984429,21812
984429,463864
984451,100544
984451,657126
984451,450827
98448,36337
984646,549259
984646,317061
984646,124590
984646,174567
984646,766948
984669,27781
984704,995712
984712,900950
984751,725842
984751,783940
984751,558303
984764,510559
984764,468404
984778,18497
984788,255404
984795,369938
984795,884911
984800,688948
984800,1029305
984817,699756
984817,559943
984817,843335
984840,905653
984853,89540
984853,526067
984889,559943
984889,554382
984889,581486
984889,1074848
984889,1085162
984889,692448
984889,136163
984889,984889
984891,905719
984891,308676
984907,679717
985140,1135674
985141,1118208
985176,290017
985236,353259
985367,484797
985370,869974
985433,1019104
985468,375933
985468,216047
985468,566262
985482,924192
985482,325289
985494,747545
985502,300365
985502,1139368
985502,764238
985502,1112353
985502,64999
985502,1023158
985502,207165
985502,569233
985502,112450
985502,810287
985630,1161613
985630,324925
985630,290017
985630,386776
985630,859498
985630,843335
985630,737774
985630,723703
985630,554382
985659,94627
985659,467663
985659,334293
985659,1078173
985709,645554
985764,1005253
985764,855030
9858,900546
9858,530983
985829,668062
985829,1089707
985854,875305
985854,29060
98593,651486
98593,1117314
98593,974922
98594,647671
985958,1058558
985991,620581
986148,204645
986148,861543
986148,992202
986148,33605
986148,422961
986148,1034375
986240,825342
986240,369036
986240,862247
986240,393270
986240,13838
986240,558636
986240,837221
986240,1028477
986240,16031
986368,580689
986368,898432
98637,188630
986463,1097527
986548,1014728
986555,554382
986555,1053061
986555,261506
986555,803946
986555,843335
986619,243534
986619,575566
986638,1125194
986638,386605
986638,333297
986638,330828
986638,355827
986638,768987
986638,342794
986638,28019
986638,449074
986638,989492
986638,102093
986638,402010
986638,193419
98672,1012876
98676,843335
98676,33605
986761,550982
986799,387320
986807,1073209
986807,1099189
986807,1166930
986812,766808
986812,856422
986812,842469
986812,1003735
986833,974742
986833,59649
986833,228665
986833,1052613
986833,597713
986921,980078
986921,211170
986921,300694
986975,316897
986975,33605
986975,612716
986975,1081159
986975,116577
986975,472211
986975,554382
986975,705766
986975,848909
986975,877141
986975,843335
986975,549182
986975,999980
986975,714368
986975,1115281
986975,559943
986999,1109679
98701,998703
98701,1089176
98701,474218
987020,99709
987037,526871
987037,208408
987042,938851
987042,880417
987042,1040078
987072,628624
987136,154507
987136,627304
987136,1086501
987136,232865
987154,29278
987157,670867
987157,880963
987157,905564
987157,189789
987157,494365
987157,240350
987241,1028557
987284,1016498
987284,677396
987302,73866
987302,937639
987302,302857
987314,45939
987314,233515
987314,1134112
987314,874745
987314,267586
987314,198023
987314,521568
987314,155417
987314,1011211
987314,213546
98733,467650
987346,1137328
987346,1122475
987346,766808
987346,410917
987346,656343
987346,379452
987346,842469
987403,311722
987403,481883
987403,950939
987403,168402
987413,1068040
987413,648161
987425,461768
987425,193419
987466,687676
987466,528177
987475,170262
987518,120870
987536,151252
987536,656343
987536,855816
987606,853945
987642,850536
987705,597561
987753,630486
987753,265522
987753,290017
987753,792590
987753,843335
987753,386870
987753,392555
987753,386827
987753,1161613
987753,585571
987761,265342
987761,131820
987761,676266
987768,273598
987768,442567
987768,1008440
987768,172357
987768,875887
987768,229690
987768,469848
987768,1127083
987768,967479
98780,129534
987812,438736
987812,298232
987841,367957
987879,303356
988002,859372
988002,946975
988002,878788
988002,1006496
988002,471271
988002,386402
988002,42645
988002,386827
988002,783300
988002,484270
988002,1163139
988002,122862
988002,597284
988002,902319
988002,195630
988002,858767
988002,1057929
988002,1130276
988002,811812
988002,145687
988002,642205
988002,548805
988002,792932
988002,661803
988002,1062222
988002,740245
988002,830747
988002,740289
988002,116446
988002,671272
988002,457151
988002,291909
988002,525393
988002,545843
988002,611813
988002,432405
988002,371862
988002,832051
988002,610095
988002,615577
988002,967033
988002,959092
988002,1046252
988002,448852
988002,995946
988002,685013
988002,220155
988002,17197
988002,973615
988002,385059
988002,496840
988002,1155102
988002,972140
988002,792597
988002,697780
988002,699706
988002,343876
988002,129507
988002,893546
988002,572417
988002,778190
988002,263180
988032,772795
988032,701174
988047,1052450
988047,210365
988047,172223
988080,285720
988080,80058
988102,903795
988102,223979
988133,894010
988133,396869
988151,796353
988151,628933
988151,801098
988200,18675
988249,468064
988249,114090
98828,653387
988284,6893
988284,419771
988285,219599
988285,387859
988285,670763
988343,781797
988343,449339
988343,547706
988343,1112044
988343,857068
988343,223073
988343,558946
988415,584381
988415,956286
988415,715046
988415,1140887
988416,1064182
988416,683858
988416,93895
988455,1117007
988534,831585
988534,333797
988534,848909
988554,391590
988554,1131051
988554,367376
988554,603619
988554,598076
988568,219473
988568,867465
988568,474590
988574,1046139
988574,969134
988574,220970
988574,61008
98864,508526
98864,65025
98864,1130342
98864,514085
98864,626488
98869,228421
988707,639555
988769,614242
988791,773799
988791,626989
988791,360413
988791,716805
988791,1023113
988791,1062752
988824,1081474
988824,70868
988824,824560
988862,400867
988862,802727
988887,242541
988892,676526
988892,634030
988892,827332
988892,715601
988892,908452
988892,329745
988892,664742
988892,886598
988892,477272
988892,239583
988892,128319
988892,319739
988915,890272
988915,907499
988915,416678
988915,554962
988915,94728
988915,1150316
988915,1066909
988958,1039218
989022,1150503
989059,43326
989141,603785
989160,1054121
989178,235257
989178,1139373
989178,465466
989178,430773
989226,604828
989226,1149283
989226,459528
989239,509276
989239,706586
989239,354047
989267,687813
989267,1042069
989267,222814
989345,997700
989345,843335
989345,734142
989345,443144
989345,559943
989345,84542
989424,284735
989424,865901
989439,1008302
989439,959625
989478,47185
989478,863369
989492,172357
989492,229690
989492,1005262
989492,243781
989492,1008440
989492,1029351
989492,1066350
989520,1009386
989570,779220
989577,1039820
989616,953356
989616,904323
989616,956584
989690,390308
989690,204645
989690,51947
989690,652464
989690,467205
989690,803946
989690,1147088
989690,1044597
989690,831179
989690,186911
989690,312408
989690,524374
989690,22845
989690,949696
989690,610456
989690,470894
989739,1003504
989739,908127
989739,409787
989739,554382
989739,536636
989739,709541
989739,745006
989739,675170
989739,586038
989739,110802
989739,1132682
989739,576215
989767,1153703
989767,454350
989767,357775
989767,486354
989767,1016029
989767,1115257
989767,149052
989767,533224
989767,677576
989767,678204
989767,672910
989876,1061022
989882,1145727
989885,604828
989885,942774
989885,866814
989885,951824
989885,1032883
989894,317595
989894,386776
989894,381644
989939,191584
98997,958881
98997,25296
98997,722188
98997,345284
98997,921158
989993,782613
989993,202327
989993,451830
989993,938599
989993,549783
989993,736714
989993,239088
990115,743298
990115,683566
990115,1080115
990316,1125228
990316,174863
990316,334936
990333,518864
990349,793537
990349,1039305
990403,1089176
990403,433139
990459,911960
990459,291516
990480,159116
990480,1013038
990541,864154
990541,922883
990541,470921
990541,437721
990541,453340
990541,259
990541,257139
990541,214289
990541,609002
990588,896970
990617,299831
990617,247172
99065,645126
99065,1152554
99065,600199
990676,994364
990696,20260
990749,725228
99076,226552
99076,976487
99076,764084
99076,8263
990774,77428
990774,994516
990820,1108832
99084,715110
99084,185683
990871,95099
990871,871334
990871,1132844
990871,445045
990871,603820
990871,168764
990890,651613
990890,107688
990890,604828
991,1064425
991,193046
991,736187
991,777833
99100,1043013
991052,927881
991052,49960
991105,260976
991105,463947
991183,208069
991196,97113
991215,1062141
991215,564605
991215,432130
991227,313791
991231,613779
991294,16017
991294,683124
991294,603820
991294,692448
991294,225136
991294,989345
991294,870765
991294,843335
991294,129034
991294,734142
991294,1152765
991294,672378
991294,377940
991294,315167
991294,70874
991294,54147
991294,415333
991294,29460
991294,747663
991294,559943
991294,1158559
991294,517758
991294,397957
991294,302051
991294,167847
991294,490608
991294,778267
991294,884956
991294,471961
991347,197692
991347,851782
991347,688765
991347,907370
991347,478977
991347,68985
99138,730928
99138,642205
991385,306031
991385,168402
991385,936806
991478,197964
991478,287486
991478,152846
991603,137608
991635,981849
991635,713973
991635,11620
991635,1062880
991641,562933
991644,604828
991644,951824
991654,127462
991654,101831
991654,239507
991754,668368
991754,344657
99176,685432
99176,491816
99176,935538
99176,313714
99176,657074
99176,546646
991773,1022859
991773,1014164
991789,529543
991789,1051180
991789,1100614
991789,705260
991789,555932
991789,97984
991789,635511
991799,813389
991799,581106
991799,778288
991811,836586
991864,388095
991864,370921
99187,1100501
99187,312187
99187,554382
99187,1032703
99187,848909
99187,877141
991972,1056230
991972,668368
991988,693828
991988,528177
99203,957056
99203,1091651
992034,554382
992034,12713
992034,550645
992034,713986
992064,587687
992110,1114657
992110,282682
992110,1063410
992125,558946
992125,1044476
992151,589753
992151,218182
992162,792590
992162,655234
992162,475271
992162,433139
992162,772795
992162,546044
992162,626338
992162,33605
992162,1107964
992162,458637
992162,48599
992162,210330
992162,274989
992162,271924
992162,760867
992162,151444
992162,389711
992195,580690
992195,455852
992195,1166711
992202,422961
992202,248481
992202,534505
992202,556429
992202,265741
992202,734142
992202,903347
992202,899828
992202,1099053
992202,746824
992202,609873
992202,204645
992202,861543
992202,604959
992209,465262
992224,1069899
992224,1147707
99223,1123174
99223,702827
992244,71450
992244,886073
992244,554382
992323,1039497
992323,1046977
992323,786492
992351,1089707
992381,550221
992384,1158559
992430,576902
992430,983835
992438,1144975
99246,1101945
99246,146240
99246,869076
99246,692636
99246,1130221
992465,371350
9925,145499
992527,624718
992527,801134
992527,933810
992567,550982
992570,241340
992585,907957
992622,847352
992622,362563
992622,663220
992622,658012
992622,584091
992668,618999
992671,149469
992671,179553
992671,1016032
992704,906050
992710,827193
992710,737738
992710,877658
992710,1012876
992743,1017710
992743,300252
992743,70253
992743,128203
992764,801620
992777,903317
992792,715372
992792,601735
992792,843335
992792,302562
992792,1031322
992826,616321
992826,489531
992826,228421
992826,346342
992949,454350
9930,1121275
9930,248920
993016,30372
993016,1112044
993016,449173
993016,480034
993016,204814
993026,386605
993026,1118914
993026,120010
993166,571113
993166,741469
993236,257336
993236,224973
993289,159764
993342,950429
993430,627406
993476,988339
993476,743298
993476,929308
993476,337441
993477,559943
993492,621582
993492,449042
993504,101729
993504,818458
993530,433139
993530,274989
993530,1104015
993530,4635
99354,779999
99354,363039
99354,554382
993565,430840
993625,249590
993625,685545
993633,339750
993633,849620
993633,158866
993633,1105972
993633,510567
993650,668368
993650,18669
993650,524244
993650,468933
993650,17664
993650,626694
993650,1095233
993650,272330
993655,1124817
993655,693828
993661,477643
993661,94816
993661,1132844
993661,479851
993719,903311
993719,656997
993767,388760
993767,131273
993767,130966
993767,126443
993767,777306
993786,13567
993786,34995
993786,884911
993786,775970
993795,528177
993795,45961
993795,786492
993795,890924
993795,342786
993795,299684
993795,479167
993795,417000
993966,1133365
994043,734351
994043,155440
994055,690627
994068,550982
994171,636025
994171,983534
994171,331465
994176,368712
994176,101010
994176,342534
994176,270749
994185,448646
994185,517553
994300,1095560
994300,114090
994300,355884
994300,1096677
994310,549259
994310,754703
994310,207880
994336,868425
994336,284436
994336,1039627
994336,511899
994364,47423
994364,1102869
994364,136208
994364,1034375
994364,725765
994364,843335
994364,390257
994364,734157
994364,268800
994364,775386
994364,530107
994364,559943
994364,1120568
994364,1142663
994364,76669
994370,739562
994370,300694
994370,349376
994370,485702
994370,574900
994370,442217
994370,108424
994370,553465
994370,960278
994370,619575
994370,959158
994370,559943
994370,465316
994402,469742
994402,236424
994402,413798
994402,394441
994402,1114375
994402,661803
99443,127469
994499,586764
994499,544746
994516,990774
994516,77428
994566,198841
994566,542590
994566,237540
994575,473682
994611,914982
994611,1081639
994621,324095
994621,242001
994621,224973
994621,998946
994621,1022083
994621,1113736
994621,257336
994621,1046363
994621,599604
994621,637493
994660,713215
994660,157488
994669,1095560
994669,135688
994717,404716
994717,809878
994717,489009
994717,1145018
994717,339530
994765,436158
994765,864826
994782,168402
994782,936806
99485,1115765
99485,33728
99485,486093
994947,236146
994947,1158846
994962,771352
994962,222620
994962,19984
994962,45882
994962,137518
994962,30065
994962,1027725
994962,810141
994962,717569
994962,290017
994962,386870
994965,40273
995042,258247
995042,536096
995042,646888
995042,634126
995042,770589
995042,606894
995042,219003
995042,274374
995042,490873
995042,981849
995042,70406
995042,408346
995137,549991
995137,319666
995137,212686
995137,1167147
995137,1093995
995137,405535
995137,972754
995137,609891
995141,274374
995141,522474
995141,237540
995141,297477
995184,622360
995197,510313
995197,959092
995197,1013020
995197,1036769
995197,844542
995197,664470
995215,454350
995215,890350
995215,579286
995215,168402
995215,780037
995215,792590
995215,668368
995215,897168
995215,39756
995215,47185
995215,411516
995215,843335
995215,576822
995215,312142
995215,1160623
995215,1073695
995215,594804
995215,486093
995215,623970
995215,305498
995215,612063
995226,1019279
995226,827193
995232,388933
995232,1064425
995235,386776
995249,644721
995249,615945
995257,110151
995286,86744
99531,734142
99531,843335
995310,1026121
995421,386402
995445,884911
995445,961059
995445,113407
995457,114281
995512,772795
995555,848909
995555,1044597
99558,709906
99558,842282
99558,577982
99558,386402
99558,449515
995581,628933
995581,988151
995581,267916
995614,1075432
995652,1040053
995652,701174
995652,570508
995652,430632
995652,484797
995675,918846
995675,168402
995675,89672
995696,612500
995712,81474
995712,984704
995725,852035
995725,853945
99573,580352
99573,375628
995759,771352
99578,1136077
99578,107759
99578,610472
99578,75622
995875,283575
995927,1141622
995927,923441
995929,758614
995973,368177
995973,586110
996008,944520
996008,116031
996008,77069
996008,438888
996008,921608
996008,277432
996008,912414
996020,50398
996020,677221
996169,346616
996169,414919
996176,794877
996176,259022
996211,393008
996211,268523
996211,43281
996211,225669
996211,478648
996211,639972
996211,820664
996219,186277
996219,800585
996219,958697
996219,221021
996219,620876
996219,935378
996219,577982
996219,1011854
996219,358912
996219,932202
996219,386402
996223,545819
996223,464436
996224,908724
996224,457928
996224,827580
996224,1103415
996224,508348
996224,827193
996224,433139
996224,906778
996224,554382
996224,803946
996236,870054
996236,435435
996268,847352
996268,453075
996268,913964
996294,754028
996294,522474
996294,909773
996294,237540
9963,212204
9963,776187
99633,746441
99633,23055
996438,900143
996438,707536
996457,883646
996457,544405
996457,1102969
996479,169203
996479,165837
996479,779477
996479,536741
996479,550694
99662,1085949
996691,1151246
996691,979196
996691,989753
996691,1054121
996699,718393
996699,168402
996699,78761
99670,843335
99670,870765
99670,492242
996705,806129
996705,437949
996723,668503
996789,945107
996789,709541
996789,808078
996789,287495
996789,188827
996789,683124
996789,697138
996789,112062
996789,559943
996789,329680
996822,934889
996860,943208
996860,397918
996860,68383
996860,1054675
996860,1123835
996877,1044597
996877,554382
996877,778283
996877,843335
996877,642208
996978,379423
996978,51552
996978,240350
996978,770791
996978,117948
996978,81699
996985,16816
99704,1033120
99704,322788
99704,1083938
997043,663393
99709,214166
997098,220833
997098,554589
997098,778088
997157,1017710
997157,353259
997157,70253
997184,567178
997184,134736
997184,719653
997184,973763
997184,369938
997184,884911
997184,353332
997214,334720
997214,240350
997214,717102
997219,376483
997241,1144719
997331,58241
997331,465160
997331,155178
997350,104222
997350,1143926
997364,1031538
997376,1121275
997376,565159
997376,398186
997487,674445
997487,547803
997487,216223
997521,543477
997524,492257
997524,789881
997524,1056584
997525,489940
997590,1103415
997590,370329
997590,996224
997590,156182
997590,256714
997590,60737
997630,90040
997646,663679
997646,815697
997646,725540
997649,853657
997649,843335
99769,192802
99769,780354
99769,27168
997700,33605
997700,290017
997700,862159
997700,386870
997700,1013132
997700,526047
997700,402834
997700,554382
997723,770188
997723,642205
997723,789171
997723,77623
99773,762374
997755,1002351
997755,835005
997755,533007
997755,44845
997755,786492
997755,1123012
997755,702508
997755,1006329
997781,669121
997781,453199
997790,62306
997790,841492
997790,1073341
997792,1044597
997792,51947
997874,546848
997875,817716
997879,503400
997879,958697
997879,796839
997879,800585
997879,118048
997879,721455
997879,511457
997879,887528
997879,186277
997943,1135836
997943,1007378
997962,1038004
997962,505269
997962,287097
997962,1054758
997962,236980
998021,206144
998024,566369
998076,812341
998076,407642
998076,149052
998076,454350
998076,226322
998076,843335
998076,581486
998076,1107001
998076,848843
998076,912442
998080,933141
998080,1124707
998080,668368
998080,1056230
998097,642205
998097,685013
998097,995215
998097,45877
998097,506839
998140,491391
998140,743895
998140,1017699
998140,1056259
998221,155433
998221,467650
998221,381985
998226,326301
998420,764617
998420,1050159
998420,339379
998420,437949
998435,766948
998435,1044498
998435,923156
998435,175444
998435,549259
998492,1082884
998492,1141857
998492,283423
998522,1013444
998522,366512
998530,949678
998572,154325
998572,147071
998572,586016
998614,630125
998662,1008543
998671,320351
998671,1093914
998671,813634
998671,1005022
998671,4880
998698,220128
998698,1133334
998698,109304
998698,764084
998703,474218
998703,451830
998703,15704
998703,761787
998703,960553
998703,130045
998703,836941
998703,1122475
998703,1134524
998703,1082418
998703,10143
998703,1040074
998703,73095
998703,988519
998703,34052
998703,775108
998703,1140817
998703,559943
998703,1115587
998703,40495
998703,337040
998703,614662
998703,350424
998703,130125
998703,1089176
998703,353353
998703,394399
998703,574741
998703,330021
998703,255294
998703,1136943
998724,872196
998725,820224
998760,292833
998760,122219
998760,81474
998830,360909
998856,702613
998866,909572
998866,984194
998866,662532
998866,873276
998887,885102
998887,729601
998887,1150503
998936,1079564
998936,801250
998936,898449
998936,682687
998936,1071514
998936,66324
998936,1145018
998996,1047719
998996,155638
998996,944751
998996,707969
998996,533644
999,252573
999,774218
999004,4306
999004,121742
999004,195994
999057,959092
999217,659499
999295,361215
999324,241136
999325,24459
999325,216853
999325,1133793
999365,514841
999365,312710
999365,617186
99938,252059
99938,704754
999393,802462
999393,45483
999397,760867
999397,185427
999397,433139
999419,843335
999419,113616
999419,415333
999419,554382
999419,645379
999419,759792
999419,559943
999419,554153
999425,1073209
999438,1058746
999438,604828
999438,1098437
999438,866814
999471,1086694
999553,676231
999553,640021
999553,1136464
999553,640463
999553,239718
999553,853372
999585,991999
999585,240473
999599,374215
999599,933695
999622,556920
999622,488194
999657,539849
999657,491823
999737,596158
999737,196105
999768,632635
999768,527864
999768,163473
999768,1074900
999797,786492
999807,879690
999840,489681
999840,174567
999982,668368
